99

0.0099935
0.0200311
0.0300044
0.0400162
0.0500373
0.0600427
0.0411428
0.011195
0.0114294
0.0122458
0.0124519
0.0099456
0.0101724
0.0102021
0.0100371
0.0100515
0.0097956
0.0098356
0.0099785
0.0097962
0.0097494
0.0098056
0.0098302
0.0098011
0.0098011
0.0097496
0.0097496
0.0097496
0.0097496
0.0097496
0.0097496
0.0097496
0.0097496
0.0097779
0.0097779
0.0097499
0.0097115
0.0097115
0.0097776
0.0097776
0.0097776
0.0097776
0.0097565
0.0097565
0.0097565
0.0097565
0.009787
0.009787
0.009787
0.009787
0.009787
0.009787
0.009787
0.009787
0.0097
0.0097
0.0097
0.0097
0.0097352
0.0098005
0.0098005
0.0098005
0.0098005
0.0098005
0.0097495
0.0097495
0.0097495
0.0097495
0.0097495
0.0097495
0.0097495
0.0097495
0.0097495
0.0097495
0.0097495
0.0097487
0.0097487
0.0097487
0.0097487
0.0097487
0.0097487
0.0097487
0.0097487
0.0097724
0.0097724
0.0097724
0.0097724
0.0097724
0.0097724
0.0097724
0.0097724
0.0097724
0.0097724
0.0097724
0.0097724
0.0097724
0.0097724
0.0097724
0.0097724
