99

2.52495
2.56529
2.59592
2.63547
2.68281
2.72704
235628
3.68201e+06
3.65925e+06
3.4168e+06
3.35788e+06
4.51622e+06
4.41905e+06
4.43241e+06
4.54017e+06
4.55354e+06
4.70162e+06
4.69027e+06
4.65345e+06
4.72055e+06
4.75767e+06
4.78054e+06
4.77456e+06
4.81743e+06
4.82521e+06
4.80216e+06
4.80909e+06
4.81575e+06
4.82185e+06
4.82758e+06
4.83289e+06
4.83786e+06
4.84243e+06
4.86993e+06
4.8742e+06
4.88135e+06
4.86326e+06
4.86671e+06
4.88849e+06
4.89158e+06
4.89438e+06
4.8971e+06
4.87153e+06
4.87414e+06
4.87662e+06
4.87904e+06
4.8938e+06
4.8961e+06
4.89813e+06
4.90011e+06
4.90204e+06
4.90386e+06
4.9056e+06
4.90737e+06
4.9098e+06
4.91136e+06
4.91291e+06
4.9144e+06
4.92489e+06
4.93892e+06
4.94025e+06
4.94156e+06
4.94281e+06
4.94404e+06
4.94167e+06
4.94281e+06
4.9439e+06
4.94491e+06
4.94597e+06
4.94694e+06
4.94792e+06
4.94882e+06
4.94974e+06
4.95067e+06
4.9516e+06
4.92707e+06
4.92796e+06
4.9288e+06
4.92965e+06
4.93047e+06
4.93123e+06
4.93193e+06
4.93271e+06
4.94663e+06
4.94732e+06
4.94799e+06
4.94863e+06
4.94923e+06
4.94988e+06
4.95044e+06
4.95106e+06
4.95165e+06
4.95222e+06
4.95277e+06
4.9533e+06
4.95382e+06
4.95434e+06
4.95485e+06
4.95538e+06
