99

0.0202071
0.0412403
0.0625798
0.0848728
0.108252
0.132198
4.87661
9.79783
9.79877
9.73115
9.73287
9.98425
9.96841
9.96875
9.98095
9.98113
9.99824
9.99603
9.99004
9.9976
9.99996
9.99995
9.99772
9.99997
9.99997
9.99997
9.99997
9.99997
9.99997
9.99997
9.99997
9.99997
9.99997
9.99998
9.99998
9.99998
9.99998
9.99998
9.99999
9.99999
9.99999
9.99999
9.99998
9.99998
9.99998
9.99998
9.99999
9.99999
9.99999
9.99999
9.99999
9.99999
9.99999
9.99999
9.99998
9.99998
9.99998
9.99998
9.99998
9.99998
9.99998
9.99998
9.99998
9.99998
9.99999
9.99999
9.99999
9.99999
9.99999
9.99999
9.99999
9.99999
9.99999
9.99999
9.99999
9.99999
9.99999
9.99999
9.99999
9.99999
9.99999
9.99999
9.99999
9.99999
9.99999
9.99999
9.99999
9.99999
9.99999
9.99999
9.99999
9.99999
9.99999
9.99999
9.99999
9.99999
9.99999
9.99999
9.99999
