9801

9.72105
11.1609
11.2778
11.2434
10.4822
10.5653
11.7919
10.9469
11.6139
11.1278
10.759
10.236
11.3476
10.8772
11.7941
11.6662
11.2965
11.7475
11.4269
11.2241
11.9861
11.4576
12.0927
11.5287
11.6344
11.3656
11.1514
10.9646
11.299
11.1395
11.7361
12.0977
11.6705
12.0245
11.4498
11.723
11.5512
11.7092
12.1436
12.4715
12.701
12.627
12.4762
12.9604
12.1865
12.5559
12.2831
12.4026
12.9055
13.9078
14.4367
14.8211
14.437
14.2227
14.6623
14.2715
13.9829
14.5016
14.7645
13.612
13.773
13.3465
14.0622
14.7783
13.8827
13.8916
14.4797
14.8299
14.8452
15.9723
15.7431
14.9699
15.5875
15.3063
15.1707
15.1165
15.6995
16.4239
17.012
17.701
16.7041
16.7517
16.3629
15.4104
17.1115
16.4379
17.9471
17.2405
16.9684
17.676
18.4086
16.5933
16.5267
16.9064
17.3021
18.0769
18.2084
18.2501
20.094
10.3655
10.6141
11.3691
11.7143
10.9583
11.6429
11.0746
11.6927
11.6057
11.7754
11.6551
11.0681
10.4271
10.8284
10.2648
11.0575
11.3258
11.5102
11.2744
11.4379
11.7404
11.5731
11.3643
11.1546
11.1289
11.4819
12.3736
12.7508
12.6769
12.2904
12.0181
12.0639
11.8946
12.1715
12.1966
11.1084
11.0529
11.3403
11.3369
12.634
12.8212
12.3532
12.6097
12.6744
12.8354
12.942
13.2305
13.9133
13.9805
14.0848
13.8409
13.2161
13.6966
13.6986
14.165
13.969
14.2692
14.6049
14.2657
14.1924
14.4511
14.7578
15.3221
15.3989
14.5225
15.1729
15.0713
15.01
16.3564
15.9197
15.563
15.6328
16.1745
16.9098
15.7612
16.2256
16.3645
16.226
16.435
16.1738
16.6826
17.253
16.3201
16.6152
16.9795
17.5387
18.1103
18.5479
17.9446
18.2801
19.5512
19.5108
18.1761
17.6451
18.1122
18.5693
18.1225
18.4563
18.4162
10.7282
9.82157
10.1974
10.372
10.4257
10.0637
10.7988
11.1648
12.0957
12.1862
11.4141
11.0753
10.9782
10.8516
10.8292
11.0211
11.1269
11.2116
11.5721
12.2008
12.5318
12.5249
12.0675
11.5163
12.0725
12.3197
11.5275
11.7766
11.734
12.3127
12.4097
12.2441
12.4324
12.7979
12.4462
12.6231
13.0408
12.8129
12.6836
12.4178
11.9022
12.557
13.3347
13
13.2202
14.037
13.4757
13.2102
13.8421
14.1376
14.407
14.3787
14.4102
15.2643
14.2552
14.1348
14.9488
13.6492
15.0886
15.1175
14.7053
14.5218
15.0871
15.2299
15.9973
16.114
15.5453
16.125
15.5737
15.0922
16.0871
14.9235
16.0404
15.799
16.1814
16.1027
16.1742
17.2448
16.4077
16.6779
17.7729
16.7896
18.3021
18.1332
18.061
17.9825
17.6453
16.8974
17.9258
18.2886
19.82
18.9436
18.6129
19.2818
19.5637
19.1071
18.1145
20.0209
19.4022
11.0463
11.7485
11.694
11.581
11.9607
11.6933
11.8416
11.723
11.8208
11.5699
12.4173
12.3277
12.1768
12.3155
12.2541
12.1765
12.0481
11.9975
12.3142
12.0491
11.7944
12.3417
12.4616
12.2862
12.2995
12.7586
11.7679
11.8212
12.0945
12.1282
12.5034
12.1373
11.8969
12.5846
12.4333
12.3518
12.3865
12.2789
12.4023
13.2554
12.4027
12.9355
12.971
13.3519
12.7498
13.8032
13.8342
14.5332
13.9209
14.581
14.8653
15.3355
15.2361
15.4024
15.2188
14.8622
15.151
15.2975
14.648
15.3645
14.8573
14.6737
15.0641
15.9577
15.8025
16.154
15.1606
15.5289
15.2714
16.0297
15.5622
15.7165
15.5363
16.1936
15.7198
15.5255
16.9495
16.3378
16.4361
16.3264
17.6777
17.2911
16.2244
17.7356
17.0539
18.1
17.7911
20.7828
19.1711
17.0246
18.875
17.9244
17.8047
19.1873
20.0867
19.0136
18.8843
20.0405
19.882
11.8223
12.3702
11.9447
12.075
12.3362
12.6498
11.8931
12.0479
11.5859
11.5572
12.1126
12.0119
12.0832
11.9864
12.1012
12.408
12.6248
12.8467
12.7131
12.2345
13.5219
13.143
13.2817
12.422
12.1862
12.6267
11.8821
11.9756
12.0671
12.2375
12.3909
11.7935
11.9242
12.3692
12.5077
12.3155
12.1125
13.0814
13.0953
12.9527
13.9087
14.379
13.5173
13.3293
13.3265
13.8013
15.0051
14.1422
15.3794
14.3508
14.657
14.677
15.1876
15.18
15.0969
14.3717
15.022
15.0674
15.9975
15.7351
16.3658
16.1315
15.4538
16.2751
15.9743
15.234
16.9765
17.2482
17.1363
15.9645
16.8846
17.4989
16.6167
16.5374
15.2627
15.8499
17.4331
17.4218
17.7323
18.6669
18.1096
18.2869
17.8332
16.9519
18.4638
18.7694
19.7448
20.6736
20.2755
17.3946
18.7464
20.8296
19.3372
21.3587
20.5474
20.2721
20.9906
21.2284
20.3735
11.2156
11.0949
10.6708
10.4618
10.797
11.2625
11.4284
11.8789
11.4029
10.9943
11.2346
11.1532
11.3076
11.3832
11.4233
11.3641
11.6019
12.0935
12.1594
12.8086
13.2076
12.8657
12.8441
13.4844
12.2358
12.1525
12.3473
12.1161
12.4562
12.7378
12.6384
12.48
12.5267
12.5581
12.3904
12.4991
12.8286
13.4369
13.538
13.3163
13.416
13.8432
13.7294
14.2639
14.1337
13.7183
14.7269
15.1173
15.0397
15.0406
14.8524
15.1607
15.4454
15.2645
14.9738
14.575
14.8325
16.2211
15.9008
15.6307
16.3211
16.3771
15.7576
15.8652
15.8359
15.915
15.8411
16.7898
16.284
16.3676
16.0971
17.5667
16.1103
17.234
17.5993
17.4253
17.922
16.6739
18.9251
18.1963
17.9873
18.498
17.8635
19.0902
18.8558
20.1458
20.8189
20.2609
20.5107
19.1978
20.13
19.9718
20.5758
22.0206
20.1902
22.4471
20.2757
21.9228
21.4796
10.2332
10.689
11.8589
11.6911
11.8934
12.5
12.3735
12.2424
11.9459
11.477
11.1075
11.2668
11.791
11.6199
11.8139
11.5469
12.4705
13.0518
12.9089
13.8666
13.5255
13.1502
13.3498
13.6578
12.7641
12.9965
13.6732
13.8045
13.2785
13.2353
13.6337
13.1383
13.1054
13.4757
12.8603
12.9261
13.4434
13.8695
14.0444
15.0095
14.6263
13.8967
14.0554
14.0708
15.1211
14.912
14.2215
14.2915
15.137
15.211
14.8286
15.4461
14.8276
14.7515
16.138
14.1838
14.2579
15.8202
15.4377
15.2889
15.5065
16.5377
15.9114
16.1672
17.2004
17.3543
16.3627
15.77
16.7864
17.3027
16.3254
18.2544
18.2815
17.6589
17.5436
18.1753
17.7169
18.5824
19.6982
18.148
19.1667
18.8389
19.5264
20.3046
19.7435
20.6874
23.3478
20.3516
21.9762
19.794
20.665
21.7756
22.9013
21.7616
21.9261
23.2563
22.1941
25.9976
22.8282
11.677
11.9026
11.7356
12.3467
12.6337
11.6921
11.8876
12.1982
11.8785
11.9928
12.3955
12.2414
12.6455
12.4774
12.6479
12.6379
13.4184
12.602
12.4378
12.6742
13.1721
12.9105
12.9695
12.8857
12.7512
13.2607
13.2336
13.0041
12.7202
12.5402
13.5252
13.7174
14.0544
13.774
14.2472
13.9552
14.121
13.8841
14.2553
15.0899
14.4539
14.4168
14.5987
14.5364
14.4432
14.7497
14.9343
14.9061
14.5994
15.5823
15.1601
15.2925
15.6062
15.6374
15.0115
15.0848
16.174
15.8503
16.096
17.5788
17.353
15.4279
15.665
17.5315
16.6469
18.8409
18.5348
17.6349
19.4007
18.466
17.2799
18.7744
18.5313
19.425
18.86
17.6607
18.8904
19.3473
19.3752
19.3035
18.3754
19.2573
20.1571
19.3027
19.4741
20.4221
20.2575
20.5831
20.073
20.0918
20.6207
20.7555
20.9708
21.0631
21.0002
22.1745
23.3018
22.0982
21.8578
11.8138
11.9931
12.1019
12.2122
12.0623
12.3342
12.3261
12.7072
12.4976
11.6359
11.5692
12.6946
12.2853
12.4746
12.6895
12.3851
12.5609
12.5688
12.6726
12.2744
12.4368
12.5348
12.9425
12.905
13.0522
12.6896
12.6235
12.8756
13.873
13.4706
13.2455
12.9506
13.4883
12.9925
13.9079
13.3839
13.568
13.2259
13.7121
13.7655
15.1008
14.8492
14.8096
15.005
14.3881
14.0215
14.3689
14.611
15.157
15.883
15.5267
15.8253
15.784
16.7978
16.0856
15.6122
16.9278
15.9423
16.3721
17.2174
16.8382
15.6943
16.077
16.1429
16.6842
16.782
17.3114
16.4258
18.0707
18.0149
17.9143
18.7054
20.4779
19.0178
19.4134
19.107
19.5357
19.7738
18.5462
19.6449
21.6188
21.692
21.7955
20.522
20.2347
23.1591
20.891
20.235
22.5973
21.4491
22.9693
21.9627
22.9964
23.8432
24.7291
23.3485
23.8113
24.9023
24.9644
11.7218
12.1252
12.8367
12.2988
11.8229
12.3808
12.336
13.1116
12.7269
12.6876
11.8684
12.3288
12.757
12.8656
12.6495
12.478
13.027
13.015
12.763
12.9954
13.1859
13.5545
13.8234
13.3419
14.0434
14.1329
14.4828
14.2475
15.3032
14.8712
14.4615
14.7665
15.018
14.7155
14.8663
14.1352
13.6789
14.2562
14.2058
14.3822
14.9367
15.283
15.0677
15.0571
16.5957
15.6776
16.1079
15.769
16.2542
16.8575
16.1849
16.1797
15.8234
16.9025
16.6193
16.3568
17.5016
16.0756
16.3413
16.6448
16.3042
16.6666
16.4828
17.1574
17.8636
17.8918
17.9258
18.2546
17.9167
18.7424
18.4881
18.3787
19.5393
19.3423
20.2759
20.7076
20.7834
19.3886
20.1865
21.7688
20.7384
21.23
21.5529
20.9779
21.4955
22.0672
21.6688
22.7437
22.2832
22.6194
22.438
22.5551
23.8644
24.7525
23.1207
27.4508
23.4056
24.6475
23.8459
12.7042
12.6708
12.1316
12.155
12.2601
12.3714
12.3889
12.4399
12.315
11.9322
12.0575
12.7004
12.5295
12.4093
13.4618
13.6781
14.0447
13.4416
13.1493
13.6294
13.1702
14.0212
13.9768
13.4147
13.503
14.253
13.5991
13.7639
13.807
13.8606
14.1145
14.3894
15.2483
14.9775
14.4889
14.8639
14.3781
14.7498
14.5158
15.2971
15.1562
16.1009
16.7162
16.5165
15.6898
16.213
14.8856
15.1756
15.7437
16.7773
16.2245
17.935
17.4531
17.8398
17.1894
17.7792
17.9587
17.9955
17.7307
16.8205
17.1126
19.1024
17.7138
17.1423
17.3857
17.1751
18.5392
18.0801
18.3243
19.4857
19.0002
19.3466
18.7223
20.8969
20.5826
20.2223
21.2805
20.6123
24.3832
20.9755
21.6395
21.7761
21.6758
23.715
21.3211
22.2994
22.6851
23.5311
22.0554
23.6872
23.8396
24.1072
21.4918
26.5492
25.1275
27.6161
25.5556
25.0177
25.7397
12.6824
13.1052
12.9922
12.8679
12.4859
13.186
13.0185
12.9295
12.6396
12.239
12.8737
12.5783
13.0967
12.6041
13.5329
13.711
13.2283
13.6614
13.8851
13.9448
13.7705
13.479
14.1285
13.7472
14.0033
13.9901
14.8153
14.8257
14.9881
14.8914
16.131
16.1268
15.2907
15.109
15.3886
16.0297
15.6474
15.404
16.094
15.4126
15.3052
14.8163
16.4376
16.1906
16.7013
16.3716
16.2471
15.4628
16.494
17.2786
16.9948
16.7657
18.0354
18.2075
18.1021
17.1057
17.9806
19.2373
18.5005
19.2936
16.993
18.2452
17.7462
17.6105
18.8965
17.9848
19.4765
18.7787
19.3814
20.7503
19.6611
20.2253
20.4534
22.0397
21.547
20.4286
21.4302
22.5716
20.4869
21.5294
23.3386
22.2321
20.6163
24.0222
23.4028
21.9915
21.8839
24.7431
24.589
24.5371
21.9098
25.1255
25.4526
26.449
25.7383
27.3181
25.9928
28.1846
28.2618
12.9907
13.1261
13.2616
13.2637
13.2226
13.0769
13.5227
13.1513
12.8289
12.4148
12.5009
12.8662
13.482
12.9041
13.5609
14.4334
13.726
14.2132
14.3012
14.2728
14.1735
14.3415
14.4208
14.917
15.2706
14.472
15.2566
15.0211
16.0296
15.6411
15.2575
15.0656
14.6944
14.7467
15.3798
16.305
16.1708
15.7837
16.4127
15.7669
15.9603
16.8568
16.6929
16.2069
16.9364
17.1769
16.9787
16.9751
17.4184
17.6232
17.4475
17.3794
17.8879
17.4835
18.0051
17.609
18.417
19.4756
18.3969
18.0688
19.0943
19.338
19.2103
20.5172
19.6859
19.917
23.8969
20.4625
21.1703
19.9749
19.5775
23.2678
20.5369
21.035
21.9601
22.9371
21.0038
21.6953
22.2627
23.0732
23.759
23.4209
26.6738
23.8041
25.1032
24.2941
24.7162
24.567
23.9803
24.6912
24.9496
23.4883
24.2214
26.1961
28.6473
29.0214
26.8577
28.5688
28.7396
13.2541
13.5577
13.534
14.2529
14.1349
13.9143
13.6884
13.317
13.1255
13.0464
13.4116
13.9066
14.3127
14.3967
14.2945
13.6929
14.0331
14.2638
14.2939
14.68
15.1702
14.5402
14.6406
14.8544
15.2267
15.4168
15.426
15.4316
15.9123
15.0257
15.5447
15.7262
15.5012
17.0432
16.6407
16.6343
16.4015
17.032
16.7461
17.9663
17.4174
17.2325
17.1076
18.2046
17.1406
16.9365
17.1335
17.8641
18.1612
18.7608
18.09
18.2553
18.3727
19.0641
18.7183
18.8603
18.687
19.687
20.2875
19.6037
18.7108
19.345
19.7988
20.3634
19.9536
21.2071
20.3835
20.5852
20.5349
20.9178
21.3305
20.6188
22.6021
23.0301
23.1934
23.2325
22.3313
22.1804
23.6687
22.7476
23.7822
23.4864
28.1904
23.4631
25.3513
28.0296
28.1249
26.5454
23.9456
26.5569
26.1812
25.6153
27.5317
31.194
25.8128
31.2646
30.1757
30.3139
32.9781
13.0714
12.8593
12.9172
12.9349
13.6755
13.1546
13.7769
14.2746
14.0211
13.5894
13.6894
14.1759
13.95
13.9982
13.662
13.5838
14.4112
14.5807
15.2614
14.9997
14.2394
14.9123
15.0794
15.2667
16.0869
15.8308
15.7756
15.6021
15.2918
16.229
15.8172
15.086
15.8993
15.7834
15.3765
15.2816
16.911
17.0067
18.1917
16.9197
17.887
17.0493
17.1023
18.4898
18.4158
17.2189
19.1529
18.9862
19.2191
17.9964
20.3246
19.7049
17.9575
18.7352
18.9118
22.0705
21.5206
18.8844
20.0571
21.5034
20.3876
20.8866
22.9462
21.4749
21.3654
23.2098
22.5829
23.0594
21.9488
23.5786
23.3953
21.9523
26.0027
22.8499
22.9967
25.0981
23.4557
24.981
24.3637
27.0645
29.5923
28.4394
26.1785
26.4566
24.9899
28.1499
30.015
27.3871
30.8804
28.4806
28.7881
30.1354
27.4469
28.7691
32.3394
34.2422
32.83
34.7827
33.4799
13.516
13.6418
13.9871
14.9934
14.3627
14.4224
14.7018
14.8439
14.7585
14.6788
14.6795
14.4358
14.8374
14.9066
13.9702
14.0615
14.6903
15.1305
15.343
15.375
15.4695
15.5555
15.9063
14.9267
14.8714
15.1928
15.2273
15.5624
15.3641
15.3761
15.1872
16.322
15.911
15.7882
15.7891
16.7558
16.8277
17.7013
17.0028
17.4669
18.3185
16.3665
18.6687
18.4647
18.9721
20.076
18.5558
18.3604
18.6848
19.6313
18.4876
18.3456
20.2856
18.7396
19.6527
19.9489
20.266
21.6474
20.3733
20.8505
20.6619
20.1072
19.0779
22.8978
20.1141
20.8369
22.8429
23.2073
24.5405
22.2198
23.5188
23.1581
25.4542
26.8019
23.9429
24.7435
24.4537
25.3574
25.1633
26.148
29.3161
26.4921
24.1475
31.4006
29.5061
29.0776
27.7214
31.3174
27.6989
34.2804
34.0883
30.9139
28.1231
34.5184
36.1475
33.5331
36.8007
32.4547
37.5528
14.4632
13.986
13.5775
13.4402
15.2596
15.2865
14.4343
15.0658
14.9039
14.1559
13.9041
14.4829
13.5438
13.8279
14.4194
15.3208
14.8085
14.8886
14.4047
14.5055
15.337
15.4884
15.977
15.377
15.7772
15.5939
15.2842
16.3252
17.2727
17.299
17.047
16.9096
16.8995
17.2845
16.6483
15.8922
16.51
17.3472
17.2478
16.7415
18.2781
17.8198
18.242
17.6405
17.742
18.5297
19.5361
17.6198
19.5464
19.6194
19.8787
19.5353
20.6862
18.77
21.4518
22.367
21.9372
21.5871
20.4362
21.4202
21.6868
20.5569
21.8043
22.4756
22.4313
24.1645
21.6396
21.9967
23.7285
24.1277
23.9585
23.4228
22.7322
24.2393
26.0091
24.1991
24.8749
27.8632
23.9917
25.0973
27.1116
29.7449
30.4859
28.4793
33.9091
28.2825
29.3016
30.7442
33.5511
31.3075
34.9388
30.2529
32.1168
34.2309
37.9587
33.3201
37.506
37.5608
42.6558
14.1946
15.1736
15.5015
13.9959
14.8726
15.9557
14.3454
14.3307
14.5261
14.3303
14.5
14.3234
15.2481
14.7988
15.303
15.1113
15.0948
15.7579
15.4958
15.253
14.8956
16.0578
16.4764
15.7504
16.4565
17.2857
17.1315
17.2766
16.9505
16.4635
16.9028
16.2112
16.4571
17.0087
16.7219
17.4599
16.9361
16.9169
19.0508
18.569
17.3766
19.0773
17.7886
18.391
18.6811
19.1827
18.2716
18.9003
20.4261
19.3462
19.9759
19.8009
22.2955
21.0059
21.9221
20.5783
21.3367
21.9498
21.9941
23.264
23.293
23.5764
25.2186
21.8592
22.789
24.83
25.6598
24.822
28.3802
26.9053
26.5147
25.0431
27.351
27.1225
26.4731
26.6145
30.0658
28.2561
30.8402
31.8239
32.0417
28.5324
29.778
27.9879
34.0696
32.8182
28.8298
32.8186
39.0133
36.2046
30.6779
35.1757
36.4694
35.2958
47.0263
43.1055
37.5517
41.8664
39.5482
14.2369
13.9534
14.0181
14.7596
14.1129
15.0358
14.7453
15.8999
15.3438
15.495
14.437
14.5012
15.2753
14.9831
15.9961
15.3731
14.839
15.8505
15.5866
15.7193
15.5735
15.9549
16.2512
15.7175
17.4245
16.5717
16.7551
17.062
17.3551
16.6988
19.2637
18.6924
18.4212
18.7084
19.4161
18.7689
19.2831
17.7694
17.7637
19.4057
18.8203
19.61
19.216
19.6263
19.8441
20.7044
18.2684
19.218
19.4508
19.3134
19.43
21.4337
21.4738
21.1508
21.3696
22.3913
22.4416
21.854
24.1989
22.1598
21.8578
23.229
23.9849
25.9507
24.6036
24.5269
24.2949
24.1074
28.8641
29.0462
29.3822
23.9971
27.3893
30.4432
29.1938
28.4607
29.5873
26.2551
29.1176
31.6709
34.1299
36.6708
31.3947
31.2624
31.86
34.6128
31.7296
40.3774
36.8944
33.7129
42.9064
34.5636
42.7892
44.3213
45.3686
52.5444
48.73
54.4139
51.0055
13.9389
14.8561
14.1183
15.2442
14.7893
14.9618
15.2273
15.1695
15.0694
14.755
15.7503
16.153
16.6736
16.0125
16.9232
15.9655
16.1999
16.1804
15.7109
16.3526
15.509
15.896
16.0223
16.1561
17.6318
16.3121
17.3529
18.5185
17.9763
17.9179
18.2137
18.2722
19.2105
18.9064
17.127
18.8422
19.0073
20.7324
20.6924
20.6653
20.3442
20.8362
20.9801
20.0808
18.9872
20.5016
20.6133
21.9472
23.1194
21.7652
23.4287
22.6712
20.4293
21.3556
23.1787
22.8241
24.0777
23.1548
23.9295
23.9153
24.9809
24.5717
25.0154
24.0751
26.7328
28.4126
25.7716
25.2204
27.1124
25.6418
24.8145
31.7603
26.2407
31.9486
26.6915
28.7864
30.6721
30.1121
32.5082
37.2568
31.4348
41.124
39.0427
39.706
34.9307
36.667
38.4153
40.0236
35.2859
39.0181
41.3698
36.2817
46.8027
46.7723
48.9647
43.4599
59.4331
41.0161
68.4853
14.7254
15.4315
15.0573
16.6083
16.8867
16.7082
16.9626
16.4762
16.4522
18.2354
17.8551
16.9279
17.5283
16.4505
16.58
16.9551
17.3405
17.203
16.9765
18.0864
17.0194
19.1292
17.9436
18.2511
19.0178
18.5762
17.4135
19.4069
19.4831
19.3894
19.6072
18.8825
19.0258
19.0655
19.6795
19.8781
19.9631
19.7426
20.994
20.7898
20.4332
20.1994
23.1493
20.9898
21.4589
21.2689
21.4155
20.969
22.0951
21.6818
21.8786
20.5879
22.7782
22.5779
24.709
25.5068
24.9806
25.5523
28.127
24.9187
24.6394
25.1449
24.6992
29.1303
26.2673
27.4491
28.3695
27.5845
31.8518
30.8238
31.25
34.7455
32.0806
30.8312
35.7684
33.505
33.4683
34.605
34.3492
31.6438
35.837
39.5164
39.3034
38.1145
34.0904
52.7991
39.2309
45.2619
42.9014
55.3343
50.4535
49.5717
46.3461
54.6951
57.2492
62.2778
59.8181
50.5475
67.3323
15.9543
14.6296
16.3008
15.748
14.9286
15.2479
16.1116
16.3477
16.9746
16.7301
16.8754
17.5525
17.4255
18.2269
17.183
17.7238
16.616
16.0067
16.2325
17.9572
17.9443
18.5715
20.1268
19.2537
18.4322
18.8786
18.2834
19.8122
19.8588
19.5959
20.3305
19.7133
21.8439
20.9038
21.0074
19.1509
20.8655
23.0419
22.9843
21.6026
22.6171
22.5521
21.9974
20.8455
22.2288
24.322
27.092
26.2145
25.1731
24.0496
25.1494
25.9645
25.9133
27.298
25.2711
25.3195
22.5579
26.1755
25.1157
29.6769
30.4232
28.2203
29.745
32.0574
28.1833
33.2271
31.6548
30.5631
28.2091
34.084
36.4932
29.4453
33.3956
37.218
29.0847
34.4026
38.3354
41.2919
36.9754
42.7157
40.2644
36.8373
41.1554
45.1137
44.145
45.1947
41.9873
48.2137
45.1055
42.6681
43.4047
65.226
47.2066
45.1543
83.4783
74.9393
72.2581
87.1479
94.7141
15.9825
16.5979
15.674
14.7851
16.4829
16.0072
16.047
16.1503
16.6861
17.684
16.8934
16.3348
16.4454
16.9406
16.9696
16.9142
17.4795
17.1082
17.6647
17.9932
16.5331
19.1329
19.3885
18.1587
17.8833
17.9122
17.0514
20.2123
17.5129
18.1403
19.263
19.026
20.4812
20.5675
20.1088
21.1345
21.9152
22.1099
21.7735
21.1402
23.4526
22.0595
23.5377
24.4353
23.9477
23.9014
24.1987
25.236
26.0548
24.0626
28.5432
24.6695
25.2306
24.7117
27.0927
26.6987
26.5962
25.892
26.9892
29.2243
29.5068
31.4762
31.2517
34.1996
34.6759
31.6464
37.5389
28.2813
34.4365
32.6917
36.4681
34.0929
38.5194
44.8627
39.7854
36.4707
52.4979
39.4806
46.8731
37.8653
39.0484
44.6354
50.6703
49.6439
48.4249
54.1168
57.8885
57.3853
70.2426
52.304
78.68
67.599
66.6564
57.422
76.0446
69.8443
96.6416
94.4182
133.068
16.0949
16.5222
16.1429
16.1815
16.9853
16.435
16.6583
16.8325
17.5625
16.1572
17.3763
18.6165
17.9609
18.7586
18.3669
18.6726
18.1193
18.512
19.571
17.6227
20.8212
19.0009
19.9401
18.9279
20.692
20.6618
20.685
20.9874
20.1561
22.1494
21.0288
20.7667
21.2461
22.7232
21.7645
21.786
23.3072
23.5427
22.5776
23.1089
24.109
23.8001
25.0554
24.1028
24.7822
24.7732
23.2608
26.6028
28.5717
30.2078
25.5855
25.9112
27.2176
27.1952
25.492
30.9122
27.3859
29.7049
29.9487
30.6658
33.1866
29.3571
28.5831
30.4102
32.582
34.3093
37.5937
30.7591
35.7231
37.5189
31.6445
40.9371
40.6099
43.3744
40.5852
43.3914
43.6911
38.3656
43.7982
46.7223
56.7971
51.0314
58.2296
45.8416
67.9189
46.676
48.5672
58.0781
54.1938
60.7598
62.0437
61.6908
64.4078
88.1155
81.5131
79.9095
100.728
130.529
168.104
16.6369
16.5046
17.3026
17.7176
18.6772
18.6112
18.0661
18.6454
18.8019
19.4698
18.887
21.4499
19.4352
18.4586
18.5968
18.2913
19.5711
20.2543
20.4037
19.6494
21.4528
20.8611
21.1609
20.2629
20.6966
22.8644
22.3977
21.5917
22.0832
21.0193
21.6949
22.2907
24.6486
22.3601
22.9005
23.9877
24.3615
25.3242
24.7796
24.8631
24.8801
25.4787
27.2587
28.771
26.1999
27.7511
27.5743
25.406
25.319
29.9416
27.2747
27.4778
29.1723
30.688
30.9101
27.9978
28.3948
31.1796
30.4401
31.0613
33.4958
35.8847
29.9054
32.6264
39.4407
37.7215
33.8752
35.8822
42.3319
36.2695
37.5006
38.7266
42.3991
36.489
49.3347
48.4628
44.3447
61.5053
48.7607
65.7438
46.7226
54.3197
40.2338
49.7974
69.4026
59.2951
68.229
81.1211
62.9652
113.4
90.9025
82.83
70.4967
109.217
112.761
133.449
113.322
136.172
200.619
17.9965
18.6916
18.9019
17.8781
18.8575
18.6371
20.1124
18.8993
19.3707
20.5703
19.5517
19.366
21.0548
19.5967
20.6581
20.2103
22.8864
22.1685
22.5825
21.5259
20.0248
21.7889
21.9067
22.1322
22.7027
22.9996
22.1423
24.2737
23.5938
23.0536
25.3808
23.2923
25.0833
24.2883
24.113
23.5625
26.02
25.1856
28.0506
25.6288
26.5745
25.1242
25.3537
26.8311
29.6031
27.4849
27.8473
27.9267
29.9993
28.7387
30.3807
31.6815
30.5649
30.3508
33.0737
32.6732
36.5295
30.3464
36.6326
34.8684
36.2737
35.5395
30.4297
33.7117
40.6762
38.5558
37.7073
43.4982
43.4138
47.5484
40.8141
46.9167
49.0762
71.0772
46.5029
55.3942
66.5922
67.0483
84.3069
75.0434
72.3138
53.2256
75.9131
87.9537
115.175
89.9348
124.076
100.478
72.7
93.9362
161.671
77.2093
135.248
135.435
81.0595
128.444
138.464
154.586
253.391
18.129
17.3024
17.6583
17.2472
17.8748
19.5255
20.4236
18.8587
18.7734
18.0058
19.6187
19.5064
20.4834
19.327
22.5728
22.7404
19.3849
21.5437
22.1788
21.8727
21.5686
21.281
22.8679
22.102
23.5964
23.6269
23.0401
23.0439
22.7089
24.1644
22.7374
25.2896
25.6105
28.0859
27.0753
26.2724
28.3437
25.0496
28.73
27.7762
28.8315
29.3797
31.1514
27.9278
29.4775
27.0017
28.509
28.9846
28.247
33.5271
34.7696
32.7683
30.251
34.9994
39.1432
30.4346
35.7861
35.1599
40.197
34.2292
34.5375
37.3207
44.1874
41.0391
42.9202
45.855
40.402
56.7761
48.83
46.7353
51.3676
78.1813
76.3186
51.7846
69.1961
60.8345
55.2428
71.9367
89.5678
89.6772
84.2424
94.3363
115.489
82.8426
84.1265
82.4141
99.8241
112.953
133.177
143.146
118.38
129.969
109.81
184.468
230.502
225.353
135.67
341.198
156.233
18.5564
19.0684
18.8208
19.3854
19.1413
19.5593
19.8485
19.6282
18.6727
19.3366
19.4372
20.4933
21.3194
21.1364
20.9068
21.8937
21.7836
20.7574
23.1756
23.6198
21.8622
22.4355
22.9099
23.7009
21.1051
24.4938
25.3049
24.7553
25.3099
26.3041
25.9704
27.3194
27.6198
26.487
26.135
26.8255
29.3281
27.0424
28.4907
29.8232
28.741
32.2972
29.8913
27.7005
30.45
32.6418
28.8329
29.9307
33.7872
36.2406
40.3703
35.7683
35.3248
39.1333
31.9669
34.0342
36.1877
41.7262
37.4675
39.672
43.4463
56.7529
55.2681
49.4669
48.7298
49.2317
53.022
60.915
53.3987
63.7252
65.4453
79.8754
71.1639
71.9097
72.7009
64.6782
90.3897
59.556
105.236
74.469
110.076
108.025
103.52
103.676
126.643
107.935
98.7047
229.466
128.544
172.812
150.657
142.747
251.106
318.486
230.128
404.165
398.836
364.676
240.97
20.3434
18.7077
18.0737
18.3582
21.4523
18.0494
19.3971
19.5606
22.1433
22.2204
21.0717
21.1921
22.9178
20.4006
22.1574
22.6573
22.084
21.8995
23.7889
25.44
23.9304
23.7593
24.9402
21.9664
24.5951
25.5195
24.9674
25.5251
26.2162
27.1912
26.7283
27.1196
27.1078
28.6655
26.0514
30.6259
25.8152
30.7303
27.6858
31.9763
29.5907
33.0504
32.0243
34.4117
31.267
31.83
33.9324
37.6573
31.2208
41.5096
38.3376
35.3329
35.9336
36.4458
38.4915
41.0671
40.1395
46.2793
50.2894
40.9904
51.6506
71.3503
52.8215
56.2778
64.7503
75.1772
56.0775
83.4747
74.9889
72.0452
67.9002
62.9211
61.8258
114.991
83.2584
74.7606
120.79
94.37
151.376
74.182
111.718
180.526
123.724
140.64
145.178
158.043
279.314
278.286
110.3
262.727
217.105
255.65
282.463
282.394
299.523
350.288
471.422
205.601
437.214
19.5761
19.3263
19.6798
21.9697
21.071
19.8679
20.8674
21.3071
21.7552
21.6309
23.0084
22.663
23.337
23.8125
23.1449
22.4423
24.7016
22.9966
23.7591
24.1413
25.2122
23.3723
25.4685
24.7002
25.4356
24.0643
26.899
28.8044
29.6811
25.3804
24.878
29.8013
28.1711
29.369
28.7349
27.9384
35.1451
31.2982
29.1923
35.1642
34.3496
34.0289
36.2612
33.4116
34.2811
33.6976
38.5258
33.0751
40.3585
36.4756
41.741
51.2312
44.8986
39.2626
40.0049
49.6928
50.9569
42.1228
48.9848
46.3166
58.0915
61.5195
67.9239
75.9744
55.0027
78.3243
53.6416
75.4277
90.825
83.276
91.6767
71.0506
100.584
114.05
92.9635
98.9714
98.7947
115.533
280.394
178.56
122.091
196.701
173.284
201.402
163.713
406.066
286.076
260.234
403.11
402.994
468.986
495.316
395.835
336.517
462.306
484.335
346.408
436.234
411.075
19.658
20.2592
20.5117
20.0096
20.9926
21.2546
21.6402
21.5888
20.5304
20.0256
20.1969
23.745
22.8754
21.7607
21.9955
25.9765
24.1462
26.7619
23.4177
23.8827
23.8017
24.7313
25.6008
24.679
28.2597
27.2785
30.3474
30.5894
27.8999
32.1251
29.1234
29.3001
33.1188
34.3598
29.759
32.4042
33.7235
33.8124
32.4421
38.2501
37.5576
32.5566
37.8498
41.9215
34.4717
36.3987
40.0737
54.4899
50.3317
43.5351
43.3616
43.8724
61.4731
49.5539
44.1982
42.2179
56.3708
53.9122
47.0346
62.0506
76.2793
68.0176
87.2187
60.0918
69.4159
65.9654
77.279
89.3942
69.8449
153.573
108.091
133.335
141.365
129.298
140.956
210.93
114.399
206.279
260.817
174.933
208.239
300.48
396.403
314.32
260.485
253.346
368.55
382.195
458.836
373.756
526.545
388.178
507.117
567.939
433.545
434.873
639.958
506.218
511.951
20.0578
24.8277
22.7263
21.8704
22.8062
22.808
22.9992
22.2254
22.3603
25.0155
25.7797
23.9261
25.5885
24.2128
24.2571
24.9482
22.9729
24.6714
28.4724
27.9655
25.2592
24.0163
25.8871
32.1495
29.9725
31.2608
31.6221
29.2395
30.2504
29.4057
28.239
35.6164
30.8333
37.6071
36.9272
34.1372
36.3337
35.3681
38.1811
34.3864
38.121
40.4935
41.6713
39.6352
44.0499
47.9316
42.4834
41.3275
47.3732
71.7796
70.4713
60.1392
49.0029
58.7109
67.4341
62.418
62.3044
75.3608
58.1001
73.1174
97.3312
66.2854
122.277
106.298
64.4783
91.106
124.604
113.56
97.0038
94.4533
107.915
213.002
270.483
274.494
194.911
146.782
213.448
238.573
252.915
284.014
275.482
386.534
247.923
337.64
440.804
595.042
541.642
554.846
526.251
541.419
463.516
597.601
631.659
526.648
474.342
519.511
507.96
718.52
756.476
22.7083
24.9314
23.2664
21.5035
23.7221
24.9428
23.2005
25.9346
23.6325
24.3197
24.2921
24.8839
26.024
26.6077
26.3574
26.47
27.0802
28.0204
33.048
27.312
28.3625
27.489
26.6108
28.3721
30.8097
30.052
31.5116
31.0755
35.7427
32.7793
28.158
33.2611
36.1103
38.3662
41.9296
35.9204
42.5257
37.1838
44.3493
47.3369
39.8975
34.5546
38.167
41.5893
46.8333
54.0557
51.2679
49.2653
54.4431
50.8724
52.0744
54.4837
62.2203
67.7271
69.6086
64.5694
81.6393
127.715
122.342
109.533
127.75
190.33
112.093
191.081
110.255
182.547
179.223
250.628
148.841
196.195
191.936
173.156
196.543
304.584
237.287
259.626
314.449
290.697
348.657
363.719
243.949
476.023
522.634
481.45
530.92
514.901
504.921
544.439
411.756
640.67
668.346
624.778
603.611
556.669
628.866
646.026
721.417
708.864
915.272
24.0505
21.5726
27.2474
23.6317
23.1006
25.0018
23.8306
25.2277
24.749
26.872
26.4306
27.5112
26.9913
26.6881
28.8297
32.6642
26.9621
30.1481
30.9009
26.4224
33.1623
29.4033
30.5422
34.8749
32.4463
36.0678
36.5402
35.4656
35.0701
35.6539
30.9838
35.6948
38.6544
40.5287
42.1113
38.6479
48.5161
45.7136
41.8908
45.9804
44.6281
39.6986
50.404
56.193
71.5381
78.5579
63.8702
68.3234
67.0045
79.1204
87.408
96.7612
68.0279
58.7794
105.849
82.8554
136.349
70.5079
88.7364
103.549
99.7587
103.914
104.613
118.555
118.24
157.85
154.013
248.633
215.595
209.281
127.939
163.169
292.657
285.03
337.508
349.262
384.78
427.452
380.13
413.776
434.196
449.919
432.71
574.509
616.175
540.944
552.759
675.196
646.813
518.93
688.189
605.552
676.948
667.316
718.433
729.302
949.325
967.753
978.48
26.0779
24.6685
25.3629
25.5
25.8338
30.1551
25.1181
26.2786
29.4376
28.8015
30.1448
30.191
30.4445
32.5452
29.2281
33.7493
31.3338
32.0938
31.2627
31.4214
33.3211
32.5481
36.3593
33.066
41.321
39.4534
34.4205
42.4631
34.3545
39.4581
36.5305
45.5057
44.8268
41.9858
44.9739
48.7942
49.0125
58.2442
51.8242
54.1354
58.91
44.6257
87.3623
63.8862
78.8544
74.5757
71.6781
105.499
74.5621
74.4308
70.6039
88.1596
73.6365
100.863
94.3328
153.855
88.6116
151.713
206.34
143.581
143.843
149.253
274.3
261.859
224.42
415.518
257.571
303.724
291.644
331.424
335.109
535.676
467.624
477.892
493.571
403.8
469.399
562.371
532.831
611.982
437.584
410.005
514.461
587.667
686.726
581.061
770.079
711.313
672.266
668.911
754.689
663.245
770.827
779.647
912.332
735.7
875.575
890.743
847.179
26.7216
26.0713
26.7018
26.0998
26.0863
25.9213
25.7872
26.8603
27.5997
27.5028
29.0574
30.7639
32.3806
30.9412
30.7001
33.3772
31.2951
34.041
34.7932
32.8911
31.702
32.0581
35.1708
36.8348
37.8632
44.6717
45.2332
48.412
49.6191
39.6373
37.4763
46.8967
64.4988
58.2315
45.6211
52.0329
53.4351
64.41
53.7282
54.2304
84.6169
73.7568
71.997
112.479
123.618
98.4506
109.939
107.813
93.0277
118.446
78.4965
127.37
137.63
155.161
121.368
159.803
166.327
384.596
150.698
372.214
261.556
131.616
209.023
346.278
247.342
274.264
311.344
343.151
413.962
356.047
463.396
442.399
604.784
438.827
442.368
558.013
479.662
574.093
623.308
429.226
699.267
609.598
586.489
648.323
805.122
609.588
848.836
726.897
722.367
884.024
894.469
913.577
926.975
896.584
728.054
789.197
835.795
853.939
843.469
30.6232
30.2849
30.5106
29.9351
30.0234
29.6984
28.0204
27.4892
28.3087
29.2296
34.0028
33.3345
35.0639
31.6424
36.095
37.0434
32.8966
38.3155
45.4142
38.8206
38.9415
33.8345
37.5248
38.9068
35.9849
50.4922
46.4507
44.4872
58.8432
48.6937
43.1849
54.0622
51.3831
55.336
64.7703
72.0438
59.6621
57.0244
59.5415
76.4773
60.2229
72.5316
88.437
76.0505
102.67
118.829
119.711
115.49
108.053
77.0138
119.394
243.158
112.85
129.588
219.809
227.025
340.383
284.666
225.532
146.322
327.594
372.043
278.048
230.992
349.257
506.664
548.452
374.972
479.811
476.213
421.125
611.038
739.386
733.078
746.371
646.903
742.531
648.515
657.273
711.491
764.395
679.106
798.097
679.44
718.238
846.886
858.485
835.577
812.047
829.51
870.121
734.478
753.459
765.346
774.755
901.942
1038.97
1019.59
1082.16
30.0664
32.185
30.2853
31.5056
32.7072
33.7245
36.2209
32.2201
36.8628
32.1158
37.3903
30.5573
39.9322
40.4524
37.0374
37.6639
37.2265
34.3796
35.3577
44.3718
43.8046
43.1237
62.5239
44.6018
41.2413
51.9913
51.2983
57.6141
41.825
45.5979
46.099
53.878
67.0318
63.5006
92.8084
63.2619
107.227
70.3759
77.9248
84.0165
105.201
137.079
105.606
152.326
127.668
123.946
125.897
206.108
195.086
211.595
250.123
188.349
312.483
206.585
239.945
191.636
458.685
298.335
334.097
529.823
390.085
512.879
577.901
455.77
497.33
450.128
600.438
590.148
541.845
553.603
625.884
616.117
629.676
627.085
676.832
598.794
651.149
643.956
661.219
591.112
705.728
634.583
899.739
832.779
945.502
869.428
836.495
1027.43
867.056
855.133
875.616
1042.83
1057.9
1078.82
944.675
1155.47
1166.76
1177.54
1206.54
37.1015
29.1252
32.2484
34.2322
33.0778
32.5731
34.5706
35.215
36.5031
35.5118
37.5127
34.2999
38.7442
41.5774
40.2046
38.2885
39.9134
51.2432
54.7262
42.0957
46.7749
55.4933
51.4298
57.6341
64.0901
46.9031
54.2244
52.0901
71.6184
85.6921
87.3773
93.8391
66.5287
76.1315
80.0456
62.2335
182.813
162.584
166.857
161.107
126.238
100.51
97.5191
108.489
280.873
190.89
419.676
191.32
218.869
345.16
244.302
349.186
351.925
257.425
410.08
410.693
410.575
509.415
427.005
535.77
595.867
607.206
601.032
715.69
566.171
465.893
529.705
526.051
740.131
689.641
723.97
703.261
723.124
665.354
680.239
613.664
645.209
848.364
791.299
764.814
803.3
998.936
903.447
1047.43
1065.89
978.334
872.087
864.928
872.133
906.443
810.976
1145.41
1128.22
1141.48
1190.67
1073.52
1005.12
1081.75
1095.88
32.5672
31.083
32.5494
40.2876
41.9495
38.3591
37.824
33.3862
38.2956
32.5203
36.9534
43.6305
51.6764
49.0886
44.6766
51.7885
45.2847
49.527
51.6041
46.8653
44.6223
56.1577
66.1573
65.0578
63.5756
65.9817
75.1877
74.2276
77.7301
70.5695
65.94
65.3623
79.6489
114.383
174.082
136.238
108.867
103.18
130.771
133.942
241.395
170.195
146.544
217.502
248.42
361.532
348.389
421.641
469.738
360.384
229.495
302.731
442.065
580.627
460.388
427.724
503.668
619.536
627.054
594.608
638.332
653.642
522.56
664.218
635.301
751.419
651.618
558.112
770.056
611.795
579.091
788.752
856.604
617.9
693.221
870.338
880.98
882.513
894.33
843.123
837.297
1044.25
912.34
1047.66
910.337
1104.51
1120.8
1104.16
1133.6
1081.56
1098.39
1107.22
1126.87
1139.69
1147.63
1120.66
1176.27
1188.96
1178.85
33.2156
34.9105
38.7157
35.8
38.167
44.0065
46.5179
49.3072
53.1079
41.9024
45.1404
44.7653
44.1315
60.7633
43.8045
50.0307
73.2637
50.2695
52.6954
55.0332
60.6743
51.1969
52.4427
63.0868
87.48
116.337
125.743
120.458
71.028
178.392
193.763
98.5208
137.535
246.32
219.97
293.157
168.685
186.392
321.064
305.218
133.539
188.548
271.203
212.321
345.061
335.007
489.699
377.016
363.706
431.717
387.82
450.914
493.939
469.082
532.79
563.371
601.343
605.503
591.462
770.844
574.97
630.405
604.151
795.566
898.482
780.789
838.68
866.011
887.055
906.684
860.772
850.484
845.674
975.743
991.82
1009.05
1100.5
1019.65
879.261
895.008
891.972
905.039
890.469
1146.79
982.551
924.71
1046.16
995.361
1137.32
1207.54
1221.23
1231.54
1236.62
1245
1252.41
1071.09
1367.48
1377.05
1383.27
49.1998
42.6925
40.3485
47.2651
40.0162
43.066
60.0228
48.6985
42.8311
47.222
61.7327
45.6431
68.0767
56.2162
52.2811
49.4596
66.765
65.6915
73.4635
113.671
68.1213
79.2442
73.9588
86.4108
127.275
94.0813
96.0097
94.2157
96.974
155.588
207.354
127.637
181.22
212.715
314.883
385.602
244.557
102.855
284.404
421.389
248.078
336.42
411.57
418.395
418.848
415.72
278.363
400.173
599.75
621.264
641.189
658.563
647.111
660.039
766.88
783.038
711.489
798.317
802.84
653.537
756.016
689.709
796.559
811.761
850.208
1067
981.88
843.82
855.269
871.535
961.434
968.338
951.457
1032.57
1045.92
1060.47
1150.59
1075.69
1030.55
994.809
1115.44
1071.87
1139.01
1192.17
1029.93
1132.34
1054.71
1047.88
1193.59
1277.46
1290.09
1275.17
1059.36
1077.24
1139.11
1245.89
1409.82
1419.1
1425.14
50.835
42.6698
46.7303
41.2836
50.9376
52.7563
49.5916
50.3826
65.98
63.5026
59.9002
64.4395
63.5556
63.4522
134.994
81.1254
105.472
90.0582
66.6307
117.841
103.35
106.995
154.264
96.9661
255.237
239.408
200.592
169.092
149.024
156.688
168.994
258.712
281.021
252.386
289.865
302.842
255.535
405.132
328.247
356.497
444.307
321.935
548.721
453.713
521.459
410.142
534.569
622.748
613.575
514.936
479.866
484.449
596.161
748.923
500.78
623.757
573.597
695.791
799.95
742.208
876.694
773.869
737.14
702.509
803.897
818.259
835.648
924.54
854.87
840.48
946.909
948.246
1128.12
970.152
982.032
1115.6
978.132
998.847
1012.95
1057.16
1144.36
1078.11
1177.24
1160.93
1168.48
1045.25
1130.89
1141.56
1205.03
1327.5
1344.52
1276.53
1303
1461.06
1468.74
1486.72
1501.62
1513.36
1535.1
64.3486
56.3517
47.8319
60.6677
80.502
57.7854
50.7323
62.2163
68.4843
60.042
58.0743
92.7459
102.72
84.718
96.7209
83.4505
91.8302
111.659
145.178
135.881
90.0117
190.041
301.649
272.51
312.665
211.343
242.951
231.311
239.519
259.407
296.463
275.702
346.638
335.714
400.676
360.762
489.309
278.565
361.444
500.271
473.306
507.16
466.532
549.027
529.757
589.111
421.583
632.076
668.722
573.452
683.069
696.324
664.339
701.001
637.875
770.962
917.55
764.831
781.572
684.401
872.115
819.714
950.408
990.223
955.433
1027.12
982.926
992.705
1014.35
1077.5
1105.13
1000.5
988.824
1083.43
1156.9
1006.71
1018.48
1039.65
1190.28
1295.05
1315.95
1204.29
1219.75
1217.67
1288.61
1310.7
1321.36
1331.27
1344.13
1334.77
1356.71
1271.16
1291.33
1356.55
1367.44
1378.84
1392.36
1397.49
1410.65
47.5345
65.0991
61.3228
59.87
63.3488
65.678
63.6843
68.1738
77.4205
69.9274
87.2285
109.794
122.189
104.718
153.81
109.889
211.108
104.191
99.752
229.329
158.881
130.307
319.539
329.453
176.612
187.975
242.399
197.245
394.582
352.525
370.512
290.593
518.057
494.036
528.062
455.181
431.302
415.056
529.468
624.072
736.53
725.066
724.056
736.797
655.948
726.079
744.023
788.714
809.459
672.524
636.809
606.556
689.464
682.732
793.783
788.213
785.229
900.824
855.455
917.867
989.433
903.375
917.225
1029.19
1038.21
1047.14
945.771
985.405
996.291
1010.05
1158.49
1192.24
1099.87
1113.53
1111.8
1126.69
1112.59
1111.69
1239.96
1255.12
1253.64
1387.76
1398.59
1273.5
1249.35
1267.65
1282.8
1288.82
1303.68
1345.2
1364.51
1353.43
1367.86
1484.7
1381.65
1496.5
1509.29
1514.15
1480.37
76.1573
77.7561
99.9086
70.172
92.3051
113.612
66.9276
79.2588
94.2465
125.651
119.298
90.2261
126.763
181.756
174.624
172.945
190.261
172.942
210.932
216.544
310.502
277.294
272.335
277.704
248.983
404.723
301.096
301.391
445.139
481.629
426.673
529.117
627.701
542.089
445.988
481.553
642.066
590.248
644.444
655.051
776.049
779.803
790.55
742.128
818.03
852.252
867.981
815.604
867.999
723.251
691.617
681.668
777.621
812.866
917.357
919.154
937.372
966.976
1001.07
1027.78
1040.06
1148.5
1162.92
1043.74
1129.48
1116.82
988.707
1076.11
1083.79
1092.07
1013.86
1222.79
1229.78
1129.05
1149.24
1174.84
1187.56
1171.08
1289.5
1280.69
1300.16
1446.02
1456.57
1375.03
1382.68
1419.33
1425.76
1449.98
1465.4
1476.91
1388.38
1402.55
1451.78
1538.68
1417.68
1542.39
1554.83
1559.55
1532.54
66.4425
83.0994
63.2365
63.7936
92.1987
85.934
119.463
139.831
173.613
150.544
266.069
185.157
103.64
243.209
227.674
255.497
292.615
189.473
186.12
192.158
366.066
184.326
248.572
383.243
374.678
510.931
612.867
625.36
373.114
623.958
330.078
501.282
603.766
621.744
539.51
482.437
632.255
609.749
596.383
642.114
641.973
654.736
671.26
698.255
739.723
802.927
814.414
866.862
886.292
818.598
735.834
897.31
946.38
926.608
937.186
991.502
910.639
1028.05
1062.62
1042.17
1076.14
1100.7
972.731
1072.34
1155.79
1174.24
1183.94
1196.72
1207.21
1053.91
1238.26
1179.52
1198.65
1276.33
1283.41
1291.54
1304.52
1309.93
1216.43
1417.1
1404.9
1414.99
1358.95
1301.65
1309.71
1340.48
1351.32
1464.9
1449.29
1461.84
1408.95
1425.71
1440.31
1585.5
1405.1
1578.16
1591.97
1604.45
1476.68
137.295
85.7578
137.442
121.546
123.561
87.0997
131.289
221.143
227.245
221.283
348.113
340.278
340.213
336.096
267.533
273.233
293.703
189.822
413.737
415.235
489.433
646.327
510.148
450.521
465.179
513.788
492.167
564.292
626.1
595.797
514.895
587.956
540.009
621.493
645.633
888.771
900.2
915.848
932.406
732.682
631.461
678.948
857.681
870.016
708.286
802.382
827.587
878.037
913.401
920.856
828.366
965.312
985.088
989.626
977.421
996.34
1003.92
1046.34
1075.05
1098.43
1117.07
1039.53
1159.83
1165.99
1138.85
1156.69
1153.98
1123.3
1134.53
1147.79
1244.15
1128.58
1141.1
1366.86
1375.73
1392.43
1357.32
1341.17
1356.81
1378.12
1387.67
1399.61
1403.88
1497.49
1511.1
1530.28
1541.11
1489.38
1462.5
1479.19
1573.08
1584.44
1598.25
1545.77
1604.58
1612.78
1621.25
1634.1
1648.08
140.52
94.9614
171.247
159.702
147.574
240.831
258.128
315.606
183.156
332.08
213.509
439.756
277.45
490.572
482.552
400.711
450.321
431.45
474.63
482.904
561.319
382.6
597.032
603.826
467.373
498.936
578.868
595.076
613.108
578.66
673.225
630.104
637.72
652.181
587.474
816.503
728.249
846.397
827.724
770.801
796.823
782.246
903.122
951.301
966.962
887.884
903.295
948.138
933.542
1012.91
903.754
944.587
1000.41
1016.65
1057.38
1048.13
1056.23
1093.66
1085.01
1188.65
1199.54
1215.39
1234.19
1100.66
1194.31
1172.78
1181.2
1254.28
1343.51
1254.21
1267.78
1284.02
1293.92
1231.63
1238.27
1249.4
1257.9
1488.51
1491.92
1504.64
1515.07
1434.32
1444.18
1457.06
1463.79
1329.35
1345.1
1688.88
1602.56
1611.43
1572.38
1581.31
1505.44
1629.84
1608.66
1653.3
1662.79
1671.09
1684.72
155.001
330.009
286.68
153.33
220.865
159.918
423.129
211.063
238.356
399.707
452.623
491.954
399.939
303.642
460.327
428.119
415.09
414.647
730.861
725.215
664.843
539.973
675.352
631.328
540.251
548.938
482.599
696.581
664.497
808.999
706.418
802.726
770.992
781.456
797.08
721.893
731.543
791.231
973.338
776.516
926.561
985.43
943.145
831.541
1095.55
1108.44
1125.33
992.825
1008.74
1019.95
1044.72
929.215
1077.27
1047.11
1058.13
1079.53
1278.82
1265.74
1231.91
1241.11
1251.59
1266.97
1285.14
1156.08
1295.36
1279.69
1296.5
1304.54
1323.31
1320.43
1333.7
1342.74
1347.98
1216.86
1443.44
1454.5
1296.85
1527.11
1542.42
1554.79
1564.88
1479.48
1489.07
1501.62
1508.09
1434.04
1449.98
1731.58
1648.04
1656.67
1614.7
1623.41
1546.02
1669.83
1654.03
1696.05
1705.27
1713.38
1726.8
180.438
223.194
307.677
152.004
376.732
256.289
278.199
373.02
501.915
401.223
423.688
497.603
615.717
453.321
431.157
681.524
565.639
609.958
512.254
509.635
595.773
751.104
709.522
727.497
665.085
827.654
811.596
794.85
646.374
687.027
790.23
804.22
915.801
927.682
834.249
813.858
886.857
823.425
896.086
906.579
1087.04
1100.44
1114.78
1130.24
1145.49
1023.21
1023.95
1066.19
1084.22
1163.11
1157.99
1266.77
1279.02
1330.92
1341.63
1350.68
1245.02
1167.89
1212.47
1332.59
1341.06
1291.14
1191.82
1236.75
1421.22
1436.51
1442.68
1452.61
1461.1
1473.93
1356.02
1446.99
1470.31
1478.28
1483.68
1496.97
1519.21
1632.99
1640.15
1474.19
1496.84
1689.72
1701.35
1706.68
1713.62
1741.44
1688
1668.82
1717.59
1727.14
1736.29
1751.04
1758.83
1773.79
1788.61
1804.14
1814.97
1823.01
1839.58
346.094
346.82
405.04
377.819
387.765
414.411
447.558
517.486
532.634
559.347
419.015
354.798
559.395
791.551
573.352
589.598
636.017
541.831
594.364
491.495
676.914
740.061
718.601
822.292
659.292
869.804
877.897
710.642
791.481
704.507
873.34
825.594
917.17
824.086
1090.38
869.813
918.157
905.8
1046.07
1059.58
1032.98
1041.79
1058.83
1021.86
1061.81
1052.69
1034.55
1169.53
1215.27
1233.16
1242.08
1257.8
1276.18
1298.12
1178.3
1097.61
1347.12
1284.44
1301.49
1347.22
1356.52
1305.33
1294.62
1351.07
1468.53
1483.48
1489.37
1499.03
1507.27
1519.81
1375.48
1415.77
1650.08
1661
1667.72
1673.49
1684.39
1698.3
1705.04
1717.45
1591.05
1605.53
1614.82
1622.14
1630.11
1714.01
1699.18
1678.81
1847.24
1856.77
1865.82
1875.15
1883
1894.71
1903.33
1912.44
1925.72
1929.95
1942.16
295.581
422.196
426.601
612.131
619.353
554.261
462.541
565.913
514.345
383.988
479.686
619.87
815.077
858.434
593.478
600.91
689.892
605.345
592.24
705.814
742.386
771.526
784.123
754.916
816.916
784.163
797.004
835.866
846.151
944.287
1010.36
904.705
927.768
943.397
1066.71
910.155
976.358
1081.91
1102.57
1118.06
1128.32
1079.65
1221.04
1174.9
1189.04
1087.75
1098.83
1253.13
1253.57
1177.4
1421.22
1156.53
1153.51
1369.62
1184.91
1095.85
1397.06
1343.98
1360.43
1405.75
1417.17
1334.47
1391.34
1509.51
1371.22
1414.06
1419.97
1492.78
1503.48
1514.58
1526.03
1387.59
1694.09
1704.78
1711.3
1716.83
1727.51
1740.99
1747.49
1634.27
1646.19
1660.14
1669.14
1676.24
1684
1703.31
1716.78
1729.22
1775.66
1785.71
1794.04
1807.79
1813.09
1829.18
1843.98
1852.75
1862.7
1870.03
1886.17
556.342
480.997
485.265
500.599
549.816
566.204
549.594
694.418
659.51
663.366
561.699
867.239
649.92
662.934
821.793
814.639
664.795
812.363
627.152
870.042
854.331
872.375
887.087
956.387
910.317
1062.99
1077.42
1064.06
1076.98
883.111
996.086
1030.38
1042.79
1056.91
1197.25
987.92
1041.16
1087.8
1067.01
1105.55
1169.04
1177.68
1188.83
1307.73
1315.51
1327.6
1340.55
1301.34
1320.72
1299.7
1314.74
1352.88
1368.31
1171.25
1306.24
1322.2
1390.48
1555.48
1573.62
1394.18
1401.58
1481.81
1502.58
1404.82
1478.6
1493.56
1508.41
1519.01
1526.85
1536.86
1629.86
1642.56
1742.67
1753.1
1759.4
1764.73
1775.04
1788.09
1794.35
1615.87
1630.99
1642.37
1649.66
1656.83
1662.19
1812.99
1824.19
1789.39
1697.41
1908.5
1917.44
1928.25
1938.76
1948.42
1955.96
1860.77
1869.65
1875.59
1887
561.803
628.492
656.458
648.492
660.84
672.876
561.618
828.977
696.099
693.274
659.319
739.706
888.382
904.422
740.83
646.777
873.02
761.383
850.782
833.15
933.681
907.976
926.799
891.799
896.064
1096.05
874.158
893.261
1166.86
1176.3
1191.08
1079.72
1294.36
1301.89
1316.38
1175.57
1185.1
1204.36
1234.25
1241.36
1301.31
1312.61
1402.29
1190.43
1204.29
1355.98
1274.94
1282.47
1339.99
1355.54
1347.76
1358.06
1370.12
1408.78
1474.63
1487.16
1498.49
1456.66
1439.47
1453.36
1526.6
1539.24
1570.85
1585.34
1465.71
1526.38
1619.67
1509.93
1519.37
1525.43
1535.8
1549.1
1710.59
1721.69
1728.61
1738.31
1755.18
1768.04
1777.56
1767.03
1779.44
1726.19
1739.35
1711.67
1715.23
1737.44
1745.03
1754.67
1747.49
1836.59
1825.82
1835.46
1839.72
1969.57
1978.27
1857.57
1943.99
1949.64
1963.18
675.87
607.398
590.594
686.691
901.707
745.211
770.856
678.446
734.424
778.43
788.129
787.627
877.966
806.144
955.048
970.125
853.121
863.984
837.396
918.066
838.209
852.402
869.798
925.048
1053.34
1077.47
998.62
1045.71
1066.91
1081.22
1093.21
986.381
1349.86
1357
1370.92
1107.22
1124.32
1140.47
1221.45
1229.21
1259.56
1258.94
1469.21
1314.18
1326.29
1341.02
1356.22
1255.46
1414.99
1340.7
1442.8
1391.62
1396.37
1412.19
1530.64
1540.25
1554.41
1566.67
1574.75
1489.26
1602.94
1611.11
1608.56
1624.13
1520.6
1702.48
1705.58
1714.19
1721.61
1731.11
1740.99
1747.62
1780.14
1788.92
1794.85
1800.22
1805.55
1815.61
1823.27
1815.1
1825.52
1714.34
1721.16
1764.47
1767.92
1789.84
1797.18
1806.48
1799.23
1876.08
1860.38
1869.88
1874
2019.85
2028.38
1972.6
1888.43
1894.5
1906.06
584.737
941.273
838.17
893.124
899.371
768.243
825.897
854.721
896.756
881.963
946.549
959.714
1104.43
1118.52
928.649
939.26
952.721
992.4
1064.47
1086.13
935.919
966.882
1061.25
1075.63
1121.78
1021.44
1053.72
1064.91
1078.62
1085.69
1294.2
1206.43
1289.82
1308.29
1323.57
1334.47
1351.43
1373.03
1390.39
1401.78
1468.55
1357.28
1499.86
1281.96
1298.32
1312.74
1322.42
1332.89
1343.84
1360.85
1462.48
1445.92
1450.46
1465.68
1539.6
1549.66
1558.72
1577.86
1586.38
1539.39
1640.77
1646.34
1663.73
1653.59
1658.91
1739.6
1742.53
1750.97
1758.3
1767.6
1777.27
1783.71
1685.71
1697.63
1703.59
1711.43
1715.37
1725.77
1734.47
1860.8
1870.9
1765.59
1772.24
1800.35
1803.68
1832.15
1839.19
1848.07
1900.35
1890.01
1916.47
1925.7
1929.64
2056.06
2064.37
1926.67
1931.76
1937.65
1948.9
746.47
768.47
815.907
792.069
967.94
789.325
860.092
856.062
924.155
936.258
989.611
1017.68
1038.2
827.897
1092.92
1097.99
995.843
1027.78
1148.53
991.329
1021.48
1038.31
1104.2
1097.86
1161
1137.49
1148.45
1169
1185.65
1198.54
1475.16
1492.4
1359.11
1370.34
1383.3
1391.58
1400.95
1420.26
1436.74
1363.87
1348.81
1357.99
1614.21
1624.11
1631.17
1504.56
1373.24
1367.5
1552.67
1562.83
1706.32
1715.23
1725.55
1735.17
1746.62
1757.25
1766.79
1779.77
1788.68
1694.73
1704.67
1709.84
1726.53
1701.73
1656.77
1792.25
1795
1803.29
1811.94
1820.91
1828.69
1760.15
1684.06
1691.98
1698.6
1708.07
1714.57
1728.7
1736.26
1926
1933.03
1825.15
1836.04
1850.65
1861.29
2016.64
1874.67
1883.77
1894.74
1901.86
1908.68
1916.75
1925.26
1937.07
1964.92
1974.21
1985.54
1997.21
2039.18
969.916
851.608
860.151
987.957
918.578
984.623
998.12
888.019
937.602
956.954
1039.31
967.308
855.088
956.653
1008.7
1086.42
1092.73
1106.33
1184.36
1198.73
1218.51
1233.53
1206.01
1250.48
1257.15
1282.26
1297.65
1310.49
1325.76
1396.87
1425.94
1311.74
1365.17
1366.23
1376.79
1386.93
1399.59
1415.65
1427.75
1397.05
1416.58
1575.35
1441.57
1451.45
1445.22
1450.83
1607.95
1626.86
1643.46
1652.09
1488.62
1661.74
1670.82
1684.18
1691.49
1706.8
1722.88
1734.13
1746.85
1758.4
1772.38
1782.22
1791.63
1800.81
1814.1
1693
1703.74
1712.56
1737.53
1751.84
1762.78
1774.49
1754.57
1847.82
1856.79
1863.5
1870.89
1877.52
1886.6
1896.15
1905.06
1915.11
1930.81
1887.2
1897.57
1905.21
2033.96
2040.82
2046.19
2054.54
2011.03
2020.8
2027.17
2035.82
2044.94
2008.93
2019.99
2031.45
1989.39
1003.96
981.42
973.873
960.43
1029.84
985.233
1089.11
1101.52
1115.21
1121.88
1007.49
1113.7
1121.16
1143.4
1140.12
1148.65
1227.15
1400.03
1410.27
1425.03
1441.99
1446.24
1456.3
1319.06
1336.14
1391.8
1404.29
1339.55
1361.58
1373.43
1384.2
1448.04
1455.54
1460.07
1471.41
1484.32
1485.16
1501.12
1524.04
1531.18
1544.03
1548.75
1558.19
1507.89
1630.03
1639.54
1646.83
1729.73
1561.53
1571.61
1588.51
1657.67
1668.3
1674.79
1718.39
1726.49
1740.91
1660.97
1639.44
1654.39
1682.54
1693.69
1705.28
1720.35
1733.47
1712.38
1717.5
1722.73
1737.67
1750.02
1822.64
1854.46
1864.25
1868.65
1873.61
1881.93
1888.06
1894
1904.09
1836.66
1846.76
2022.48
1949.58
1949.96
1961.73
1978.29
1987.7
2003.38
2018.67
2025.57
2040.99
2050.74
2052.86
2066.17
2070.78
2080.22
2087.34
2095.29
2106.96
1017.13
1034.55
1038.85
939.825
1053.55
1117.59
1061.13
1173.16
1190.33
1135.36
1125.24
1140.46
1072
1079.89
1068.28
1122.43
1067.17
1441.69
1451.71
1465.91
1482.28
1486.37
1496.16
1460.45
1470.53
1481.38
1436
1379.02
1400.43
1411.9
1422.34
1523.5
1536.53
1541.31
1552.89
1564.47
1525.76
1541.37
1563.66
1570.57
1583.08
1587.6
1596.74
1546.12
1566.56
1578.09
1586.72
1770.03
1785.28
1797.12
1809.27
1692.8
1703.23
1709.52
1756.11
1764.04
1778.12
1711.71
1673.5
1688.21
1711.7
1722.7
1733.96
1748.78
1761.71
1743.19
1748.1
1753.11
1767.82
1779.8
1851.58
1891.72
1901.31
1905.53
1910.34
1918.43
1924.42
1930.14
1939.85
1872.61
1882.55
1956.33
1977.7
1979.59
1991.12
2059.47
2070.12
2076.68
2083.21
2087.84
2105.05
2111.1
2122.42
2132
2137.9
2145.22
2152.31
2156.73
2166.85
988.34
1006.5
1016.86
1084.46
1098.49
1197.03
1097.23
1115.74
1124.61
1227.25
1190.89
1199.7
1212.21
1223.15
1232.43
1248.69
1268.41
1372.32
1382.09
1391.16
1296.78
1297.14
1307.33
1318.71
1519.62
1532.04
1544.67
1559.76
1570.84
1581.11
1460.83
1469.79
1454.03
1518.85
1539.41
1553.84
1565
1571.05
1545.97
1555.77
1571.05
1578.87
1589.82
1603.99
1592.35
1599.97
1605.33
1804.68
1816.35
1827.92
1841.14
1850.25
1859.81
1866.76
1874.37
1881.98
1887.72
1766.06
1812.97
1821.84
1827.58
1835.86
1846.16
1857.52
1869.48
1881.94
1884.34
1948.96
1955.48
1965.27
2043.81
1955.56
1966.58
2030.24
2038.42
2047.38
2054.44
2020.97
2029.99
2020.92
2031.56
2041.52
2076.66
1986.22
1994.69
2100.63
2108.55
2114.1
2126.22
2133.95
2144.75
2153.81
2159.65
2115.6
2120.58
2081.98
2113.19
2121.14
2132.06
1083.32
1098.79
1057.93
1108.66
1346
1353.43
1365.91
1246.1
1380.22
1402.42
1423.72
1437.05
1450.16
1463.35
1470.68
1483.37
1492.56
1214.76
1221.34
1233.89
1393.48
1388.01
1359.83
1365.42
1560.19
1572.32
1584.59
1599.34
1610.07
1620.06
1604.31
1614.83
1627.15
1562.31
1582.23
1596.28
1607.14
1597.42
1582.82
1590.77
1603.09
1606.64
1617.24
1627.93
1635.88
1643.24
1648.42
1722.05
1731.84
1742.91
1760.02
1771.75
1780.06
1792.66
1800.87
1806.56
1820.21
1800.91
1855.43
1864.08
1869.58
1877.42
1887.37
1898.37
1909.92
1922.04
1922.72
1985
1991.35
2000.82
1996.63
2006.85
2015.33
2022.77
2032.5
2042.88
2049.94
2058.79
2066.79
2075.18
2083.56
2027.61
2037.55
2236.22
2239.1
2121.3
2129.1
2134.53
2146.48
2154.05
2164.69
2173.55
2179.24
2143.47
2148.33
2130.03
2138.55
2146.37
2157.06
1091.95
1137.87
1075.86
1164.83
1140.03
1149.2
1244.71
1301.3
1311.12
1321.29
1304.64
1314.22
1369.99
1381.64
1395.81
1457.7
1382.96
1565.01
1574.34
1585.15
1600.02
1432.25
1441.41
1452.4
1578.6
1584.86
1592
1603.42
1612.75
1479.29
1495.1
1506.81
1520.38
1532.66
1548.46
1554.89
1566.45
1603.94
1620.62
1632.51
1634.59
1643.92
1653.65
1665.37
1677.63
1688.54
1701.99
1701.16
1736.44
1742.48
1758.29
1770.15
1781.44
1785.59
1796.04
1803.49
1815.01
1827.79
1889.98
1898.46
1903.88
1911.43
1921.12
1931.86
1943.23
1955.12
1962.2
2024.15
2030.37
2039.68
2131.18
2145.53
2152.48
2159.75
2162.73
2170.6
2175.59
2184.97
2192.88
2205.8
2218.08
2226.67
2232.54
2271.59
2274.36
2107.04
2115.7
2128.99
2053.73
2062.77
2072.83
2082.49
2162.54
2174.56
2179.29
2205.08
2167.87
2175.54
2186.06
1146.54
1159.19
1256.44
1292.16
1423.37
1434.18
1283.84
1291.44
1300.32
1347.25
1368.87
1382.67
1391.66
1407.47
1421.39
1428.48
1400.12
1445.03
1452.03
1464.19
1322.75
1333.46
1338.8
1516.11
1500.98
1515.78
1533.2
1552.64
1568.46
1580.67
1586.26
1600.69
1613.01
1621.55
1631.39
1637.71
1645.2
1754.75
1768.56
1779.21
1650.63
1659.32
1663.69
1671.27
1683.88
1689.84
1693.83
1783.43
1792.38
1798.2
1813.73
1825.1
1835.76
1839.65
1849.84
1857.06
1868.25
1880.66
1952.99
1960.62
1976.65
1983.14
1989.76
2000.62
2007.83
2021.4
2035.67
2042.97
2048.04
2053.6
2090.93
2097.13
2102.49
2115.1
2123.15
2129.32
2141
2150.87
2157.84
2166.85
2173.77
2191.67
2199.27
2302.12
2304.82
2145.76
2150.55
2179.16
2182.83
2188.41
2192.18
2199.77
2198.81
2210.65
2215.27
2257.97
2206.51
2213.96
2224.21
1379.86
1293.39
1302.37
1244.99
1307.03
1320.71
1333.06
1366.51
1374.71
1390.98
1402.74
1411.76
1429.15
1430.39
1445.85
1453.65
1459.91
1514.74
1520.06
1527.03
1536.3
1554.1
1563.33
1581.72
1590.79
1602.22
1646.76
1647.48
1656.72
1674.91
1683.05
1692.98
1699.85
1709.27
1717.21
1724.04
1735.25
1746.91
1693.44
1705.75
1716.47
1723.82
1733.69
1830.88
1839.27
1852.01
1860.34
1817.92
1830.64
1837.98
1850.48
1858.23
1859.62
1868.89
1883.35
1893.68
1940.46
1958.54
1970.6
1979.88
1965.37
1973.43
1981.12
1989.72
2000.67
2009.66
2018.08
2025.38
2033.31
2036.94
2134.12
2140.16
2145.38
2157.8
2165.64
2171.67
2183
2192.61
2199.32
2208.05
2214.74
2232.02
2239.44
2337.89
2340.51
2126.41
2134.76
2211.12
2214.7
2220.12
2223.77
2231.16
2231.19
2242.7
2247.13
2289.74
2250.76
2258.01
2268
1535.48
1542.01
1437.7
1447.43
1452.74
1465.04
1477.59
1396.25
1407.69
1419.57
1436.72
1447.3
1465.41
1471.48
1479.34
1540.92
1521.85
1562.89
1568.01
1574.81
1583.87
1601.25
1610.37
1628.31
1637.26
1648.47
1590.12
1597.69
1627.2
1642.75
1649.81
1655.31
1667.27
1672.19
1679.33
1767.42
1778.37
1789.61
1784.75
1796.26
1808.35
1813.9
1824.87
1813.79
1824.88
1838.43
1848.66
1867.04
1879.4
1886.59
1898.72
1906.28
1850.72
1859.3
1897.54
1907.3
1940.95
1964.05
2027.04
2033.91
2006.36
2014.24
2021.71
2029.99
2040.6
2049.3
2057.49
2064.53
2072.29
2075.78
2183.46
2189.18
2194.2
2206.23
2213.8
2219.56
2230.43
2239.56
2246
2254.39
2260.87
2277.57
2284.7
2371.17
2373.69
2161.12
2169.31
2198.66
2205.3
2212.26
2221.51
2230.49
2269.12
2280.34
2284.65
2324.12
2322.08
2326.5
2337.75
1460.41
1465.81
1485.67
1495.1
1500.25
1512.03
1524.18
1590.09
1606.22
1617.09
1580.32
1593.16
1587.38
1598.11
1608.98
1551.03
1577.05
1655.36
1669.79
1504.16
1512.95
1519.15
1527.32
1537.48
1643.87
1630.25
1626
1633.43
1664.93
1680.15
1686.98
1692.35
1704.06
1708.8
1715.76
1886.48
1894.49
1902.37
1909.45
1924.84
1939.92
1944.52
1952.56
1962.91
1969.47
1979.49
1986.43
1907.95
1920.12
1927.16
1939.05
1946.43
1902.2
1912.01
1923.92
1935.5
1972.75
2116.09
2080.71
2087.53
2108
2111.6
2120.1
2122.63
2127.06
2134.92
2142.33
2152.88
2159.73
2170.15
2217.6
2223.18
2228.08
2239.86
2247.25
2252.82
2263.44
2272.38
2278.48
2286.57
2292.69
2309.09
2316
2398.75
2401.2
2194.36
2202.43
2227.83
2234.38
2241.19
2250.24
2259.08
2301.13
2312.16
2316.38
2348.04
2346.82
2351.16
2362.13
1616.73
1629.75
1642.87
1652.64
1666.13
1679.07
1603.44
1586.9
1596.15
1607.35
1668.35
1519.5
1529.99
1543.74
1553.2
1847
1858.76
1624.27
1633.63
1644.88
1650.43
1660.78
1666.9
1677.85
1692.77
1678.43
1689.76
1700.23
1864.05
1870.1
1878.39
1885.25
1891.44
1898.39
1904.3
1920.13
1927.77
1935.36
1942.2
1957.23
1971.92
1976.3
1984.16
1994.4
2000.82
2010.58
2017.36
1943.57
1955.36
1962.14
1973.78
1981.04
1945.76
1953.19
2005.49
2012.8
1999.98
2015.42
2117.78
2124.29
2138.59
2142.03
2150.21
2152.69
2157.06
2164.72
2171.98
2182.25
2189.05
2199.22
2249
2254.37
2259.16
2270.63
2277.88
2283.3
2293.68
2302.43
2308.33
2316.25
2322.22
2338.25
2344.99
2427.53
2429.87
2232.6
2240.42
2260.25
2266.6
2273.21
2281.91
2290.55
2327.31
2338.21
2342.35
2369.63
2376.62
2380.9
2391.51
1596.57
1482.32
1493.3
1511.14
1517.66
1492.58
1478.03
1492.55
1505.41
1620.46
1740.4
1752.12
1763.54
1774.21
1789.16
1747.17
1756.96
1687.45
1696.79
1676.88
1680.7
1674.95
1680.77
1746.64
1757.28
1765.28
1888.4
1896.77
1913.27
1919.22
1877.38
1886.43
1894.13
1902.43
1909.11
1916.94
1921.75
1934.02
1949.57
1960.12
1952.96
1956.9
1969.19
2048.89
2057.96
2065.24
2075.5
1976.79
2103.53
2109.56
2116.71
2123.02
1986.45
1993.58
2049.49
2056.53
2033.75
2082.97
2164.45
2169.86
2101.3
2109.58
2122.74
2133.06
2137.85
2150.75
2158.82
2162.74
2169.72
2172.95
2278.61
2283.84
2288.53
2299.81
2306.95
2312.19
2322.27
2330.75
2336.52
2344.25
2350.01
2365.63
2372.21
2456.99
2459.26
2272.55
2280.15
2291.89
2298.09
2304.46
2312.97
2321.47
2361.35
2371.95
2375.96
2401.65
2403.11
2407.3
2415.33
1562.24
1582.41
1591.35
1559.67
1571.05
1629.41
1642.42
1651.19
1661.6
1669.98
1692.85
1709.9
1719.03
1728.78
1735.66
1794.07
1803.27
1687.18
1697.28
1706.15
1709.93
1718.22
1724.25
1783.92
1794.23
1802.05
1924.31
1932.33
1948.45
1954.15
1892.59
1897.68
1906.43
1916.26
1928.41
1937.8
1947.5
1958.94
1965.59
1971.81
1923.88
1928.39
1938.13
2084.26
2093.11
2100.17
2110.25
2020.39
2034.28
2042.24
2055.75
2060.35
2056.19
2063.33
2075.6
2088.15
2094.42
2102.73
2180.01
2188.66
2219.99
2226.01
2191.96
2199.49
2209.18
2164.22
2173.42
2182.62
2190.39
2199.86
2307.71
2312.74
2317.29
2328.39
2335.39
2340.54
2350.44
2358.74
2364.31
2371.83
2377.5
2392.88
2399.32
2481.44
2483.67
2296.66
2304.16
2323.24
2329.23
2335.46
2343.84
2352.22
2385.89
2396.34
2400.28
2420.03
2433.1
2437.22
2444.98
1629.7
1643.42
1649.14
1657.46
1666.41
1708.07
1719.82
1725.99
1735.15
1743.82
1793.53
1801.21
1812.08
1816.42
1824.71
1812.66
1822.54
1839.16
1846.5
1853.88
1910.13
1920.12
1935.81
1813.02
1823.11
1830.83
1957.33
1964.99
1980.68
1986.21
1920.82
1925.8
1934.39
1944.01
1955.9
1965.11
1974.65
1985.86
1992.45
1998.52
1990.51
1999.69
2007.17
2116.91
2125.6
2132.43
2142.28
2049.21
2062.9
2070.73
2083.97
2088.47
2077.5
2084.57
2096.66
2109.02
2115.21
2128.66
2207.76
2216.23
2249.02
2254.86
2219.45
2226.79
2236.31
2189.67
2198.71
2207.72
2215.33
2224.62
2335.51
2340.38
2344.82
2355.74
2362.63
2367.64
2377.3
2385.37
2390.78
2398.15
2403.67
2418.73
2424.95
2502.42
2504.62
2318.38
2325.74
2346.39
2352.29
2358.44
2366.67
2374.96
2407.61
2417.94
2421.79
2443.73
2447.93
2452.01
2460.69
1615.23
1625.14
1633.85
1642.57
1657.69
1787.04
1801.3
1806.3
1879.2
1896.02
1906.19
1780.33
1791.85
1801.42
1809.64
1822.32
1831.08
1837.26
1845.75
1850.53
1860.33
1870.06
1877.84
1886.58
1848.63
1857.86
1862.81
1876.7
1887.41
1948.15
1956.49
1983.31
1992.89
1999.02
2007.67
2014.26
2021.91
2036.76
1961.74
2019.47
2029.19
2035.58
2043.29
2052.31
2058.16
2067.39
2078.12
2082.75
2089.93
2101.45
2111.02
2120.04
2126.4
2136.28
2145.14
2270.96
2279.6
2286.26
2199.16
2201.72
2214.76
2222.53
2229.39
2236.36
2225.59
2233.16
2239.86
2246.02
2252.96
2255.76
2260.4
2269.99
2278.11
2330.51
2333.7
2340.81
2349.31
2356.84
2361.22
2369.62
2375.63
2378.63
2388.72
2393.55
2397.8
2405.6
2412.69
2412.31
2420.46
2428.89
2435.04
2443.79
2446.96
2456.18
2465.75
2476.03
2481.93
2485.74
2493.47
1724.48
1740.78
1757.54
1704.3
1710.82
1718.32
1723.02
1737.76
1738.18
1750.25
1760.77
1790.04
1803.85
1814.4
1820.77
1832.09
1840.45
1847.93
1855.67
1867.55
1873.75
1904.88
1916.56
1918.89
2100.03
2113.46
2119.61
2126.76
2132.96
2143.19
2152.36
1919.81
1932.2
1939.38
1948.85
1966.21
1973.63
1981.19
1999.48
2064.6
2068.07
2074.16
2081.6
2090.39
2096.12
2105.15
2115.54
2120.02
2127.08
2138.36
2147.74
2156.58
2162.77
2172.36
2180.98
2308.46
2316.87
2323.36
2231.91
2234.4
2247.18
2254.74
2261.4
2268.28
2257.58
2266.87
2275.59
2281.3
2289.68
2295.55
2301.65
2312.76
2318.6
2384.27
2388.63
2397.22
2405.78
2410.63
2417.2
2424.4
2432.14
2436.84
2444.97
2451.26
2454.63
2460.07
2466.54
2437.43
2445.48
2453.74
2459.8
2468.36
2471.46
2480.54
2489.97
2500.13
2505.93
2509.64
2517.25
1760.75
1776.74
1793.25
1732.63
1738.93
1746.27
1750.9
1765.38
2013.96
2022.65
2029.02
1825.05
1849.19
1860.43
1866.41
1874.2
1885.03
1896.46
1904.69
1918.79
1928.15
1934.07
1941.45
1947.02
2037.92
2048.11
2147.76
2156.07
2164.91
2173.84
1952.97
1948.39
1960.51
1967.5
1976.63
1993.65
2000.91
2008.36
2031.76
2094.65
2089.72
2240.41
2247.72
2255.85
2263.64
2269.6
2277.06
2283.83
2294.95
2305.19
2307.14
2316.61
2319.77
2327.97
2330.25
2341.74
2350.13
2356.45
2259.1
2261.5
2274.11
2281.56
2288.07
2294.85
2360.93
2325.83
2335.35
2347.09
2352.99
2354.96
2362.74
2368.76
2371.71
2377.99
2381.36
2387.01
2392.13
2399.92
2410.65
2422.95
2429.33
2436.56
2441.99
2448.25
2453.72
2461.03
2466.9
2458.74
2466.7
2474.82
2480.79
2489.16
2492.19
2501.07
2510.33
2520.38
2526.05
2529.67
2537.1
1851.9
1862.52
1871.08
1804.47
1815.38
1824.41
1842.72
1850.71
1862.72
1873.38
1878.24
1883.74
1898.28
1907.4
1914.6
1898.91
1953.47
1960.72
1970.03
2108.85
2116.17
2124.39
2131.83
2136.91
2168.74
2183.03
2189.87
2196.57
2205.25
2213.35
2222.28
2231.26
2243.86
2246.01
2048.95
2103.72
2042.12
2050.81
2060.1
2070.79
2080.22
2084.08
2098.18
2229.06
2233.75
2241.89
2250.53
2257.9
2235.72
2209.91
2216.85
2221.88
2228.75
2236.26
2244.56
2253.24
2259.94
2268.71
2286.43
2290.97
2296.15
2303.52
2309.96
2321.79
2332.33
2404.91
2411.44
2418.04
2421.65
2425.05
2428.5
2436.51
2440.4
2446.55
2452
2460.44
2468.58
2473.3
2480.89
2487.67
2495.03
2432.33
2438.35
2445.31
2451.06
2458.81
2464.51
2472.04
2474.75
2484.31
2492.14
2498.87
2505.93
2509.1
2518.82
2526.03
2534.58
2540.04
2547.55
1815.27
1827
1835.78
1869.58
1880.04
1887.04
1904.82
1913.86
1924.01
1932.76
1937.48
1942.74
1956.67
1965.61
1972.39
1932.36
1984.67
1991.78
2000.91
2140.38
2147.52
2155.58
2162.85
2167.88
2202.67
2216.62
2223.22
2229.64
2238.07
2245.9
2254.61
2263.33
2275.71
2277.8
2079.17
2141.84
2080.41
2088.9
2098.01
2108.5
2117.71
2121.42
2133.84
2260.97
2265.45
2273.39
2281.88
2289.07
2270.33
2237.48
2244.27
2249.21
2255.81
2263.1
2271.23
2279.65
2286.19
2294.75
2312.19
2316.62
2321.59
2328.8
2335.09
2346.73
2357.06
2426.19
2432.6
2439.11
2442.68
2445.99
2449.41
2457.29
2461.06
2467.1
2472.48
2480.77
2488.71
2493.34
2500.83
2507.5
2514.72
2458.5
2464.32
2471.12
2476.72
2484.29
2489.86
2497.27
2499.94
2509.33
2517.05
2523.68
2530.55
2533.62
2543.2
2550.26
2558.6
2563.94
2571.26
1757.17
1770.82
1778.9
1812.1
1821.8
1829.66
1926.63
1933.84
1906.96
1918.81
1930.11
1941.34
1946.71
1958.58
1968.45
1967.28
1981.98
1988.13
2080.14
2095.43
2102.68
2108.06
2118.47
2126.91
2245.84
2259.4
2265.75
2271.89
2280.14
2287.82
2296.34
2304.78
2316.94
2318.92
2119.87
2184.11
2121.22
2129.48
2138.47
2148.75
2157.71
2161.29
2169.79
2294.52
2298.87
2306.65
2314.96
2321.9
2309.71
2272.93
2279.51
2284.32
2290.68
2297.78
2305.69
2313.75
2320.14
2328.54
2345.63
2349.96
2354.83
2361.83
2367.91
2379.3
2389.31
2460.72
2466.94
2473.37
2476.87
2480.08
2483.44
2491.08
2494.72
2500.66
2505.92
2514.06
2521.68
2526.18
2533.55
2540.09
2547.12
2489.42
2495.07
2501.73
2507.22
2514.6
2520.08
2527.34
2529.91
2538.96
2546.5
2552.95
2559.67
2562.58
2571.99
2578.84
2587.01
2592.18
2599.29
1979.91
1991.97
1997.7
2006.52
2018.09
2023.04
2033.35
2039.5
2048.07
2057.28
2066.47
2073.96
2079.3
2088.52
2099.98
2012.94
2027.13
2033.1
2121.53
2136.44
2143.46
2148.66
2158.78
2167.02
2286.85
2300.13
2306.26
2312.24
2320.32
2327.84
2336.17
2344.32
2356.12
2358.01
2152.44
2217.86
2160.98
2169.07
2177.89
2187.91
2196.71
2200.19
2210.24
2334.7
2338.85
2346.42
2354.46
2361.21
2343.87
2312.04
2318.49
2323.19
2329.4
2336.35
2344.12
2352.03
2358.28
2366.5
2383.21
2387.46
2392.21
2398.94
2404.87
2415.99
2425.75
2492.47
2498.5
2504.73
2508.09
2511.19
2514.49
2521.91
2525.47
2531.25
2536.37
2544.38
2551.78
2556.19
2563.43
2569.82
2576.7
2521.69
2527.05
2533.5
2538.84
2546.06
2551.48
2558.63
2561.18
2569.9
2577.29
2583.63
2590.2
2592.99
2602.26
2608.94
2616.93
2622.04
2628.99
1940.29
1949.32
1982.09
1992.2
1998.97
2007.38
2025.06
2030.89
2046.24
2051.11
2068.59
2078.3
2089.21
2101.02
2106.8
2169.58
2172.97
2179.36
1987.34
1999.98
2012.24
2026.14
2118.75
2127.24
2208.96
2223.51
2231.52
2244.72
2248.56
2256.86
2261.46
2267.97
2279.49
2288.94
2299.05
2306.25
2310.18
2318.6
2324.16
2333.28
2342.64
2346.44
2351.4
2359.18
2370.61
2377.55
2387.04
2398.59
2411.55
2423.94
2437.8
2440.02
2444.38
2452.94
2457.13
2466.71
2476.25
2484.13
2490.95
2500.02
2508.53
2514.57
2519.93
2524.9
2532.83
2535.68
2546.54
2552.85
2556.77
2566.51
2571.5
2578.04
2582.55
2591.34
2596.31
2603.43
2607.17
2612.74
2618.3
2625.14
2630.73
2637.98
2644.06
2647.71
2651.88
2660.01
2662.31
2667
2672.99
2678.2
2683.69
2691.2
2696.18
2707.2
2717.8
2722.08
2726.72
2732.51
2736.74
2014.85
2018.61
2027.75
2037.66
2044.29
2052.42
2069.59
2075.25
2090.26
2094.95
2111.87
2121.38
2132.01
2143.47
2148.94
2209.06
2212.26
2218.43
2011.74
2023.14
2034.04
2047.84
2159.81
2168.12
2248.52
2262.67
2270.34
2283.12
2286.76
2294.8
2299.25
2305.64
2316.89
2326.12
2335.98
2342.94
2346.69
2354.88
2360.31
2369.25
2378.39
2382.07
2386.89
2394.51
2405.71
2412.39
2421.65
2432.94
2445.56
2457.61
2470.99
2473.11
2477.34
2485.6
2489.62
2499.01
2508.19
2515.86
2522.46
2531.32
2539.64
2545.52
2550.81
2555.62
2563.33
2566.12
2576.62
2582.76
2586.58
2596.06
2600.88
2607.25
2611.66
2620.23
2625.06
2632
2635.56
2640.96
2646.37
2653.08
2658.55
2665.53
2671.43
2674.97
2679.08
2687.06
2689.28
2693.81
2699.67
2704.78
2710.2
2717.61
2722.53
2733.4
2743.78
2748
2752.53
2758.15
2762.25
2073.51
2086.8
2100.55
2108.05
2116.51
2124.4
2130.13
2140.67
2144.18
2158.29
2167.9
2181.3
2188.1
2195.44
2202.41
2208.68
2215.06
2220.18
2224.07
2232.32
2244.49
2254.15
2258.23
2266.25
2274.03
2287.9
2295.42
2307.94
2311.49
2320.71
2325.02
2329.92
2340.93
2348.41
2358.08
2366.35
2369.96
2376.65
2382.04
2390.83
2399.82
2403.47
2408.16
2415.59
2426.64
2433.18
2442.28
2450.8
2463.19
2474.89
2487.83
2489.88
2494.04
2500.75
2504.71
2514.01
2523.08
2530.63
2537.07
2544.53
2552.66
2558.42
2563.66
2567.11
2503.8
2510.91
2519.23
2528.39
2535.09
2546.22
2553.06
2559.88
2563.24
2573.28
2576.42
2583.03
2587.21
2590.32
2595.54
2602.9
2608.64
2612.28
2620.77
2625.13
2628.45
2636.57
2641.68
2650.98
2660.91
2666
2671.46
2677.69
2683.02
2685.87
2689.51
2694.51
2695.8
2697.99
2704.08
2104.2
2117.27
2130.72
2138.11
2146.38
2154.11
2159.72
2170.06
2173.46
2187.23
2196.67
2209.71
2216.29
2223.49
2230.33
2236.38
2242.6
2247.61
2251.39
2259.48
2271.42
2280.96
2284.97
2292.86
2300.44
2314.07
2321.44
2333.69
2337.15
2346.25
2350.48
2355.32
2366.11
2373.48
2382.87
2391.06
2394.54
2401.12
2406.43
2415.07
2423.91
2427.42
2431.97
2439.31
2450.18
2456.54
2465.46
2473.82
2485.93
2497.37
2510.07
2512.05
2516.08
2522.66
2526.54
2535.7
2544.59
2552
2558.31
2565.63
2573.63
2579.29
2584.45
2587.85
2533.05
2540.06
2548.17
2557.13
2563.67
2574.62
2581.32
2587.98
2591.27
2601.15
2604.24
2610.75
2614.74
2617.75
2622.87
2630.1
2635.69
2639.25
2647.53
2651.82
2655.06
2663.03
2668
2677.12
2686.91
2691.89
2697.22
2703.32
2708.54
2711.27
2714.87
2719.79
2721.06
2723.21
2729.19
2074.7
2080.79
2087.14
2092.57
2102.03
2108.17
2113.59
2118.79
2127.68
2136.35
2141.78
2151.42
2157.13
2167.25
2175.55
2179.87
2185.45
2191.46
2198.92
2206.08
2211.41
2216.7
2221.31
2228.93
2236.7
2242.39
2245.76
2257.86
2263.92
2273.67
2279.24
2284.02
2293.79
2296.21
2305.32
2309.88
2319.41
2318.94
2325.28
2329.41
2340.19
2345.23
2350.75
2357.1
2366.11
2370.59
2375.78
2388.96
2425.85
2430.88
2437.91
2441.56
2443.37
2453.25
2661
2663.16
2668.59
2675.42
2681.06
2689.31
2691.34
2697.18
2699.96
2708.13
2711.49
2715.28
2652.65
2657.7
2661.89
2667.86
2671.55
2675.1
2678.58
2686.33
2693.04
2696.74
2704.13
2710.07
2713.93
2720.79
2725.02
2736.62
2741.28
2744.46
2749.17
2754.72
2761.79
2765.73
2772.85
2777.47
2783.65
2792.75
2798.41
2802.12
2807.5
2810.67
2817.12
2820.73
2824.73
2175.55
2186.12
2199.03
2204.24
2211.99
2138.89
2144.22
2154.01
2162.57
2166.41
2174.24
2184
2188.01
2194.01
2198.74
2203.47
2217.65
2222.9
2226.08
2234.79
2239.86
2252.6
2259.39
2270.87
2328.19
2334.64
2416.15
2421.59
2427.18
2432.69
2437.57
2447.25
2449.59
2454.37
2457.91
2466.3
2472.4
2479.93
2489.12
2491.64
2493.6
2496.57
2502.72
2513.49
2518.78
2524.37
2528.66
2533.71
2541.56
2548.3
2629.7
2634.9
2642.82
2648.89
2680.09
2682.23
2687.61
2694.3
2699.78
2707.87
2709.86
2715.63
2718.38
2726.4
2729.71
2733.4
2665.18
2670.17
2674.31
2680.2
2683.82
2687.32
2690.75
2698.44
2705.09
2708.76
2716.06
2721.94
2725.72
2732.52
2736.7
2748.18
2752.76
2755.9
2760.55
2766.07
2773.05
2776.95
2784
2788.57
2794.62
2803.62
2809.2
2812.86
2818.18
2821.32
2827.73
2831.31
2835.3
2047.74
2053.66
2059.47
2068.12
2072.78
2263.39
2289.28
2294.46
2251.64
2255.56
2267.9
2272.54
2282.31
2225.15
2230.75
2240.48
2247.03
2255.49
2262.86
2273.56
2279.53
2290.24
2302.11
2306.35
2311.37
2316.09
2325.81
2330.89
2340.74
2349.59
2354.57
2471.98
2431.22
2439.71
2417.47
2422.38
2430.31
2509.37
2521.67
2524.24
2528.13
2529.98
2533.94
2536.57
2542.22
2547.64
2553.33
2559.9
2566.7
2569.26
2517.85
2524.15
2528.23
2535.38
2713.66
2715.74
2720.94
2727.44
2732.78
2740.76
2742.67
2748.26
2751
2758.76
2761.96
2765.43
2691.46
2696.36
2700.41
2706.16
2709.71
2713.17
2716.58
2724.13
2730.71
2734.28
2741.41
2747.14
2750.85
2757.59
2761.73
2773.04
2777.52
2780.62
2785.16
2790.6
2797.49
2801.32
2808.23
2812.68
2818.66
2827.55
2833.02
2836.61
2841.84
2844.93
2851.2
2854.71
2858.65
2242.66
2251.87
2311.53
2317.64
2325.2
2331.49
2212.84
2216.41
2225.07
2228.43
2237.89
2248.87
2257.54
2251.72
2257.17
2266.7
2273.04
2281.28
2288.51
2298.92
2304.76
2315.23
2326.82
2330.96
2335.88
2340.49
2349.98
2354.97
2369.85
2378.57
2383.43
2495.55
2459.32
2467.68
2442.33
2447.09
2454.86
2536.2
2548.23
2550.67
2554.44
2556.24
2560.04
2562.62
2568.17
2573.5
2579.07
2585.52
2592.21
2594.72
2540.39
2546.53
2550.56
2557.56
2733.82
2735.84
2740.98
2747.3
2752.54
2760.37
2762.24
2767.78
2770.5
2778.05
2781.19
2784.54
2714.39
2719.2
2723.17
2728.85
2732.31
2735.7
2739.05
2746.45
2752.92
2756.44
2763.48
2769.15
2772.76
2779.4
2783.44
2794.56
2798.97
2802.03
2806.43
2811.81
2818.61
2822.37
2829.16
2833.51
2839.42
2848.15
2853.5
2856.99
2862.08
2865.09
2871.25
2874.68
2878.59
2204.56
2212.74
2232.2
2241.43
2248.54
2253.99
2242.45
2245.97
2254.51
2257.83
2267.17
2277.92
2286.41
2279.69
2284.93
2294.28
2300.44
2308.51
2315.63
2325.8
2331.54
2341.81
2353.23
2357.32
2362.14
2366.69
2376.01
2380.85
2396.87
2405.34
2410.1
2516.69
2521.08
2530
2536.52
2541.35
2548.06
2469.67
2474.12
2477.95
2486.38
2491.23
2497.68
2504.6
2513.22
2517.08
2521.74
2536.92
2544.51
2550.87
2562.32
2568.34
2572.32
2579.22
2754.58
2756.56
2761.61
2767.77
2772.94
2780.66
2782.48
2787.96
2790.66
2798.02
2801.1
2804.4
2733.44
2738.2
2742.13
2747.69
2751.09
2754.43
2757.75
2765.08
2771.46
2774.92
2781.85
2787.4
2790.96
2797.53
2801.54
2812.5
2816.83
2819.84
2824.17
2829.46
2836.2
2839.91
2846.64
2850.91
2856.72
2865.34
2870.6
2874.01
2879.05
2882.02
2888.09
2891.46
2895.35
2240.4
2248.38
2271.31
2280.35
2287.31
2292.62
2277.64
2281.03
2289.42
2292.6
2301.65
2312.11
2320.4
2315.42
2320.56
2329.67
2335.66
2343.53
2350.55
2360.46
2366.12
2376.17
2387.36
2391.33
2395.99
2400.34
2409.39
2414.06
2427.23
2435.47
2440.1
2457.1
2467.45
2471.94
2480.16
2484.43
2494.37
2503.25
2507.57
2511.29
2519.52
2524.27
2530.57
2537.35
2545.78
2549.51
2554.05
2568.91
2576.23
2582.51
2593.75
2599.6
2603.45
2610.22
2786.37
2788.26
2793.1
2799.12
2804.13
2811.69
2813.45
2818.82
2821.5
2828.66
2831.65
2834.83
2750.81
2755.53
2759.4
2764.91
2768.25
2771.55
2774.82
2782.06
2788.37
2791.8
2798.61
2804.09
2807.61
2814.1
2818.07
2828.84
2833.14
2836.1
2840.35
2845.61
2852.29
2855.96
2862.6
2866.8
2872.54
2881.06
2886.27
2889.58
2894.56
2897.52
2903.51
2906.81
2910.64
2323.48
2334.95
2345.44
2350.68
2357.54
2273.24
2282.21
2288.24
2296.33
2299.51
2391.4
2395.79
2466.62
2376.86
2382.85
2390.46
2393.96
2398.39
2404.7
2411.53
2416.5
2421.63
2428.13
2434.21
2441.8
2448.82
2456.31
2466.19
2473.66
2477.82
2480.06
2490.77
2497.38
2500.93
2505.9
2571.4
2576.39
2581.56
2588.45
2595
2601.93
2606.48
2609.43
2615.5
2620.33
2625.86
2628.14
2634.81
2604.09
2583.48
2606.26
2611.28
2615.8
2761.49
2800.17
2802.01
2806.81
2812.76
2817.68
2825.13
2826.83
2832.15
2834.8
2841.91
2844.86
2848
2767.18
2771.83
2775.65
2781.05
2784.33
2787.58
2790.79
2797.9
2804.11
2807.46
2814.13
2819.52
2822.98
2829.4
2833.32
2843.93
2848.15
2851.07
2855.25
2860.38
2866.95
2870.58
2877.11
2881.25
2886.88
2895.28
2900.36
2903.57
2908.46
2911.37
2917.18
2920.4
2924.16
2356.62
2367.86
2378.11
2383.18
2389.86
2472.66
2478.81
2485
2344.03
2346.99
2438.01
2382.31
2387.59
2402.85
2408.68
2416.18
2419.59
2423.94
2430.16
2436.9
2441.81
2446.91
2453.33
2459.33
2466.82
2473.65
2480.98
2490.66
2497.87
2501.94
2504.13
2514.74
2521.28
2524.76
2529.64
2593.71
2598.62
2603.77
2610.51
2616.97
2623.87
2628.39
2631.31
2637.31
2642.13
2647.58
2649.84
2656.44
2623.5
2604.85
2629.14
2634.07
2638.55
2743.74
2824.04
2825.81
2830.55
2836.39
2841.23
2848.58
2850.26
2855.53
2858.14
2865.08
2867.97
2871.04
2785.89
2790.48
2794.24
2799.56
2802.78
2806.01
2809.2
2816.19
2822.36
2825.62
2832.14
2837.44
2840.82
2847.2
2851.04
2861.55
2865.65
2868.49
2872.55
2877.63
2884.12
2887.7
2894.16
2898.21
2903.8
2912.06
2917.02
2920.17
2924.98
2927.85
2933.57
2936.77
2940.51
2379
2389.99
2400.05
2405
2411.56
2570.87
2574.81
2581.23
2586.59
2593.71
2469.75
2475.02
2484.69
2488.86
2495.13
2502.74
2508.88
2512.39
2517.51
2520.37
2527.12
2535.04
2540.13
2543.69
2561.94
2567.49
2574.27
2580.09
2590.82
2594.48
2542.28
2551.22
2560.19
2565.14
2570.71
2580.32
2586.33
2592.09
2602.34
2608.52
2629.35
2634.32
2639.03
2716.99
2721.52
2726.72
2728.94
2734.3
2741.05
2744.7
2751.51
2755.95
2761.26
2764.52
2843.03
2844.74
2849.43
2855.16
2859.95
2867.19
2868.79
2874
2876.59
2883.38
2886.18
2889.2
2801.3
2805.84
2809.54
2814.79
2817.96
2821.16
2824.34
2831.26
2837.35
2840.56
2846.95
2852.16
2855.5
2861.84
2865.6
2875.93
2879.95
2882.72
2886.72
2891.7
2898.04
2901.51
2907.85
2911.79
2917.27
2925.4
2930.23
2933.33
2938.07
2940.9
2946.56
2949.71
2953.41
2407.89
2418.69
2428.62
2433.5
2439.93
2593.95
2597.79
2604.14
2609.4
2616.36
2495.07
2500.23
2509.64
2513.7
2519.84
2527.28
2533.27
2536.65
2541.63
2544.42
2551.06
2558.79
2563.79
2567.25
2581.03
2586.46
2593.05
2598.78
2609.3
2612.9
2565.37
2574.14
2582.96
2587.78
2593.15
2602.58
2608.42
2614.09
2624.16
2630.18
2651.29
2656.19
2660.76
2736.35
2740.81
2745.94
2748.13
2753.35
2759.93
2763.51
2770.21
2774.53
2779.72
2782.97
2861.06
2862.73
2867.36
2872.97
2877.66
2884.73
2886.28
2891.38
2893.96
2900.58
2903.27
2906.22
2819.71
2824.2
2827.86
2833.06
2836.17
2839.31
2842.44
2849.23
2855.24
2858.4
2864.65
2869.72
2873.02
2879.24
2882.96
2893.02
2896.97
2899.65
2903.56
2908.4
2914.62
2918.04
2924.27
2928.11
2933.51
2941.5
2946.24
2949.26
2953.94
2956.74
2962.3
2965.39
2969.06
2441.75
2447.1
2453.8
2459.75
2464.91
2620.1
2623.86
2630.13
2635.3
2642.07
2517.14
2522.21
2531.44
2535.42
2541.48
2548.84
2554.73
2558.07
2562.89
2565.6
2572.11
2579.59
2584.5
2587.82
2599.01
2604.32
2610.8
2616.44
2626.8
2630.3
2583.47
2592.11
2600.78
2605.5
2610.75
2620.02
2625.78
2631.34
2641.28
2647.22
2669.53
2674.3
2678.77
2758
2762.37
2767.38
2769.54
2774.65
2781.1
2784.59
2791.15
2795.42
2800.46
2803.67
2882.55
2884.14
2888.68
2894.13
2898.72
2905.63
2907.08
2912.1
2914.65
2921.14
2923.75
2926.64
2796.35
2799.88
2804.43
2808.87
2813.74
2817.53
2823.58
2825.79
2827.88
2833.72
2837.16
2839.12
2841.95
2845.47
2850.85
2853.84
2857.37
2861.83
2868.56
2872.31
2875.68
2878.22
2883.71
2888.01
2882.7
2889.11
2891.32
2893.55
2893.99
2899.23
2905.62
2909.29
2914.68
2469.1
2474.34
2480.93
2486.77
2491.83
2648.95
2652.6
2658.76
2663.84
2670.51
2539.41
2544.38
2553.41
2557.34
2563.24
2570.46
2576.17
2579.45
2584.13
2586.8
2593.2
2600.56
2605.43
2608.7
2674.36
2679.89
2687.73
2694.71
2701.95
2709.62
2715.38
2719.75
2724.71
2728.42
2731.06
2733.36
2738.95
2744.81
2751.01
2758.22
2764.61
2767.61
2770.03
2779.36
2783.63
2788.57
2790.7
2795.73
2802.1
2805.5
2811.93
2816.12
2821.03
2824.2
2904.88
2906.42
2910.89
2916.21
2920.69
2927.51
2928.89
2933.83
2936.35
2942.67
2945.19
2948
2818.9
2822.37
2826.84
2831.19
2835.98
2839.68
2845.65
2847.83
2849.84
2855.58
2858.93
2860.8
2863.56
2867.02
2872.26
2875.17
2878.61
2882.97
2889.6
2893.3
2896.63
2899.12
2904.5
2908.77
2901.36
2907.69
2909.86
2912.02
2912.46
2917.64
2923.91
2927.52
2932.81
2486.3
2492.54
2493.72
2499.76
2505.31
2681.62
2685.2
2691.25
2696.19
2702.75
2564.66
2569.55
2578.39
2582.26
2588.03
2595.14
2600.77
2603.99
2608.59
2611.21
2617.45
2624.73
2629.53
2632.73
2702.16
2707.55
2715.15
2721.97
2729.02
2736.54
2742.25
2746.54
2751.4
2755
2757.51
2759.68
2765.19
2770.94
2777.01
2784.1
2790.39
2793.3
2795.68
2804.9
2809.14
2813.98
2816.08
2821.01
2827.15
2830.42
2836.71
2840.81
2845.59
2848.7
2929.77
2931.23
2935.59
2940.75
2945.09
2951.77
2953.14
2957.97
2960.45
2966.58
2969.03
2971.67
2846.22
2849.6
2853.94
2858.22
2862.9
2866.49
2872.35
2874.49
2876.45
2882.04
2885.29
2887.05
2889.69
2893.06
2898.17
2901.03
2904.43
2908.69
2915.19
2918.78
2922.05
2924.49
2929.78
2933.94
2928.3
2934.44
2936.5
2938.65
2939.07
2944.13
2950.34
2953.83
2958.96
2537
2543.86
2548.85
2551.5
2556.44
2568.19
2573.34
2577.8
2583.48
2587.85
2594.28
2599.07
2607.72
2611.52
2617.17
2624.17
2629.67
2632.8
2637.26
2639.81
2645.92
2653
2657.7
2660.81
2727.69
2732.96
2740.31
2746.98
2753.91
2761.26
2766.9
2771.13
2775.92
2779.45
2781.88
2783.97
2789.37
2795.01
2800.93
2807.91
2814.05
2816.87
2819.19
2828.26
2832.44
2837.11
2839.17
2843.94
2849.94
2853.13
2859.27
2863.31
2867.99
2871.04
2947.18
2948.6
2952.87
2957.96
2962.21
2968.81
2970.09
2974.84
2977.31
2983.32
2985.74
2988.28
2864.82
2868.15
2872.44
2876.62
2881.2
2884.69
2890.44
2892.55
2894.48
2899.97
2903.14
2904.87
2907.48
2910.81
2915.83
2918.66
2922
2926.16
2932.59
2936.13
2939.34
2941.72
2946.94
2951.05
2948.04
2954.05
2956.06
2958.15
2958.57
2963.56
2969.69
2973.13
2978.17
2553.85
2560.6
2565.54
2568.16
2573.01
2585.28
2590.3
2594.71
2600.28
2604.6
2610.94
2615.68
2624.2
2627.96
2633.53
2640.41
2645.79
2648.86
2653.19
2655.7
2661.71
2668.7
2673.34
2676.39
2744.94
2750.14
2757.35
2763.9
2770.73
2778.01
2783.6
2787.78
2792.51
2795.98
2798.27
2800.27
2805.59
2811.18
2817.01
2823.85
2829.88
2832.64
2834.91
2843.88
2848.02
2852.64
2854.67
2859.41
2865.32
2868.43
2874.46
2878.45
2883.04
2886.05
2964.24
2965.58
2969.82
2974.84
2979.02
2985.54
2986.79
2991.49
2993.94
2999.84
3002.2
3004.68
2900.32
2907.08
2912.57
2917.99
2921.77
2926.52
2931.65
2936.01
2939.88
2948.06
2951.54
2955.19
2959.07
2966.04
2973.45
2975.66
2980.97
2983.3
2987.34
2992.31
2996.43
2999.96
3007.55
3010.22
3015.16
3020.42
3022.22
3024.77
3029.42
3034.34
3038.76
3040.8
3044.77
2583.36
2589.95
2594.83
2597.4
2602.16
2611.21
2616.11
2620.46
2625.96
2630.18
2636.4
2641.06
2649.35
2653.03
2658.44
2665.18
2670.4
2673.41
2677.68
2680.16
2685.98
2692.83
2697.38
2700.33
2774.36
2779.4
2786.39
2792.82
2799.45
2806.59
2812.04
2816.16
2820.75
2824.09
2826.3
2828.23
2833.45
2838.93
2844.59
2851.31
2857.26
2859.95
2862.15
2871.01
2875.08
2879.6
2881.59
2886.15
2891.9
2894.93
2900.82
2904.77
2909.24
2912.11
2986.61
2987.89
2991.93
2996.8
3000.89
3007.29
3008.52
3013.15
3015.58
3021.36
3023.69
3026.05
2922.26
2928.91
2934.31
2939.64
2943.35
2947.99
2953.03
2957.31
2961.1
2969.06
2972.49
2976.05
2979.84
2986.71
2994.02
2996.19
3001.41
3003.68
3007.66
3012.55
3016.59
3020.08
3027.57
3030.15
3034.98
3040.18
3041.91
3044.41
3048.99
3053.81
3058.14
3060.14
3064.04
