9801

0.0875
0.1208
0.134
0.1615
0.1637
0.1979
0.2282
0.2298
0.2611
0.2775
0.2781
0.2928
0.328
0.3368
0.3676
0.4043
0.4181
0.4357
0.4415
0.4476
0.5047
0.4915
0.5324
0.5058
0.5478
0.5731
0.5823
0.606
0.6386
0.6728
0.7166
0.7612
0.7547
0.7631
0.7257
0.7451
0.7739
0.8153
0.9018
0.9319
0.9219
0.9659
0.9743
1.0001
0.9401
0.9873
1.0244
1.0203
1.0797
1.1847
1.2768
1.2896
1.2856
1.312
1.3729
1.4206
1.3895
1.4764
1.4691
1.4222
1.416
1.4021
1.4294
1.5771
1.4832
1.5508
1.6507
1.718
1.6388
1.6868
1.7635
1.7591
1.8255
1.7669
1.7635
1.8699
1.8699
2.0051
1.9972
1.9809
2.0372
2.0709
2.0298
1.9844
2.1106
2.1488
2.3456
2.3276
2.2982
2.4166
2.3737
2.2997
2.352
2.3701
2.345
2.5481
2.5225
2.5698
2.6908
0.1656
0.1829
0.2029
0.2295
0.2427
0.269
0.2767
0.3282
0.3606
0.3693
0.4054
0.4015
0.3879
0.4054
0.3965
0.4599
0.4992
0.5105
0.5025
0.5306
0.5724
0.5727
0.5768
0.5834
0.5845
0.6387
0.7006
0.7437
0.7611
0.7624
0.7692
0.7922
0.7806
0.8166
0.8493
0.7846
0.8233
0.8765
0.9006
0.9968
1.0232
1.0552
1.0679
1.0559
1.095
1.1566
1.1463
1.2406
1.2693
1.3632
1.3544
1.3068
1.3324
1.3248
1.3803
1.4553
1.4738
1.5122
1.5799
1.5423
1.5725
1.6027
1.6687
1.7112
1.6355
1.6694
1.7569
1.7216
1.8402
1.7599
1.8371
1.8593
1.932
2.0529
1.8845
1.8549
1.9826
1.9537
2.0903
2.0056
2.0527
2.1842
2.2219
2.2219
2.2328
2.3456
2.4726
2.5556
2.4293
2.5655
2.6054
2.6624
2.511
2.4942
2.5123
2.6618
2.488
2.6148
2.5529
0.2431
0.2359
0.259
0.28
0.2888
0.2943
0.3366
0.3651
0.4087
0.4296
0.4384
0.4551
0.4663
0.4759
0.4826
0.4992
0.5211
0.5427
0.5704
0.6599
0.6967
0.7088
0.7033
0.6923
0.7103
0.7307
0.7152
0.778
0.79
0.8256
0.8744
0.9129
0.888
0.9395
0.9173
0.9173
0.9623
0.9648
1.012
1.0545
1.0085
1.1133
1.2775
1.2562
1.2307
1.3158
1.2604
1.2109
1.2702
1.3734
1.4203
1.4517
1.4643
1.5243
1.5387
1.5333
1.5989
1.5187
1.6598
1.6965
1.599
1.6129
1.672
1.7713
1.8539
1.7809
1.7509
1.8376
1.7569
1.7926
1.9529
1.8909
1.9688
1.988
1.9702
2.145
2.099
2.2233
2.2143
2.154
2.3427
2.2963
2.4055
2.4824
2.4324
2.4807
2.4653
2.4947
2.4757
2.5814
2.6687
2.6687
2.7018
2.726
2.7614
2.762
2.7143
2.8784
2.9628
0.3246
0.3664
0.3677
0.384
0.4055
0.4127
0.444
0.4607
0.481
0.4909
0.5512
0.5738
0.5716
0.5892
0.5999
0.629
0.6375
0.6447
0.6901
0.6701
0.6934
0.7464
0.768
0.7994
0.8122
0.844
0.7872
0.8386
0.8656
0.9024
0.9516
0.9283
0.927
0.9848
1.0237
0.9896
1.0294
1.0394
1.0545
1.1143
1.1678
1.237
1.2436
1.3043
1.2226
1.3334
1.3103
1.4403
1.3734
1.5489
1.5429
1.5971
1.6203
1.6829
1.7515
1.7125
1.7116
1.7374
1.6858
1.7314
1.7326
1.7099
1.8062
1.8803
1.8659
1.8747
1.7923
1.9086
1.9262
2.0356
2.0156
2.0653
2.0571
2.2079
2.0149
2.1235
2.2005
2.2926
2.2552
2.273
2.4593
2.3493
2.2725
2.4297
2.4283
2.559
2.4507
2.839
2.7295
2.4727
2.5454
2.6024
2.5708
2.7372
2.9188
2.8154
2.8347
3.0457
2.7909
0.4139
0.4656
0.4557
0.479
0.5112
0.5472
0.5384
0.55
0.5489
0.5643
0.6211
0.6295
0.6663
0.6702
0.6846
0.7201
0.7404
0.7691
0.7669
0.7757
0.8692
0.8664
0.8872
0.8328
0.8508
0.8808
0.8541
0.8928
0.9141
0.9514
1.0001
0.945
0.9598
1.0735
1.1103
1.0746
1.1149
1.1383
1.1665
1.2414
1.3577
1.3983
1.3003
1.3269
1.3551
1.4253
1.5584
1.4949
1.5511
1.5694
1.6081
1.5924
1.6429
1.7087
1.7289
1.6832
1.7701
1.7809
1.9638
1.8933
1.9294
1.9123
1.8246
2.0418
2.032
1.9771
2.1627
2.2003
2.2032
2.1609
2.1783
2.2741
2.238
2.268
2.2001
2.2217
2.4273
2.4669
2.4455
2.6498
2.5469
2.5273
2.5075
2.4136
2.661
2.6735
2.7282
2.7963
2.7958
2.5708
2.8453
2.9582
2.824
3.0741
3.0829
2.9617
3.1088
3.0395
3.1898
0.4654
0.4757
0.4669
0.4823
0.5337
0.5507
0.5798
0.612
0.5999
0.6131
0.649
0.6681
0.6927
0.7235
0.7286
0.7478
0.7672
0.8162
0.827
0.927
0.9865
0.9932
0.9823
1.0667
0.9987
0.979
1.0379
1.0104
1.0516
1.0898
1.0922
1.1108
1.161
1.1941
1.1894
1.1996
1.2233
1.2826
1.3419
1.3582
1.4018
1.4541
1.4475
1.4893
1.4771
1.4786
1.6142
1.6307
1.6899
1.6403
1.6943
1.7602
1.7979
1.7614
1.7769
1.7887
1.7817
2.0145
1.9684
1.9876
2.145
2.2316
2.0828
2.0956
2.0759
2.1108
2.1839
2.2325
2.2002
2.2419
2.2009
2.4356
2.2747
2.3395
2.4386
2.4214
2.5128
2.3523
2.6415
2.5517
2.6834
2.5668
2.5864
2.8113
2.8195
3.0245
2.9334
2.8868
3.0724
2.9137
3.1565
3.0685
3.1952
3.3164
3.1166
3.3403
3.0961
3.2823
3.2521
0.5242
0.5518
0.6054
0.6164
0.6501
0.692
0.7058
0.6972
0.7058
0.6985
0.7022
0.7416
0.7927
0.7866
0.8082
0.8196
0.9306
0.9565
0.9742
1.0963
1.1119
1.048
1.1031
1.1331
1.0775
1.1305
1.2207
1.2371
1.1808
1.191
1.2764
1.2391
1.2804
1.3288
1.3119
1.3218
1.4078
1.435
1.4636
1.5318
1.5393
1.5524
1.5281
1.5419
1.6208
1.5895
1.5895
1.6377
1.7837
1.7881
1.7782
1.8057
1.7865
1.7721
1.899
1.7887
1.8063
2.0294
1.9911
1.9887
2.1059
2.1432
2.1602
2.1419
2.3041
2.2806
2.2181
2.1928
2.3178
2.2899
2.2279
2.5877
2.5103
2.5419
2.4453
2.6394
2.6306
2.7777
2.8576
2.6982
2.7856
2.7764
2.8855
3.0494
2.8659
2.9294
3.3807
3.0445
3.3032
2.9856
3.095
3.3636
3.405
3.2053
3.2715
3.4847
3.4727
3.74
3.5275
0.639
0.6512
0.6736
0.7257
0.7542
0.7142
0.7607
0.8007
0.7827
0.802
0.8506
0.8604
0.9228
0.9393
0.9517
0.9779
1.0419
0.9812
1.0082
1.0642
1.1282
1.1345
1.1563
1.182
1.1654
1.2295
1.2513
1.2479
1.2147
1.2729
1.3586
1.4084
1.4542
1.4108
1.474
1.5032
1.4858
1.5081
1.5901
1.6606
1.6358
1.689
1.6323
1.662
1.6958
1.7661
1.7835
1.7981
1.7978
1.8683
1.9023
1.9629
2.0326
1.9567
1.9703
2.0026
2.099
2.1683
2.1597
2.2747
2.2873
2.1684
2.1353
2.4003
2.3098
2.58
2.6106
2.4868
2.718
2.6045
2.4998
2.6556
2.6204
2.8579
2.7135
2.5545
2.7474
2.7879
2.8844
2.9383
2.8096
2.943
3.0642
2.9807
3.0161
3.0904
3.0811
3.0629
3.1784
3.1453
3.2466
3.2459
3.1647
3.275
3.303
3.4918
3.6219
3.4884
3.6436
0.7191
0.7672
0.7831
0.7996
0.7919
0.8212
0.8504
0.8945
0.8945
0.8571
0.8978
0.9786
0.9505
0.9758
1
1.0152
1.0366
1.0704
1.1222
1.1043
1.14
1.1995
1.2252
1.2357
1.2599
1.2723
1.2924
1.3091
1.4132
1.381
1.3786
1.3687
1.444
1.3941
1.493
1.4435
1.4913
1.5197
1.5465
1.5669
1.7136
1.6853
1.7011
1.8049
1.7189
1.7462
1.741
1.835
1.983
1.9934
1.9291
2.0766
2.0349
2.1849
2.0789
2.1267
2.2154
2.1734
2.1893
2.3204
2.2668
2.2575
2.3101
2.313
2.3468
2.4009
2.4507
2.4371
2.671
2.6726
2.5837
2.659
2.916
2.7905
2.7636
2.7719
2.8415
2.8786
2.7825
3.0614
3.3292
3.339
3.3331
3.2439
3.1277
3.3481
3.3665
3.2454
3.5424
3.4283
3.3907
3.4803
3.5761
3.7215
3.8343
3.6203
3.7376
3.7801
3.8643
0.8063
0.8556
0.9057
0.8944
0.8644
0.9178
0.9485
1.013
0.9903
1.0044
0.9707
1.0242
1.0742
1.0842
1.1225
1.1416
1.1692
1.1729
1.1899
1.2217
1.246
1.3151
1.3555
1.3226
1.4055
1.4101
1.435
1.4755
1.5408
1.5893
1.5797
1.6225
1.6761
1.6543
1.7259
1.6131
1.584
1.6332
1.7149
1.7347
1.8025
1.9264
1.9053
1.8716
2.0379
2.01
2.0421
2.0352
2.1591
2.2183
2.1491
2.1136
2.1571
2.2672
2.2826
2.1516
2.3442
2.2457
2.3063
2.3583
2.3636
2.4323
2.4078
2.5856
2.636
2.5845
2.6339
2.7153
2.6523
2.6912
2.8251
2.8377
2.8873
2.8598
3.1101
3.0856
3.0571
2.9344
3.1355
3.2616
3.1815
3.2842
3.3405
3.3429
3.3553
3.4486
3.4974
3.4864
3.5482
3.6194
3.5136
3.6676
3.6996
3.8402
3.7455
4.0384
3.6779
3.8345
3.6735
0.9366
0.9474
0.9344
0.9643
0.9722
0.9886
1.0281
1.0294
1.0214
1.0247
1.0531
1.1239
1.1225
1.1428
1.2397
1.2744
1.3277
1.2486
1.2668
1.3729
1.3336
1.4078
1.457
1.4535
1.4854
1.5584
1.5216
1.5524
1.5732
1.6024
1.6623
1.6862
1.7967
1.7235
1.7897
1.844
1.7722
1.8346
1.8648
1.9172
1.9324
2.0468
2.1214
2.183
2.0379
2.1236
1.9854
2.0735
2.1349
2.2591
2.2445
2.4946
2.4426
2.4651
2.4521
2.512
2.5792
2.5903
2.65
2.5588
2.5929
2.7664
2.6581
2.5404
2.6742
2.6233
2.7762
2.7341
2.8261
2.9471
2.858
3.0222
3.0195
3.0286
3.1106
3.1023
3.2573
3.3424
3.5975
3.3959
3.308
3.4803
3.3576
3.489
3.4747
3.4909
3.5277
3.677
3.6016
3.619
3.7172
3.8853
3.5706
4.0533
4.0287
4.2248
4.0466
3.9368
4.1294
0.9909
1.0595
1.0654
1.0702
1.0833
1.1057
1.1281
1.1525
1.1238
1.1253
1.1871
1.1929
1.2952
1.2806
1.3432
1.3906
1.3526
1.399
1.4287
1.4897
1.4678
1.4972
1.5917
1.5263
1.5674
1.6049
1.7306
1.7512
1.7757
1.827
1.9021
1.8911
1.8867
1.8703
1.9327
2.0098
1.9771
2.0178
2.0401
2.0554
2.0835
2.0247
2.2127
2.1874
2.2681
2.2019
2.2282
2.1571
2.2827
2.3521
2.4362
2.4361
2.6149
2.5596
2.724
2.5365
2.6139
2.8364
2.8007
2.8024
2.6351
2.8109
2.7638
2.7271
2.9778
2.8387
2.9778
2.944
2.9727
3.1957
3.0458
3.1769
3.2581
3.2805
3.2944
3.2479
3.3764
3.519
3.2567
3.3642
3.5844
3.4433
3.3834
3.6507
3.7013
3.4475
3.602
3.8408
3.8461
3.8751
3.6858
4.0661
4.125
4.1134
4.1456
4.3508
4.2802
4.4026
4.4011
1.1254
1.1654
1.1797
1.2114
1.2158
1.1966
1.2751
1.2492
1.2613
1.2263
1.2591
1.3268
1.3965
1.3655
1.4657
1.5386
1.4908
1.5215
1.5557
1.6001
1.596
1.6352
1.6567
1.6683
1.7255
1.7626
1.8002
1.79
1.9312
1.9977
1.9179
1.9631
1.9043
1.9108
2.0053
2.1461
2.1384
2.0756
2.1808
2.1039
2.1205
2.285
2.3226
2.1883
2.3858
2.419
2.4093
2.4341
2.5177
2.5657
2.5146
2.5632
2.6264
2.6276
2.7192
2.6015
2.8315
2.8661
2.7207
2.7128
2.8975
2.938
2.9
3.0852
3.1103
3.2326
3.5018
3.1277
3.3627
3.1392
3.0931
3.5059
3.306
3.4097
3.545
3.4343
3.4432
3.4865
3.5287
3.6299
3.6757
3.7693
3.9806
3.749
3.9291
3.829
3.8811
3.9234
3.8258
4.103
4.1156
3.9048
4.1355
4.2727
4.2759
4.3445
4.4175
4.3588
4.5651
1.2185
1.2717
1.2843
1.3301
1.36
1.3154
1.3286
1.2971
1.3191
1.3474
1.3855
1.5237
1.5364
1.5819
1.6344
1.5563
1.6548
1.6737
1.6837
1.6884
1.7289
1.7055
1.7394
1.7791
1.8121
1.9059
1.9273
1.9636
2.0174
1.9689
2.063
2.0481
1.9987
2.2601
2.2291
2.2209
2.2261
2.2626
2.289
2.4186
2.3939
2.4695
2.3652
2.5895
2.522
2.5446
2.5087
2.6539
2.663
2.7631
2.6834
2.7877
2.8179
2.8443
2.8226
2.8161
2.8427
2.9125
2.9301
2.9054
2.8863
3.0614
3.0449
3.136
3.1922
3.1972
3.2258
3.3067
3.3266
3.3299
3.4534
3.4722
3.6017
3.4797
3.6149
3.5785
3.6409
3.521
3.6942
3.7387
3.7783
3.7269
4.1947
3.8132
4.0479
4.1839
4.1358
4.1626
4.0189
4.2009
4.3189
4.1907
4.2769
4.7097
4.273
4.5473
4.7596
4.6572
4.9869
1.2793
1.2804
1.2962
1.3106
1.3542
1.3587
1.4546
1.5125
1.5622
1.4887
1.4928
1.5891
1.5969
1.5969
1.5733
1.6602
1.771
1.7481
1.8176
1.811
1.697
1.8372
1.8636
1.9093
1.9865
1.9363
1.9786
1.9869
1.9268
2.1535
2.0494
2.044
2.1824
2.1733
2.2074
2.1898
2.3731
2.3987
2.5468
2.391
2.5545
2.4916
2.5093
2.6585
2.7388
2.5375
2.8144
2.7265
2.7537
2.6323
2.8671
2.816
2.7611
2.9092
2.9537
3.2695
3.1481
3.0168
3.1084
3.2035
3.1151
3.2792
3.4703
3.2593
3.2309
3.4114
3.4841
3.4568
3.4456
3.5537
3.7303
3.5074
3.8871
3.6214
3.6657
3.9561
3.8485
3.7421
3.9981
4.1312
4.2866
4.272
4.2033
4.2137
3.9148
4.203
4.4871
4.2425
4.651
4.507
4.4872
4.6023
4.278
4.4331
4.8951
4.868
5.1367
5.031
4.7961
1.3317
1.368
1.4475
1.5361
1.5212
1.5237
1.5591
1.6043
1.6853
1.6441
1.6864
1.6837
1.7641
1.7863
1.7111
1.6972
1.8175
1.8453
1.8631
1.8915
1.9296
1.9568
1.9692
1.9032
1.9032
2.0105
1.9923
2.0128
2.0994
2.2004
2.0784
2.2894
2.23
2.2408
2.2962
2.414
2.4467
2.5435
2.4727
2.6007
2.6762
2.4937
2.7134
2.7439
2.8449
2.9609
2.8138
2.8146
2.7484
2.9755
2.8056
2.9646
3.1108
2.9551
3.0898
3.1603
3.1345
3.3074
3.3272
3.3892
3.2643
3.1929
3.1427
3.4403
3.2765
3.3633
3.6101
3.6925
3.7708
3.5285
3.6057
3.6734
3.8826
4.0205
3.8353
3.9115
4.031
3.9689
4.0526
4.1969
4.6092
4.2239
3.9894
4.536
4.2444
4.5752
4.3778
4.6569
4.3424
4.8462
4.9716
4.7399
4.6909
4.7861
5.2174
5.1127
5.0964
4.9888
5.4173
1.4885
1.5018
1.5313
1.5103
1.6411
1.6763
1.6293
1.6925
1.743
1.6854
1.6739
1.8055
1.7055
1.752
1.8268
1.9321
1.8186
1.8708
1.8609
1.8818
2.0029
2.0749
2.0739
2.1013
2.142
2.0946
2.1378
2.2682
2.3413
2.392
2.4592
2.453
2.4231
2.4498
2.4221
2.386
2.4787
2.5489
2.5823
2.552
2.7474
2.6453
2.805
2.659
2.7267
2.8888
3.0528
2.8256
2.8771
3.0585
3.1213
3.058
3.1641
3.0976
3.1477
3.343
3.3392
3.4421
3.2044
3.2702
3.435
3.4148
3.5578
3.6572
3.5449
3.7995
3.5152
3.6044
3.8079
3.8083
3.7622
3.7309
3.7298
3.9255
4.1319
4.0316
4.0076
4.3218
3.94
4.2376
4.433
4.5441
4.5549
4.4187
4.7991
4.5638
4.5462
4.6983
4.9929
4.9574
5.0969
4.7166
5.0157
4.9645
5.3409
5.1684
5.2402
5.5437
5.5553
1.5622
1.6282
1.6622
1.5658
1.6806
1.8265
1.7503
1.7696
1.7995
1.8079
1.8583
1.8318
1.9347
1.9097
1.9902
1.9334
1.9258
2.0001
2.0001
2.0121
2.0182
2.1717
2.1905
2.2149
2.2712
2.3935
2.3892
2.3773
2.4234
2.4969
2.4519
2.3756
2.407
2.5239
2.4677
2.5143
2.5011
2.5176
2.7948
2.7538
2.6735
2.8964
2.7547
2.8524
2.8494
3.0015
2.9318
2.9619
3.2026
3.0348
3.11
3.149
3.375
3.2596
3.3492
3.3982
3.4242
3.4749
3.5087
3.656
3.5992
3.6668
3.7343
3.5685
3.6961
3.8523
3.8515
3.9938
4.3102
4.1041
4.0467
4.0295
4.1618
4.2923
4.1376
4.2744
4.5065
4.402
4.6064
4.742
4.628
4.4786
4.5508
4.4404
4.947
4.8315
4.6848
4.8779
5.1677
5.1711
4.8906
5.3231
5.2096
5.2405
5.7249
5.5583
5.496
5.6862
5.5163
1.6774
1.6938
1.6688
1.7611
1.6999
1.7989
1.838
2.0072
1.902
1.9465
1.846
1.8924
1.9642
1.9282
2.0343
2.0125
2.0382
2.1941
2.1783
2.2052
2.1855
2.2007
2.2122
2.2072
2.392
2.3091
2.4374
2.428
2.5184
2.4858
2.6491
2.6518
2.717
2.7526
2.8472
2.8324
2.8633
2.8621
2.7925
2.9105
2.9136
3.0632
3.0596
3.1279
3.1492
3.1625
3.0216
3.1612
3.1746
3.1655
3.2275
3.2789
3.4569
3.3329
3.4531
3.6019
3.6677
3.5519
3.8066
3.6583
3.5973
3.7919
3.7109
4.1264
4.0339
3.9922
4.0104
3.981
4.3522
4.3234
4.3641
3.8391
4.2429
4.6957
4.4343
4.4352
4.6701
4.299
4.6915
4.7684
4.9859
4.9944
4.9839
5.0446
4.792
5.295
5.0509
5.4673
5.3229
5.128
5.5189
5.0942
5.7807
5.9611
5.6051
6.0715
6.1889
6.5451
5.9878
1.726
1.8317
1.8122
1.8955
1.8587
1.9003
1.9635
1.9957
1.9803
1.9343
2.1409
2.1162
2.1851
2.1786
2.2514
2.2146
2.1739
2.2299
2.2254
2.2732
2.2744
2.3105
2.3756
2.4353
2.5754
2.4699
2.5549
2.6172
2.6075
2.7204
2.6735
2.7325
2.9047
2.85
2.6784
2.9065
2.9303
3.159
3.1199
3.099
3.1076
3.2066
3.2424
3.1363
3.0658
3.3358
3.2463
3.4408
3.5041
3.4357
3.4621
3.5983
3.3493
3.4637
3.6635
3.6133
3.6744
3.8096
3.7492
3.7057
3.9592
3.9493
4.0169
3.9943
4.1048
4.3357
4.2571
4.1327
4.2715
4.1495
4.1796
4.6156
4.2767
4.7058
4.3746
4.6563
4.8196
4.6673
4.9138
5.2374
4.8719
5.6343
5.504
5.4893
5.095
5.3517
5.464
5.5394
5.394
5.6397
5.6498
5.4501
6.0697
5.7439
6.4597
5.9907
6.7001
5.8119
6.8214
1.8776
1.9444
1.936
2.0583
2.0467
2.0879
2.1491
2.1333
2.1278
2.3357
2.3184
2.2647
2.3459
2.3014
2.3253
2.3968
2.4741
2.4863
2.4172
2.5035
2.5037
2.6491
2.6286
2.6501
2.7617
2.7244
2.6446
2.7783
2.8698
2.8417
2.8495
2.8205
2.9534
2.911
3.0275
3.0583
3.1125
3.0681
3.215
3.2277
3.1922
3.1775
3.59
3.3261
3.3975
3.4561
3.4112
3.4159
3.5697
3.4962
3.5281
3.386
3.7974
3.705
3.8771
3.9191
3.9451
4.0079
4.2913
3.9366
4.0668
4.1911
4.1254
4.4291
4.3188
4.3965
4.4636
4.2892
4.761
4.5096
4.838
4.6579
4.8813
4.6802
5.0921
4.8312
4.8293
5.1295
5.0891
4.9548
5.2621
5.4925
5.2914
5.7316
5.263
6.2509
5.6768
5.9145
5.768
6.2693
6.1573
6.328
6.2426
6.4995
6.5273
6.8186
6.8624
6.3934
7.1236
2.1142
1.9468
2.1316
2.0481
2.0291
2.0745
2.1765
2.2101
2.3604
2.2428
2.362
2.4305
2.4289
2.536
2.4923
2.5891
2.496
2.4497
2.407
2.7397
2.6618
2.7045
2.8775
2.7795
2.6896
2.9073
2.7488
3.0191
3.0342
3.0298
3.0793
3.0613
3.2838
3.2147
3.2683
3.1505
3.2753
3.417
3.4893
3.4134
3.5212
3.5382
3.4618
3.4657
3.4863
3.7272
3.9438
3.8246
3.8861
4.0217
3.9962
3.8877
3.9302
4.2365
4.0248
4.1263
3.9196
4.1882
4.136
4.2705
4.5403
4.4936
4.7278
4.6936
4.4309
4.8743
4.8145
4.6119
4.5628
4.8944
5.162
4.7416
4.863
5.173
4.7803
5.2069
5.6649
5.425
5.35
5.7227
5.5498
5.4367
5.7101
5.9175
5.7303
6.0487
5.8092
6.1128
6.1126
5.8916
6.0278
6.9304
6.1404
6.0728
7.3115
7.2149
7.2229
7.256
7.745
2.1155
2.2545
2.1822
2.0742
2.2185
2.1808
2.268
2.2937
2.3516
2.475
2.463
2.4068
2.495
2.575
2.5694
2.5378
2.57
2.5986
2.6791
2.8113
2.6308
2.9052
2.9048
2.8805
2.7662
2.8291
2.781
3.0797
2.8677
3.0131
3.1449
3.119
3.2364
3.2559
3.2315
3.4255
3.4222
3.535
3.437
3.4677
3.7079
3.68
3.6386
3.863
3.8386
3.8131
3.8823
4.0157
4.0752
3.8504
4.2654
4.1692
4.0568
4.2051
4.2722
4.1401
4.3702
4.3558
4.3612
4.6077
4.559
4.6457
4.7673
4.9521
4.9283
4.8505
4.9923
4.5843
5.0772
5.0953
5.1451
4.9445
5.2565
5.5462
5.5344
5.1292
5.8764
5.632
5.8636
5.6523
5.6316
6.063
6.2189
6.0252
6.244
6.5519
6.4421
6.5816
7.0278
6.3471
7.2642
6.9194
7.0146
6.7219
7.2482
7.2653
7.7169
7.8401
8.2902
2.2529
2.289
2.3085
2.3714
2.3898
2.3753
2.4226
2.4704
2.6419
2.4318
2.5605
2.733
2.6977
2.801
2.7984
2.837
2.8238
2.7561
2.8559
2.8321
3.0677
2.9315
3.053
2.9492
3.1047
3.1972
3.173
3.1537
3.1995
3.4902
3.3908
3.3453
3.4505
3.4757
3.3684
3.3796
3.5875
3.6659
3.6082
3.7078
3.7189
3.7687
3.9424
3.9645
3.9918
3.9225
3.8444
4.2302
4.351
4.4239
4.135
4.3339
4.3314
4.2449
4.2094
4.5176
4.3061
4.6472
4.6423
4.7508
4.9123
4.685
4.6714
4.7245
4.989
5.0124
5.2653
5.1185
5.0985
5.5282
5.0291
5.5885
5.566
5.7636
5.713
5.7022
5.8829
5.521
5.8328
6.1712
6.3541
6.0121
6.8214
5.8658
6.751
6.1197
6.4171
6.9913
6.4762
6.6756
7.0168
6.7458
6.855
7.5295
7.3459
7.3345
7.6281
8.556
8.6229
2.3582
2.3909
2.5025
2.5544
2.6331
2.6516
2.6221
2.6936
2.7617
2.8338
2.7847
3.0048
2.8646
2.8225
2.7892
2.7643
2.9313
3.0557
3.0722
2.9815
3.2728
3.216
3.168
3.0269
3.2706
3.5376
3.4505
3.3572
3.3782
3.4276
3.4637
3.5897
3.7081
3.6011
3.6844
3.779
3.8104
3.8378
3.9396
3.9263
3.896
3.9926
4.1988
4.2339
4.0991
4.3234
4.2114
4.1635
4.0186
4.4025
4.4489
4.3913
4.673
4.7296
4.695
4.5423
4.5603
4.7156
4.7669
4.7305
4.9157
5.3135
4.7109
5.1098
5.3499
5.2989
5.1282
5.4946
5.7752
5.3328
5.5519
5.6121
5.8546
5.6447
6.0616
6.0946
5.848
6.2961
6.0662
6.9567
6.2086
6.4298
5.9434
6.5022
6.8639
6.7805
7.0155
7.2865
6.8671
7.9638
7.8235
7.5687
7.1119
8.0356
8.0782
8.3241
8.1886
8.3035
8.847
2.5024
2.7191
2.6773
2.644
2.7133
2.8218
2.9061
2.6968
2.8884
2.8878
2.9979
2.9042
2.9881
2.9147
3.1402
3.067
3.2289
3.1265
3.3079
3.2771
3.1865
3.2604
3.3221
3.4326
3.5118
3.6009
3.4233
3.7113
3.6859
3.5714
3.7579
3.6382
3.8818
3.8136
3.9651
3.891
4.0727
4.0151
4.1137
3.9782
4.1396
4.1781
4.2012
4.2893
4.5592
4.382
4.4552
4.4148
4.5458
4.4603
4.8009
4.8701
4.6808
4.7455
5.0852
4.9396
5.128
4.8239
5.2107
4.9791
5.2389
5.4675
4.8995
5.3398
5.6236
5.703
5.5394
5.8112
5.964
6.0084
5.622
6.2297
6.2641
6.9784
6.2929
6.6978
6.8801
6.8885
7.3134
7.2611
6.896
6.4891
7.1899
7.5367
8.174
7.7692
8.5855
7.8841
7.3813
7.4335
8.5743
7.515
8.537
8.2618
7.5379
8.213
8.539
8.5158
9.2608
2.7851
2.6675
2.752
2.6327
2.785
2.9702
2.9728
2.8353
2.8944
2.8766
3.0974
3.1022
3.1592
3.0683
3.2746
3.3319
3.1508
3.2946
3.4417
3.462
3.3964
3.4611
3.61
3.6174
3.752
3.7172
3.6859
3.646
3.7517
3.994
3.7669
3.9471
4.0259
3.9671
4.3036
4.2489
4.2643
4.0774
4.4139
4.4119
4.467
4.4852
4.6476
4.537
4.647
4.3284
4.6584
4.5616
4.6512
4.7469
5.1162
4.9997
4.7752
5.0396
5.5107
4.9287
5.2305
5.228
5.6563
5.2165
5.2366
5.3267
5.978
5.5149
5.9235
6.0722
5.9451
6.4594
5.865
6.1687
6.5763
7.0833
7.0648
6.3153
6.9627
6.9291
6.4241
7.0989
7.5511
7.5159
7.4817
7.4936
8.1611
7.3491
7.5998
7.9154
8.2408
7.9988
8.4593
8.5713
8.1887
8.3503
8.137
8.5466
9.2618
9.0281
8.5128
9.4193
8.7676
2.856
2.9023
2.887
2.8846
3.0126
3.0842
3.0411
3.0963
2.9586
2.9691
3.0011
3.2875
3.3563
3.4038
3.4249
3.391
3.4716
3.3749
3.4825
3.6048
3.4433
3.65
3.6882
3.6982
3.4943
3.8136
3.8262
3.7893
3.9726
4.004
4.0485
4.2702
4.32
4.1257
4.2518
4.2555
4.6235
4.1939
4.3755
4.6836
4.4659
4.6776
4.7143
4.6075
4.789
5.1465
4.759
4.7692
5.0541
5.2117
5.3223
5.3097
5.3168
5.6542
5.0551
5.2624
5.385
5.7955
5.6651
5.6941
5.9744
6.6441
6.5245
6.3619
6.1103
6.2715
6.4421
6.7125
6.5671
7.0783
6.959
7.3934
7.4225
7.1544
7.3295
7.0771
7.7476
6.9536
8.1838
7.3068
7.7183
8.2223
7.7781
8.1172
8.3661
8.1713
7.7707
9.1336
8.4328
8.9926
8.752
8.5411
9.1507
9.2963
8.8777
9.5201
9.5472
9.5701
9.3373
3.0543
3.0347
2.9196
2.9024
3.179
2.9588
3.1103
3.1644
3.415
3.4257
3.38
3.4213
3.6575
3.4014
3.6125
3.6438
3.5934
3.5923
3.727
3.9059
3.7528
3.8814
3.9107
3.653
3.8964
4.0837
3.9992
4.0464
4.1442
4.1648
4.3546
4.3292
4.3105
4.4487
4.2935
4.6259
4.2724
4.8239
4.3741
4.9056
4.6292
5.0119
4.9988
4.9661
4.9517
4.9565
5.0581
5.5026
4.9462
5.6076
5.435
5.3586
5.36
5.4697
5.5065
5.6119
5.6914
5.9039
6.0419
5.7723
6.3797
7.0493
6.4848
6.5309
7.171
7.1252
6.5052
7.2471
7.0777
7.2292
7.1188
6.8981
6.7263
7.9205
7.3361
7.3196
8.261
7.8803
8.4618
7.51
8.1643
8.7244
8.4814
8.8884
8.5916
8.4299
9.1792
9.3411
8.2045
9.154
9.1113
9.114
9.3347
9.5149
9.268
9.5117
9.6148
8.8313
9.6146
3.0993
3.1974
3.2301
3.3649
3.2894
3.2149
3.2722
3.3812
3.4209
3.4818
3.6072
3.6188
3.7223
3.6948
3.7033
3.6541
3.9598
3.7956
3.8261
3.8415
3.9622
3.9314
3.9583
4.0106
4.2398
4.0863
4.3292
4.3303
4.6595
4.109
4.1853
4.5058
4.4136
4.5704
4.6206
4.5219
5.0319
4.859
4.5795
5.0039
5.0951
5.0513
5.2943
5.2782
5.1146
5.086
5.5911
5.0313
5.4566
5.6656
5.6757
6.2714
6.025
5.6799
5.8185
6.028
6.2803
5.7516
6.2424
5.9885
6.54
6.9911
6.8887
7.4003
6.7009
7.563
6.6827
7.4553
7.6987
7.4107
7.8913
7.2924
8.0291
7.9668
7.8831
7.7606
7.7449
8.0423
9.3157
8.8793
8.297
8.9413
9.0705
8.9297
8.6419
9.5411
9.359
9.1263
9.6052
9.5582
9.6817
9.6409
9.446
9.3566
9.6249
9.5403
9.605
9.599
9.6348
3.0921
3.2538
3.2266
3.2489
3.3395
3.3155
3.4445
3.5288
3.5374
3.4443
3.4194
3.7493
3.8088
3.6599
3.7237
4.0738
4.0087
4.1502
4.0214
4.0429
4.0231
4.0818
4.1622
4.0142
4.542
4.3447
4.4806
4.5039
4.4191
4.7231
4.5299
4.5279
4.811
5.11
4.6958
5.0622
4.9792
5.1986
4.8529
5.34
5.4101
5.1933
5.337
5.6057
5.2513
5.4273
5.4369
6.1289
6.3082
5.9306
5.9567
6.0342
6.3165
6.2744
6.0401
6.157
6.6254
6.7868
6.221
6.6038
7.3908
7.1047
7.5383
6.6953
7.2773
7.254
7.4967
7.653
7.1573
8.3637
7.734
8.2673
8.4854
8.5148
8.4726
9.0576
8.1912
8.9384
9.3015
9.1172
9.1047
9.3705
9.5176
9.2229
9.135
9.1894
9.2737
9.433
9.5389
9.5451
9.7764
9.4017
9.6193
9.6208
9.6432
9.4161
9.7464
9.6058
9.6245
3.2464
3.6325
3.6247
3.5372
3.5921
3.6424
3.6566
3.6988
3.7503
3.8844
3.8789
3.8117
3.9864
4.0008
3.9994
4.0396
3.9781
4.0535
4.4731
4.5656
4.2089
4.1613
4.3315
4.7325
4.696
4.6188
4.7332
4.6483
4.7554
4.6404
4.7479
5.2818
4.891
5.4311
5.4159
5.0431
5.2776
5.2869
5.1828
5.3281
5.4552
5.5939
5.805
5.7073
5.7538
6.1925
5.932
5.8
6.1344
6.7811
6.9369
6.884
6.5993
6.639
7.0423
6.8965
6.8295
7.0832
6.638
7.3704
7.6713
7.1523
8.1761
8.0271
7.2029
7.6863
8.3717
8.4141
7.7851
7.7826
8.2225
9.0746
9.2679
9.0575
8.7072
8.7034
9.0028
9.0801
9.0779
9.2211
9.2829
9.401
9.0499
9.4849
9.5932
9.64
9.6716
9.6781
9.678
9.6686
9.6352
9.7214
9.712
9.6427
9.7076
9.6833
9.6633
9.8114
9.7834
3.6347
3.9272
3.6943
3.567
3.6643
3.9404
3.8563
4.0456
4.0057
3.9713
3.9164
4.1155
4.1549
4.2058
4.1991
4.1407
4.3711
4.3852
4.6494
4.4457
4.4606
4.4125
4.4301
4.5182
4.8112
4.6471
4.7629
4.9268
5.1939
5.0659
4.8578
5.0993
5.2135
5.307
5.4956
5.1999
5.7401
5.5124
5.7139
6.1269
5.692
5.4
5.7047
5.7987
6.0052
6.3737
6.3864
6.2398
6.3861
6.5978
6.6293
6.4754
7.1773
7.1122
7.1686
7.0469
7.6119
8.1274
7.8164
7.965
8.1654
8.8638
8.1901
8.8474
7.9764
8.823
8.8945
9.1923
8.697
8.8941
9.0109
8.6225
8.8832
9.2869
9.1934
9.2473
9.4855
9.4483
9.4934
9.4174
9.2766
9.5562
9.638
9.6264
9.6763
9.6227
9.5717
9.7183
9.5826
9.6507
9.6401
9.6342
9.6931
9.6853
9.7956
9.8274
9.8186
9.8026
9.8801
3.8079
3.5384
4.1789
3.8221
3.8598
3.9909
3.8226
4.1649
4.0851
4.1793
4.3091
4.3997
4.2956
4.563
4.5118
4.8143
4.4303
4.6595
4.8901
4.458
5.0068
4.6971
4.9102
5.0374
4.9757
5.2781
5.4657
5.0108
5.2602
5.3147
5.0681
5.3762
5.5278
5.7046
5.7434
5.5052
6.1544
5.9701
5.8723
6.2444
6.0969
6.0168
6.2228
6.7569
7.1527
7.2855
7.0564
7.2619
6.8326
7.5018
7.6386
7.8471
7.479
6.9706
7.8627
7.5002
8.4394
7.3087
7.7133
7.9257
8.1449
8.1008
8.1636
8.3605
8.1054
8.6513
8.598
8.9925
9.1658
8.9149
8.4103
8.5785
9.3947
9.0326
9.4539
9.3449
9.4268
9.5305
9.2688
9.5623
9.5765
9.3556
9.5228
9.655
9.6271
9.6733
9.6733
9.773
9.6805
9.6006
9.6771
9.7072
9.7346
9.7691
9.8069
9.8228
9.9219
9.9219
9.9219
4.1409
4.064
4.0896
4.1838
4.2006
4.4148
4.0733
4.2619
4.4795
4.6147
4.5669
4.4922
4.6737
4.7299
4.6233
4.9122
4.7726
4.8867
4.9685
4.8539
4.944
5.1218
5.309
5.0825
5.6032
5.7871
5.2722
5.9107
5.4389
5.743
5.4177
6.0585
5.8251
5.6478
5.9027
6.1644
6.4312
6.5752
6.4437
6.6939
6.6465
6.0732
7.5908
7.1989
7.4636
7.3593
6.8832
7.9506
7.3546
7.1006
7.3297
7.9017
7.6213
8.2074
8.0315
8.6863
7.8662
8.3863
8.9565
8.6164
8.686
8.5662
9.1007
9.3325
8.9973
9.4713
9.0882
9.4861
9.3202
9.3425
9.4062
9.6527
9.5323
9.4961
9.5868
9.3055
9.4166
9.7356
9.7167
9.6351
9.6372
9.6961
9.7456
9.6137
9.617
9.7487
9.7707
9.7431
9.6545
9.7736
9.7539
9.6844
9.7898
9.7898
9.7747
9.8114
9.8109
9.8109
9.8151
4.3549
4.2914
4.3148
4.2388
4.182
4.2845
4.2741
4.4594
4.5897
4.3305
4.7153
4.7085
4.8643
4.8531
4.9203
5.0448
4.9187
5.1436
5.1889
5.1572
5.1667
5.098
5.2634
5.4361
5.6354
5.9303
5.8457
5.9007
6.1191
5.6511
5.6524
6.0437
6.8371
6.6202
6.2331
6.4347
6.4448
6.8158
6.7513
6.5541
7.4166
7.0873
7.2736
7.4649
8.1668
7.8183
8.0593
8.1983
7.5317
8.4301
7.6702
8.2053
8.3058
8.8521
8.2564
8.4852
8.7868
9.5618
8.803
9.5799
9.3165
8.4556
8.8799
9.3977
9.2133
9.1628
9.4509
9.2614
9.5164
9.4341
9.5287
9.6079
9.6814
9.5647
9.4383
9.7227
9.6065
9.8111
9.8172
9.5966
9.7537
9.6297
9.7409
9.7486
9.8908
9.7372
9.8254
9.7937
9.8518
9.8022
9.8569
9.8569
9.8569
9.8214
9.7981
9.7679
9.8308
9.8006
9.8391
4.5938
4.5731
4.7
4.4957
4.7286
4.7588
4.568
4.6747
4.5741
4.6501
4.971
5.0656
5.0985
4.9077
5.2126
5.2861
5.1109
5.6132
5.823
5.5829
5.4056
5.2473
5.3625
5.6767
5.5231
6.0603
6.2533
5.8578
6.5483
6.4382
5.9342
6.6438
6.4864
6.6865
6.987
6.9224
6.6347
6.7709
6.8064
7.3887
6.96
7.4629
7.7242
7.1066
7.8559
8.2141
8.3467
8.3136
8.1995
7.5209
8.0685
8.9871
8.1456
8.4024
9.0697
9.0044
9.5231
9.3393
8.8713
8.4048
9.5289
9.4569
9.344
9.3144
9.4679
9.705
9.7034
9.5698
9.6422
9.6716
9.7186
9.8011
9.8548
9.831
9.831
9.8064
9.779
9.86
9.8185
9.8231
9.7887
9.8373
9.8809
9.745
9.8239
9.8079
9.8503
9.7352
9.8493
9.8326
9.8205
9.8307
9.8307
9.8343
9.8343
9.8486
9.9176
9.9372
9.9272
4.7658
4.8225
4.6422
4.8064
4.8969
4.9392
5.2042
4.8535
5.2492
4.8725
5.2972
5.0387
5.5241
5.5756
5.3571
5.2435
5.3524
5.221
5.2784
5.691
5.9115
5.8735
6.7248
6.012
5.9515
6.3905
6.3494
6.5869
6.0549
6.1502
6.2632
6.4475
7.0673
7.0557
7.845
7.0046
7.9377
7.44
7.2139
7.6592
8.1172
8.3322
7.9229
8.6274
8.2096
8.2373
8.2247
8.9731
8.99
8.9943
9.3621
9.0347
9.4775
8.975
9.158
8.6809
9.7426
9.3469
9.5113
9.7949
9.4194
9.7249
9.7453
9.6746
9.7618
9.4646
9.7385
9.5644
9.6701
9.8116
9.6845
9.7351
9.7288
9.6128
9.6548
9.6298
9.8075
9.7833
9.8328
9.8051
9.8544
9.8327
9.8272
9.8104
9.8335
9.8859
9.879
9.9032
9.9014
9.8455
9.8455
9.9352
9.9352
9.9352
9.9058
9.9352
9.9447
9.9447
9.9324
5.2615
4.6256
4.8322
5.1251
5.0942
5.0736
5.2085
5.3414
5.4924
5.2646
5.5508
5.1978
5.2864
5.7309
5.6446
5.5745
5.6596
6.0526
6.523
5.8043
6.3456
6.4751
6.2952
6.6782
6.9235
6.1981
6.5908
6.5693
7.1307
7.4662
7.3335
7.5921
7.0525
7.2894
7.7032
7.1365
8.5582
8.682
8.7759
8.8308
8.1664
8.0294
7.9568
8.176
9.2907
8.9598
9.5427
8.9794
9.2992
9.557
9.295
9.5127
9.3954
9.314
9.7456
9.6995
9.4537
9.5895
9.5684
9.7336
9.6711
9.741
9.7493
9.8312
9.7192
9.7696
9.7607
9.7425
9.8416
9.8471
9.8626
9.831
9.877
9.8541
9.8541
9.8552
9.8585
9.8608
9.878
9.8987
9.9033
9.9216
9.833
9.8921
9.8921
9.8129
9.8407
9.8376
9.8376
9.8201
9.8213
9.8857
9.8854
9.8854
9.8887
9.8587
9.8515
9.9043
9.9043
5.0819
4.8961
5.0997
5.6152
5.5698
5.5602
5.5607
5.3111
5.5076
5.2327
5.5106
6.0898
6.1353
6.2274
6.1489
6.2901
6.0109
6.3906
6.4679
6.3441
6.1203
6.6957
7.0725
6.6772
6.7513
6.7358
7.0235
6.7818
7.4595
7.193
7.0515
7.1026
7.55
7.8786
8.8145
8.4538
8.2286
8.0503
8.5153
8.5029
9.3079
9.0001
8.7742
8.9963
9.3901
9.4564
9.5474
9.6185
9.744
9.5087
9.2555
9.2949
9.6504
9.7699
9.7328
9.6888
9.7872
9.8473
9.8102
9.7865
9.6732
9.7772
9.6917
9.8092
9.793
9.8481
9.7935
9.6798
9.8377
9.7831
9.7623
9.7717
9.8821
9.8554
9.8486
9.9437
9.9465
9.9415
9.9388
9.9157
9.9218
9.9299
9.9012
9.8885
9.8417
9.9033
9.9033
9.9156
9.8721
9.897
9.897
9.897
9.897
9.897
9.897
9.9106
9.8841
9.8841
9.8968
5.2258
5.2296
5.5759
5.2323
5.5157
5.7849
5.9804
6.3186
6.2678
6.0149
6.1468
6.1331
6.0791
6.5657
5.9598
6.5986
7.1888
6.2854
6.5531
6.3466
7.0697
6.5503
6.7688
7.1262
7.6946
8.0143
8.2304
8.2781
7.5373
8.7718
8.6588
8.0122
8.6743
9.2018
9.0489
9.2251
8.7568
8.8916
9.3427
9.2376
8.6193
8.7194
9.2954
8.9421
9.3821
9.4671
9.5829
9.644
9.614
9.3929
9.5677
9.6375
9.7079
9.6748
9.7397
9.8444
9.7505
9.8221
9.7629
9.8695
9.7316
9.7666
9.6189
9.792
9.857
9.8375
9.8796
9.9034
9.9034
9.9034
9.8729
9.8576
9.8225
9.9097
9.8726
9.9257
9.8969
9.9273
9.8711
9.8711
9.8688
9.8688
9.8677
9.8801
9.8834
9.8332
9.8088
9.8442
9.8017
9.8319
9.8319
9.909
9.899
9.899
9.899
9.8745
9.9069
9.9069
9.9069
6.0517
5.8134
5.7621
6.2178
5.6852
6.0132
6.5133
6.2624
5.9363
6.292
6.5966
6.3243
7.1429
6.5348
6.4845
6.5072
7.073
7.0151
7.4626
8.0973
7.1681
7.3472
7.25
7.6404
7.9502
7.7851
7.766
7.9506
7.7237
8.571
9.0705
8.3014
8.8664
8.9477
9.4959
9.6135
9.1544
8.3017
9.4689
9.6906
9.3268
9.631
9.5186
9.5714
9.4668
9.3793
9.3317
9.6604
9.8266
9.8262
9.8775
9.8707
9.7464
9.7464
9.867
9.867
9.8609
9.8883
9.8893
9.8258
9.8274
9.8507
9.8314
9.8314
9.8356
9.8521
9.8775
9.8288
9.8264
9.8309
9.8631
9.8631
9.8928
9.9097
9.9251
9.9257
9.8969
9.9273
9.8883
9.8781
9.8551
9.8774
9.8845
9.8717
9.8834
9.8789
9.8831
9.8442
9.8673
9.8738
9.8738
9.899
9.8741
9.8741
9.881
9.8721
9.9069
9.9069
9.9069
6.5794
5.8169
6.1181
5.8095
6.0971
6.6589
6.4495
6.3744
6.9478
6.642
6.7492
7.0696
6.9662
6.9749
8.2288
7.5307
7.9313
7.747
6.9793
8.3278
7.8692
7.5721
8.602
7.7984
9.0313
9.0386
8.8101
8.7843
8.7596
8.6895
8.712
9.1955
9.3962
9.2698
9.4252
9.3711
9.0597
9.5461
9.3611
9.3734
9.4396
9.296
9.5477
9.507
9.6905
9.6474
9.7274
9.7332
9.7602
9.67
9.6398
9.6908
9.6828
9.7603
9.7328
9.828
9.6347
9.8751
9.8484
9.814
9.8631
9.8359
9.8351
9.7866
9.8934
9.8934
9.8934
9.815
9.8525
9.8541
9.8656
9.8019
9.8801
9.8528
9.8528
9.8654
9.8704
9.8704
9.8704
9.8979
9.8942
9.9417
9.9467
9.9118
9.9118
9.8882
9.9009
9.9009
9.8906
9.9466
9.9466
9.9567
9.953
9.9553
9.9553
9.9553
9.9553
9.9553
9.9553
6.6157
6.4945
6.3572
6.8238
7.1527
6.8881
6.4434
6.6583
7.0274
6.8102
6.9667
7.7204
7.9438
7.7001
7.9161
7.7268
7.7578
8.1545
8.3411
8.469
7.5395
8.9364
9.2002
9.3463
9.4632
9.1941
9.1251
9.0546
9.0844
9.1041
9.2522
9.1354
9.4643
9.4539
9.4608
9.3762
9.6956
9.388
9.3667
9.6518
9.5578
9.7027
9.524
9.6097
9.5618
9.686
9.5379
9.8187
9.8251
9.7
9.7663
9.7676
9.7549
9.6762
9.8098
9.8054
9.8974
9.8807
9.8807
9.8972
9.9267
9.8126
9.8511
9.7772
9.9136
9.8798
9.9083
9.9083
9.9083
9.9069
9.912
9.8777
9.9136
9.9157
9.8556
9.8191
9.8117
9.8117
9.836
9.9364
9.9364
9.9639
9.9639
9.923
9.9433
9.9433
9.9433
9.9433
9.9433
9.9451
9.9451
9.9485
9.9485
9.9583
9.9583
9.9588
9.9588
9.9588
9.9606
6.1777
6.7999
7.0843
6.791
6.9397
7.0432
6.9121
7.0407
7.4759
7.0072
7.6307
8.136
8.1938
7.5571
8.5475
7.9131
8.8427
7.9762
7.9623
8.6385
8.4815
8.3935
9.3542
9.3931
8.6464
8.8744
9.1214
8.9934
9.5593
9.3161
9.4746
9.2471
9.6837
9.7229
9.6967
9.6404
9.5906
9.6058
9.6814
9.7763
9.8241
9.8482
9.7958
9.8287
9.821
9.8536
9.8536
9.824
9.824
9.8003
9.7584
9.7521
9.7486
9.7804
9.8675
9.8781
9.7804
9.8902
9.874
9.9369
9.9411
9.8506
9.8506
9.8964
9.9216
9.9216
9.9251
9.9041
9.9041
9.9041
9.912
9.9074
9.9392
9.9392
9.9035
9.9035
9.9176
9.9198
9.9146
9.9209
9.9247
9.9595
9.9595
9.923
9.9172
9.9172
9.9172
9.9172
9.9172
9.9513
9.9513
9.9434
9.9434
9.9559
9.9501
9.9651
9.9651
9.9651
9.9563
7.33
7.528
7.8048
7.285
7.5552
8.3037
6.9376
7.4891
7.8107
8.3675
8.3674
7.6738
8.0875
8.8005
9.0251
8.8628
8.7856
8.7924
8.8821
9.1406
9.1178
9.1674
9.4712
9.2567
9.0454
9.5802
9.2803
9.3844
9.7107
9.5089
9.6436
9.6536
9.7357
9.7879
9.7539
9.7593
9.7746
9.7993
9.8482
9.8482
9.8839
9.8839
9.8598
9.7927
9.8512
9.895
9.895
9.8362
9.8462
9.7604
9.7532
9.8255
9.739
9.824
9.8262
9.8462
9.8953
9.863
9.8952
9.8782
9.8782
9.9303
9.9303
9.9077
9.9082
9.9074
9.9055
9.9147
9.9147
9.9147
9.8805
9.9342
9.9181
9.8968
9.9219
9.9261
9.9261
9.9198
9.9146
9.9388
9.9388
9.9595
9.9595
9.9504
9.9504
9.9563
9.9563
9.9344
9.9344
9.9344
9.9396
9.9396
9.9534
9.9559
9.9585
9.9651
9.9651
9.9651
9.9588
6.8416
7.8026
7.1317
7.3369
7.7404
7.636
8.2322
8.4741
8.8203
8.6197
9.0992
8.9483
7.9223
9.1182
9.2091
9.2603
9.3895
8.7669
8.8468
8.7259
9.4724
8.8818
8.9918
9.4399
9.4039
9.7441
9.7743
9.7873
9.6074
9.7346
9.5347
9.6362
9.6533
9.6883
9.7317
9.6286
9.7267
9.6883
9.7631
9.8189
9.7896
9.7896
9.7803
9.7897
9.8211
9.7844
9.7844
9.8693
9.8693
9.7972
9.8337
9.877
9.832
9.8942
9.8378
9.8855
9.8806
9.8859
9.9117
9.91
9.935
9.9186
9.8879
9.9147
9.8564
9.9054
9.9054
9.9054
9.9054
9.8882
9.8786
9.91
9.91
9.9256
9.9256
9.9256
9.9256
9.9161
9.9193
9.9243
9.9348
9.9348
9.9291
9.9338
9.9338
9.9674
9.9674
9.9639
9.9552
9.9552
9.9463
9.9463
9.9463
9.9578
9.9549
9.9679
9.9679
9.9679
9.9371
8.2808
7.8345
8.2237
8.1735
8.1962
7.7302
8.4101
9.0537
9.0742
8.9435
9.3425
9.6375
9.3452
9.5095
9.3166
9.4965
9.2279
9.0405
9.7093
9.5552
9.6864
9.7384
9.7256
9.6311
9.5912
9.5396
9.6844
9.6967
9.8322
9.783
9.64
9.6701
9.5009
9.6605
9.6605
9.7647
9.7647
9.7647
9.7647
9.7942
9.7382
9.736
9.7721
9.7721
9.7074
9.7731
9.8433
9.8911
9.8485
9.8485
9.8096
9.8405
9.9413
9.9413
9.9396
9.9396
9.9396
9.9283
9.931
9.924
9.924
9.889
9.9353
9.9688
9.8897
9.9004
9.8963
9.9085
9.9085
9.9085
9.9119
9.8935
9.8935
9.9427
9.9427
9.9427
9.9428
9.9357
9.9357
9.9357
9.9357
9.9565
9.9565
9.9538
9.9538
9.9551
9.9551
9.9679
9.9523
9.9523
9.9656
9.9656
9.9656
9.9557
9.9555
9.9555
9.9555
9.9555
9.9555
8.1255
8.0367
8.8448
8.4158
8.488
9.0737
9.2935
9.2438
8.8538
9.34
8.9533
9.5642
9.3856
9.6969
9.6279
9.7101
9.7255
9.7669
9.7382
9.6635
9.724
9.5623
9.7768
9.8274
9.591
9.5432
9.5769
9.6068
9.7977
9.7854
9.7075
9.6716
9.6781
9.6781
9.6518
9.7539
9.691
9.816
9.7928
9.8062
9.8062
9.8147
9.8055
9.8234
9.8234
9.7956
9.7956
9.8911
9.843
9.8433
9.8725
9.8495
9.9396
9.9375
9.9447
9.9449
9.9449
9.946
9.9137
9.9267
9.9267
9.9267
9.9267
9.9654
9.9186
9.8974
9.8974
9.8563
9.8908
9.9103
9.9103
9.9103
9.9103
9.8934
9.8934
9.8934
9.8934
9.9352
9.932
9.932
9.932
9.9622
9.9622
9.9622
9.9622
9.9633
9.9633
9.9637
9.9656
9.9656
9.9557
9.9557
9.9571
9.9555
9.9677
9.9682
9.9682
9.9682
9.9682
8.305
9.232
9.0479
8.6417
8.6012
8.768
9.4894
9.0758
8.9842
9.1815
9.3989
9.7576
9.4596
9.3602
9.7239
9.6148
9.638
9.7129
9.8062
9.8566
9.7822
9.7413
9.8124
9.8337
9.7486
9.6186
9.5515
9.71
9.7818
9.8039
9.7676
9.7321
9.7888
9.7888
9.7888
9.7975
9.7975
9.7919
9.7712
9.716
9.8332
9.8364
9.8126
9.8094
9.8318
9.8318
9.8318
9.9021
9.9021
9.9021
9.9021
9.8606
9.9489
9.946
9.946
9.946
9.9426
9.9538
9.9467
9.9267
9.9267
9.9267
9.9267
9.9654
9.9236
9.9152
9.9152
9.9182
9.9182
9.9194
9.9194
9.9194
9.9194
9.9024
9.9011
9.9011
9.9126
9.9352
9.932
9.932
9.932
9.9622
9.9622
9.9622
9.9622
9.9609
9.9609
9.9637
9.9656
9.9656
9.9557
9.9557
9.9571
9.9555
9.9677
9.9682
9.9682
9.9682
9.9682
8.3785
8.6224
9.1995
8.422
9.1672
9.0116
9.2576
9.4606
9.6551
9.5001
9.5526
9.8076
9.8615
9.7425
9.6441
9.8444
9.7939
9.7916
9.8031
9.7478
9.7985
9.7921
9.7984
9.7984
9.7899
9.7745
9.7529
9.7662
9.6646
9.6869
9.7359
9.7485
9.8297
9.8297
9.8391
9.823
9.8191
9.7786
9.9021
9.9021
9.909
9.909
9.909
9.909
9.909
9.8289
9.8768
9.9485
9.9485
9.9415
9.952
9.9598
9.9598
9.9494
9.9494
9.9494
9.9221
9.9334
9.9099
9.9322
9.9322
9.9411
9.9067
9.9298
9.9489
9.9489
9.9489
9.9489
9.9489
9.9489
9.9403
9.9372
9.9677
9.9677
9.9677
9.9677
9.9677
9.9641
9.9641
9.9485
9.9523
9.9389
9.9389
9.9389
9.9389
9.962
9.9661
9.9594
9.9655
9.9655
9.9655
9.9655
9.9655
9.9655
9.9655
9.9655
9.9655
9.9655
9.9655
9.5043
9.4569
9.4982
9.5006
9.4849
9.4163
9.5474
9.6054
9.6649
9.6176
9.519
9.665
9.6526
9.8297
9.77
9.7489
9.8014
9.694
9.7489
9.7046
9.8209
9.7829
9.7953
9.8376
9.6485
9.8185
9.8185
9.8601
9.8278
9.7726
9.8459
9.8285
9.8133
9.8189
9.8423
9.8201
9.9057
9.8624
9.8894
9.8894
9.9062
9.9062
9.9062
9.8915
9.8915
9.9173
9.9191
9.9425
9.9386
9.928
9.928
9.928
9.9159
9.9262
9.8951
9.8756
9.9259
9.9279
9.9279
9.9371
9.9371
9.9435
9.8878
9.935
9.9489
9.9489
9.9489
9.9489
9.9489
9.9489
9.9464
9.9401
9.9725
9.9725
9.9725
9.9725
9.9725
9.9725
9.9725
9.9389
9.9555
9.9555
9.9555
9.9555
9.9555
9.9661
9.9594
9.967
9.962
9.962
9.962
9.962
9.962
9.962
9.962
9.962
9.962
9.962
9.962
9.1901
9.4626
9.5779
9.7336
9.6179
9.7095
9.5634
9.6454
9.5676
9.701
9.5236
9.7851
9.8474
9.8633
9.8102
9.7557
9.8075
9.7961
9.7637
9.766
9.8167
9.8148
9.8148
9.8865
9.8843
9.8582
9.8582
9.8665
9.8665
9.8905
9.8343
9.9021
9.9021
9.9021
9.8515
9.808
9.8897
9.9046
9.9046
9.9046
9.9046
9.8915
9.9013
9.9122
9.9122
9.9191
9.9191
9.9386
9.9366
9.942
9.9557
9.8923
9.9058
9.916
9.9062
9.8771
9.9259
9.9279
9.9279
9.9425
9.9425
9.956
9.935
9.9489
9.9245
9.9426
9.9426
9.9432
9.9432
9.9432
9.9432
9.9507
9.9725
9.9725
9.9725
9.9725
9.9725
9.9725
9.9725
9.9555
9.9555
9.9555
9.9555
9.9555
9.9555
9.967
9.967
9.967
9.9665
9.9665
9.9665
9.9665
9.9665
9.9665
9.9665
9.9665
9.9665
9.9665
9.9665
9.6416
9.5681
9.6812
9.667
9.6846
9.7204
9.7294
9.7341
9.7543
9.7217
9.669
9.8568
9.7954
9.8028
9.7613
9.8297
9.7432
9.8042
9.7318
9.8002
9.8477
9.8516
9.8516
9.8925
9.8913
9.9096
9.9096
9.9074
9.9074
9.8937
9.8942
9.9144
9.9144
9.9144
9.8985
9.8939
9.8766
9.8689
9.8769
9.8868
9.9078
9.9078
9.9078
9.9281
9.9281
9.9281
9.9281
9.9321
9.9321
9.9261
9.9261
9.9328
9.9328
9.9229
9.9397
9.9397
9.9426
9.9515
9.9515
9.9229
9.9229
9.9626
9.9491
9.9245
9.9491
9.9491
9.9491
9.9491
9.9491
9.9491
9.9555
9.9555
9.9725
9.9725
9.9725
9.9725
9.9725
9.9725
9.9725
9.9668
9.9668
9.9668
9.9668
9.9668
9.9668
9.9621
9.9621
9.9668
9.9611
9.9721
9.9721
9.9721
9.9721
9.9721
9.9721
9.9718
9.9718
9.9718
9.9718
9.5149
9.7221
9.7579
9.7921
9.7921
9.7515
9.7066
9.7142
9.7956
9.7819
9.7645
9.6917
9.8149
9.8149
9.8333
9.8433
9.8505
9.8234
9.8312
9.8016
9.8463
9.8638
9.8638
9.8346
9.813
9.8797
9.8629
9.8629
9.9011
9.9011
9.9011
9.8853
9.9242
9.9242
9.9242
9.8963
9.8963
9.8963
9.9188
9.9188
9.9064
9.9064
9.9133
9.7998
9.7998
9.8486
9.8621
9.8621
9.9162
9.9162
9.925
9.925
9.925
9.932
9.9425
9.9425
9.9425
9.9195
9.9207
9.9207
9.9382
9.9382
9.9446
9.9446
9.9165
9.9245
9.9363
9.9233
9.9233
9.9233
9.9233
9.9233
9.9594
9.9594
9.9594
9.9594
9.9594
9.9594
9.9594
9.9493
9.9493
9.9582
9.9582
9.9654
9.9654
9.9652
9.9652
9.9652
9.9591
9.9493
9.9605
9.9605
9.9605
9.9637
9.9637
9.963
9.96
9.96
9.96
9.6603
9.651
9.6361
9.7169
9.827
9.6751
9.8354
9.69
9.706
9.7222
9.7222
9.7437
9.8086
9.7831
9.8611
9.8611
9.8037
9.8037
9.778
9.817
9.7438
9.7482
9.7333
9.7278
9.7681
9.8494
9.8215
9.8575
9.8764
9.8764
9.8764
9.8626
9.9242
9.9242
9.9242
9.9145
9.9145
9.9145
9.9198
9.9198
9.9199
9.9225
9.9133
9.8721
9.8721
9.8721
9.8721
9.8346
9.9114
9.915
9.9133
9.9358
9.9358
9.9358
9.912
9.912
9.912
9.912
9.912
9.9186
9.9259
9.9259
9.9425
9.9425
9.9111
9.9426
9.9426
9.9426
9.9426
9.9426
9.9426
9.9426
9.9578
9.9578
9.9578
9.9578
9.9578
9.9578
9.9578
9.9596
9.9596
9.9416
9.9416
9.9654
9.9654
9.9652
9.9652
9.9652
9.9591
9.9493
9.9605
9.9605
9.9605
9.9637
9.9637
9.96
9.9648
9.9648
9.9648
9.7061
9.8192
9.804
9.6911
9.6911
9.6484
9.7702
9.8427
9.7151
9.7193
9.7208
9.8342
9.8675
9.8675
9.8933
9.8933
9.8933
9.8795
9.8614
9.8614
9.8188
9.853
9.8633
9.8474
9.9111
9.8807
9.8975
9.8975
9.8975
9.8975
9.8986
9.8745
9.9519
9.9519
9.9519
9.9519
9.9519
9.9519
9.9519
9.9453
9.9511
9.9113
9.9092
9.9212
9.9212
9.9212
9.9212
9.9212
9.9212
9.9212
9.9119
9.9358
9.9358
9.9358
9.9152
9.9152
9.9152
9.9152
9.9152
9.9186
9.9425
9.9425
9.9425
9.9434
9.9154
9.9426
9.9426
9.9426
9.9426
9.9426
9.9426
9.9426
9.952
9.952
9.952
9.952
9.952
9.952
9.952
9.9596
9.9596
9.9416
9.9416
9.9654
9.9654
9.9652
9.9652
9.9652
9.9493
9.9605
9.9647
9.9647
9.9647
9.9637
9.9637
9.9648
9.9648
9.9648
9.9648
9.7289
9.7272
9.8062
9.8562
9.7831
9.6933
9.8102
9.7976
9.8558
9.856
9.7962
9.7636
9.7671
9.7848
9.8907
9.8907
9.8383
9.8312
9.8885
9.8787
9.8706
9.8828
9.8952
9.9045
9.8553
9.8998
9.8998
9.8998
9.8998
9.8998
9.8948
9.8948
9.9453
9.9453
9.9453
9.9453
9.9453
9.9453
9.9453
9.9547
9.957
9.957
9.9284
9.9284
9.9284
9.916
9.8977
9.8919
9.9392
9.9392
9.9427
9.9427
9.9427
9.9427
9.9427
9.9427
9.9427
9.9427
9.9427
9.9425
9.9425
9.9425
9.9425
9.9434
9.9198
9.9405
9.9405
9.9405
9.9405
9.9405
9.9405
9.9457
9.9591
9.9591
9.9591
9.9591
9.9591
9.9591
9.9591
9.9594
9.9594
9.9395
9.9395
9.9601
9.9601
9.949
9.9478
9.9478
9.9478
9.9478
9.9478
9.9478
9.9478
9.9478
9.9456
9.9645
9.9645
9.9645
9.9493
9.8468
9.8077
9.8077
9.8966
9.9121
9.9141
9.9141
9.7382
9.7692
9.7825
9.7709
9.812
9.765
9.7824
9.8019
9.8238
9.8238
9.8238
9.8944
9.8944
9.8944
9.8975
9.9076
9.8882
9.891
9.9042
9.9042
9.9042
9.9042
9.9094
9.899
9.9156
9.9461
9.9434
9.9434
9.9434
9.9434
9.9434
9.9434
9.9499
9.9492
9.9448
9.9062
9.9062
9.9147
9.9147
9.9596
9.9596
9.9617
9.9617
9.9507
9.9555
9.9555
9.9555
9.9555
9.9555
9.9555
9.9555
9.9555
9.9555
9.9555
9.9555
9.9555
9.9555
9.9555
9.9175
9.933
9.933
9.9459
9.9459
9.9459
9.9459
9.9401
9.9495
9.9495
9.9495
9.9495
9.9495
9.9495
9.9495
9.9495
9.9495
9.9495
9.9601
9.9601
9.943
9.9452
9.9452
9.9452
9.9452
9.9493
9.9493
9.9493
9.9493
9.9493
9.9645
9.9645
9.9645
9.9423
9.8892
9.8042
9.7892
9.8464
9.8521
9.819
9.8151
9.8694
9.8694
9.8694
9.8011
9.8884
9.8884
9.8884
9.8962
9.8962
9.8936
9.9364
9.9364
9.9364
9.9364
9.9364
9.9364
9.9253
9.9253
9.926
9.926
9.9417
9.9417
9.9417
9.9417
9.9383
9.9383
9.9383
9.9383
9.9383
9.9503
9.9503
9.9503
9.9503
9.9503
9.9503
9.9503
9.9413
9.9325
9.9325
9.9325
9.9263
9.9407
9.9407
9.9408
9.9563
9.9563
9.9563
9.9559
9.9559
9.9559
9.9498
9.9339
9.9339
9.9463
9.9463
9.9463
9.9463
9.9463
9.9247
9.9247
9.9247
9.9247
9.9247
9.9545
9.9496
9.9496
9.9496
9.9496
9.9496
9.9496
9.9496
9.9496
9.9609
9.9609
9.9573
9.9626
9.956
9.956
9.9647
9.9647
9.9647
9.9647
9.9647
9.9647
9.9647
9.9647
9.9647
9.9647
9.9647
9.9647
9.9647
9.9647
9.8826
9.8361
9.8361
9.8412
9.8248
9.8691
9.8336
9.8818
9.8818
9.8833
9.882
9.882
9.9027
9.9027
9.9029
9.9061
9.7878
9.9364
9.9364
9.9364
9.9364
9.9364
9.9364
9.9095
9.9095
9.9095
9.9245
9.9417
9.9417
9.9417
9.9417
9.9472
9.9472
9.9472
9.9472
9.9472
9.9503
9.9503
9.9503
9.9503
9.9503
9.9503
9.9503
9.9413
9.933
9.933
9.933
9.9406
9.9406
9.9406
9.9406
9.9563
9.9563
9.9563
9.9559
9.9559
9.9559
9.9521
9.9339
9.9339
9.9463
9.9463
9.9463
9.9463
9.9463
9.9247
9.9247
9.9247
9.9247
9.9247
9.9545
9.9496
9.9496
9.9496
9.9496
9.9496
9.9496
9.9496
9.9496
9.9609
9.9609
9.9585
9.9626
9.956
9.956
9.9621
9.9621
9.9621
9.9621
9.9621
9.9663
9.9663
9.9663
9.9663
9.9663
9.9663
9.9663
9.9663
9.9663
9.8866
9.8866
9.8866
9.8854
9.8854
9.907
9.9102
9.9102
9.9102
9.8512
9.8854
9.8854
9.8854
9.8854
9.8854
9.8854
9.8854
9.8902
9.8902
9.8902
9.9038
9.9187
9.9187
9.9187
9.928
9.928
9.928
9.928
9.928
9.928
9.929
9.929
9.9332
9.9415
9.9415
9.9415
9.9415
9.9335
9.9357
9.9357
9.9357
9.9357
9.9357
9.9357
9.9375
9.9375
9.9375
9.9385
9.9385
9.9385
9.9385
9.9385
9.9385
9.9385
9.9385
9.9385
9.9385
9.9458
9.9626
9.9626
9.9626
9.9626
9.9626
9.9626
9.9626
9.9626
9.9659
9.9699
9.9699
9.9699
9.9385
9.9559
9.9559
9.9492
9.9492
9.9492
9.9492
9.9426
9.9426
9.9488
9.9488
9.9488
9.9592
9.9561
9.9561
9.9535
9.9535
9.9535
9.9535
9.9535
9.9535
9.9535
9.9535
9.968
9.968
9.9513
9.9624
9.9624
9.9624
9.8727
9.8727
9.8534
9.9017
9.8991
9.9175
9.9175
9.899
9.9158
9.8969
9.9305
9.9305
9.9305
9.9305
9.9305
9.9305
9.9305
9.8869
9.8869
9.8893
9.8986
9.9195
9.9244
9.9244
9.928
9.928
9.928
9.928
9.928
9.928
9.939
9.939
9.939
9.9415
9.9415
9.9415
9.9415
9.942
9.9375
9.9375
9.9375
9.9375
9.9375
9.9375
9.9375
9.9375
9.9375
9.9433
9.9433
9.9433
9.9433
9.9433
9.9433
9.9433
9.9433
9.9433
9.9433
9.9458
9.9626
9.9626
9.9626
9.9626
9.9626
9.9626
9.9626
9.9626
9.9659
9.9699
9.9699
9.9699
9.9702
9.9702
9.9702
9.9702
9.9702
9.9702
9.9702
9.9702
9.9702
9.9702
9.9702
9.9728
9.9728
9.9784
9.9784
9.9535
9.9535
9.9535
9.9535
9.9535
9.9535
9.9535
9.9535
9.968
9.968
9.9559
9.9624
9.9624
9.9624
9.8601
9.8616
9.8466
9.8667
9.8578
9.8578
9.8888
9.8963
9.8963
9.8963
9.9505
9.9505
9.944
9.944
9.944
9.9448
9.9502
9.9217
9.9217
9.9217
9.9217
9.91
9.91
9.91
9.9342
9.9342
9.9342
9.9342
9.9342
9.9351
9.9351
9.9351
9.9351
9.9351
9.9351
9.9351
9.9351
9.9268
9.9268
9.9268
9.9303
9.9303
9.9303
9.9303
9.9303
9.9303
9.9303
9.9666
9.9689
9.9689
9.9689
9.9689
9.9689
9.9689
9.9689
9.9689
9.9689
9.9689
9.9626
9.9626
9.9626
9.9626
9.9626
9.9626
9.9626
9.9626
9.9659
9.9699
9.9699
9.9699
9.9679
9.9679
9.9679
9.9679
9.9679
9.9679
9.9679
9.9679
9.9679
9.9679
9.9679
9.9679
9.9679
9.9784
9.9784
9.9668
9.9668
9.9668
9.9649
9.9649
9.9649
9.9649
9.968
9.968
9.968
9.9545
9.9624
9.9624
9.9624
9.8512
9.8512
9.8382
9.8447
9.8402
9.8402
9.877
9.877
9.877
9.8795
9.9497
9.9497
9.9497
9.9497
9.9497
9.9497
9.954
9.9681
9.9681
9.9681
9.9401
9.9401
9.9401
9.9554
9.9275
9.9275
9.9275
9.9275
9.9275
9.9275
9.9275
9.9275
9.9275
9.9275
9.9275
9.9275
9.9275
9.9242
9.9242
9.9242
9.9234
9.9234
9.9234
9.9234
9.9234
9.9234
9.9234
9.9689
9.9689
9.9689
9.9689
9.9689
9.9689
9.9689
9.9689
9.9689
9.9689
9.9689
9.9579
9.9579
9.9572
9.9572
9.9572
9.9572
9.9572
9.9572
9.9572
9.9572
9.9572
9.9572
9.9762
9.9762
9.9762
9.9762
9.9762
9.9762
9.9762
9.9762
9.9762
9.9762
9.9762
9.9762
9.9762
9.9784
9.9784
9.9614
9.9614
9.968
9.968
9.968
9.968
9.968
9.968
9.968
9.968
9.9598
9.9624
9.9624
9.9624
9.9256
9.9289
9.9289
9.9168
9.9316
9.9316
9.9316
9.9331
9.9331
9.9331
9.9161
9.9333
9.9333
9.9407
9.9407
9.9407
9.9407
9.9585
9.9585
9.9585
9.9585
9.9585
9.9585
9.9585
9.9585
9.9585
9.9637
9.9676
9.9676
9.9676
9.9676
9.9676
9.9676
9.9676
9.9676
9.9669
9.9669
9.9669
9.9561
9.9561
9.9561
9.9561
9.9561
9.9642
9.9642
9.9642
9.9642
9.957
9.957
9.957
9.957
9.957
9.9603
9.9603
9.9603
9.9603
9.9559
9.9621
9.9518
9.9518
9.9591
9.9591
9.9591
9.9591
9.9591
9.9591
9.9591
9.9591
9.9591
9.9591
9.9762
9.9762
9.9762
9.9762
9.9762
9.9762
9.9762
9.9762
9.9762
9.9762
9.9762
9.9762
9.9762
9.9784
9.9784
9.9626
9.9626
9.968
9.968
9.968
9.968
9.968
9.968
9.968
9.968
9.9598
9.9624
9.9624
9.9624
9.9515
9.9515
9.9209
9.9209
9.9209
9.9209
9.9209
9.9519
9.9519
9.9519
9.9523
9.9525
9.9569
9.9569
9.9569
9.9624
9.9456
9.9585
9.9585
9.9585
9.9585
9.9585
9.9585
9.9585
9.9585
9.9585
9.9651
9.9651
9.9602
9.9602
9.9602
9.9602
9.9602
9.9602
9.9602
9.9669
9.9669
9.9669
9.9676
9.9676
9.9676
9.9676
9.9676
9.9611
9.9611
9.9611
9.9611
9.957
9.957
9.957
9.957
9.957
9.9543
9.9543
9.9539
9.9539
9.9624
9.9646
9.9516
9.9516
9.9591
9.9591
9.9591
9.9591
9.9591
9.9591
9.9591
9.9591
9.9591
9.9591
9.9762
9.9762
9.9762
9.9762
9.9762
9.9762
9.9762
9.9762
9.9762
9.9762
9.9762
9.9762
9.9762
9.9784
9.9784
9.9626
9.9626
9.9691
9.9691
9.9691
9.9691
9.9691
9.968
9.968
9.968
9.9598
9.9692
9.9692
9.9692
9.9323
9.9323
9.9209
9.9209
9.9209
9.9209
9.9209
9.9532
9.9532
9.9532
9.9178
9.9178
9.9471
9.9471
9.9471
9.9456
9.9565
9.9446
9.9446
9.9338
9.9338
9.9338
9.9338
9.9338
9.9414
9.9437
9.9651
9.9651
9.9602
9.9602
9.9602
9.9602
9.9602
9.9602
9.9602
9.9703
9.9703
9.9703
9.9703
9.9703
9.9703
9.9703
9.9703
9.9703
9.9703
9.9703
9.9703
9.957
9.957
9.957
9.957
9.957
9.9586
9.9586
9.9586
9.9586
9.9624
9.962
9.9516
9.9516
9.9451
9.9451
9.9451
9.9451
9.9451
9.9451
9.9451
9.9451
9.9451
9.9451
9.9762
9.9762
9.9762
9.9762
9.9762
9.9762
9.9762
9.9762
9.9762
9.9762
9.9762
9.9762
9.9762
9.9784
9.9784
9.9626
9.9626
9.9691
9.9691
9.9691
9.9691
9.9691
9.968
9.968
9.968
9.9598
9.9692
9.9692
9.9692
9.9636
9.9636
9.9636
9.9636
9.9636
9.9636
9.9111
9.9514
9.9514
9.9514
9.9447
9.9597
9.9597
9.9597
9.9597
9.9574
9.9574
9.9414
9.9414
9.9414
9.9414
9.9414
9.9414
9.9414
9.9414
9.9437
9.9649
9.9649
9.9657
9.9657
9.9657
9.9657
9.9657
9.9657
9.9657
9.9703
9.9703
9.9703
9.9703
9.9703
9.9703
9.9703
9.9703
9.9703
9.9703
9.9703
9.9703
9.957
9.957
9.957
9.957
9.957
9.9582
9.9582
9.9571
9.9571
9.961
9.9695
9.9516
9.9516
9.9451
9.9451
9.9451
9.9451
9.9451
9.9451
9.9451
9.9451
9.9451
9.9451
9.9762
9.9762
9.9762
9.9762
9.9762
9.9762
9.9762
9.9762
9.9762
9.9762
9.9762
9.9762
9.9762
9.9784
9.9784
9.9626
9.9626
9.9691
9.9691
9.9691
9.9691
9.9691
9.968
9.968
9.968
9.9598
9.9692
9.9692
9.9692
9.9221
9.9247
9.9247
9.9268
9.9268
9.9376
9.9315
9.9315
9.9315
9.9398
9.9617
9.9617
9.9617
9.9617
9.9617
9.9573
9.9573
9.9379
9.9379
9.9456
9.9456
9.9331
9.9331
9.9435
9.9435
9.9435
9.9533
9.9533
9.9533
9.9533
9.9571
9.9571
9.9571
9.9571
9.9571
9.9571
9.9571
9.9571
9.9571
9.9571
9.9479
9.9479
9.9479
9.9636
9.9636
9.9636
9.9636
9.954
9.9575
9.9575
9.9575
9.9575
9.9582
9.9582
9.9571
9.9571
9.961
9.9666
9.9451
9.9451
9.9647
9.9647
9.9647
9.9647
9.9647
9.9647
9.9647
9.9647
9.9647
9.9647
9.9762
9.9762
9.9762
9.9762
9.9762
9.9762
9.9762
9.9762
9.9762
9.9762
9.9762
9.9762
9.9762
9.9784
9.9784
9.9626
9.9626
9.9691
9.9691
9.9691
9.9691
9.9691
9.968
9.968
9.968
9.9598
9.9692
9.9692
9.9692
9.9287
9.9287
9.9287
9.9261
9.9261
9.9398
9.9398
9.9398
9.9398
9.9398
9.9555
9.9555
9.9555
9.9555
9.9555
9.9573
9.9573
9.9456
9.9456
9.9456
9.9456
9.9456
9.9456
9.9435
9.9435
9.9435
9.9533
9.9533
9.9533
9.9533
9.9585
9.9585
9.9585
9.9585
9.9585
9.9585
9.9585
9.9585
9.9585
9.9585
9.9267
9.9267
9.9267
9.9636
9.9636
9.9636
9.9636
9.9604
9.9604
9.9604
9.9604
9.9604
9.965
9.965
9.965
9.965
9.965
9.9586
9.9533
9.9533
9.9474
9.9474
9.9486
9.9486
9.9486
9.9485
9.9485
9.9485
9.9485
9.9485
9.9762
9.9762
9.9762
9.9762
9.9762
9.9762
9.9762
9.9762
9.9762
9.9762
9.9762
9.9762
9.9762
9.9784
9.9784
9.9626
9.9626
9.9691
9.9691
9.9691
9.9691
9.9691
9.968
9.968
9.968
9.9598
9.9692
9.9692
9.9692
9.9209
9.9209
9.9209
9.9209
9.9209
9.9257
9.9257
9.9257
9.9257
9.9257
9.9573
9.9573
9.9573
9.9573
9.9573
9.9529
9.9529
9.9453
9.9453
9.9453
9.9447
9.9447
9.949
9.9435
9.9435
9.9435
9.9533
9.9533
9.9533
9.9533
9.9585
9.9585
9.9585
9.9585
9.9585
9.9585
9.9585
9.9585
9.9585
9.9585
9.9568
9.9568
9.9568
9.9636
9.9636
9.9636
9.9636
9.9604
9.9604
9.9604
9.9604
9.9604
9.965
9.965
9.965
9.965
9.965
9.9586
9.9533
9.9533
9.9474
9.9474
9.9486
9.9486
9.9486
9.9485
9.9485
9.9485
9.9485
9.9485
9.9762
9.9762
9.9762
9.9762
9.9762
9.9762
9.9762
9.9762
9.9762
9.9762
9.9762
9.9762
9.9762
9.9784
9.9784
9.9626
9.9626
9.9691
9.9691
9.9691
9.9691
9.9691
9.968
9.968
9.968
9.9598
9.9692
9.9692
9.9692
9.9632
9.9632
9.9632
9.9632
9.9632
9.9759
9.9759
9.9759
9.951
9.951
9.951
9.9757
9.9757
9.9757
9.9757
9.9757
9.9757
9.9757
9.9757
9.9757
9.9757
9.9757
9.9757
9.9757
9.9665
9.9665
9.9665
9.9665
9.9665
9.9685
9.9685
9.9764
9.9764
9.9764
9.9764
9.9764
9.9764
9.9764
9.9758
9.9807
9.9796
9.9796
9.9796
9.9796
9.9796
9.9796
9.9796
9.9796
9.9796
9.9796
9.9796
9.9796
9.9796
9.9796
9.9796
9.9741
9.9741
9.9741
9.9814
9.9814
9.9814
9.9814
9.9814
9.9814
9.9738
9.9738
9.9738
9.9738
9.9738
9.9738
9.9738
9.9738
9.9738
9.9797
9.9797
9.9797
9.9797
9.9797
9.9797
9.9797
9.9797
9.9797
9.9797
9.9797
9.9797
9.9797
9.9797
9.9812
9.9812
9.9812
9.9812
9.9812
9.9812
9.9812
9.9812
9.9812
9.9812
9.9812
9.9812
9.9807
9.9807
9.9807
9.9798
9.9798
9.9798
9.9798
9.9798
9.9632
9.9632
9.9632
9.968
9.9792
9.9792
9.9792
9.9792
9.9792
9.9792
9.9792
9.9792
9.9792
9.979
9.979
9.979
9.9763
9.9763
9.9763
9.9763
9.9763
9.9763
9.9763
9.9793
9.9793
9.9793
9.9793
9.9793
9.9793
9.9793
9.9758
9.9807
9.9796
9.9796
9.9796
9.9796
9.9796
9.9796
9.9796
9.9796
9.9796
9.9796
9.9796
9.9796
9.9796
9.9796
9.9796
9.9741
9.9741
9.9741
9.9814
9.9814
9.9814
9.9814
9.9814
9.9814
9.9728
9.9728
9.9728
9.9728
9.9728
9.9728
9.9728
9.9728
9.9728
9.9785
9.9785
9.9785
9.9785
9.9785
9.9785
9.9785
9.9785
9.9785
9.9785
9.9785
9.9785
9.9785
9.9785
9.9812
9.9812
9.9812
9.9812
9.9812
9.9812
9.9812
9.9812
9.9812
9.9812
9.9812
9.9812
9.9807
9.9807
9.9807
9.9798
9.9798
9.9798
9.9798
9.9798
9.97
9.97
9.97
9.968
9.979
9.979
9.979
9.979
9.979
9.979
9.979
9.979
9.979
9.982
9.982
9.982
9.9641
9.9641
9.9637
9.9637
9.9637
9.9637
9.9708
9.9793
9.9793
9.9793
9.9793
9.9793
9.9793
9.9793
9.9758
9.9807
9.977
9.9741
9.9741
9.9741
9.9741
9.9741
9.9741
9.9741
9.9741
9.9741
9.9741
9.9741
9.9741
9.9741
9.9741
9.9804
9.9804
9.9804
9.9814
9.9814
9.9814
9.9814
9.9814
9.9814
9.9846
9.9844
9.9844
9.9844
9.9844
9.9844
9.9844
9.9844
9.9844
9.9844
9.9844
9.9844
9.9844
9.9844
9.9844
9.9844
9.9844
9.9844
9.9844
9.9844
9.9844
9.9844
9.9844
9.9812
9.9812
9.9812
9.9812
9.9812
9.9812
9.9812
9.9812
9.9812
9.9812
9.9812
9.9812
9.9593
9.9593
9.9593
9.9522
9.9522
9.9522
9.9522
9.9522
9.9522
9.9522
9.9522
9.9522
9.9522
9.9522
9.9522
9.9497
9.9216
9.9216
9.9216
9.9431
9.9431
9.9431
9.9431
9.9431
9.9616
9.9616
9.9616
9.9616
9.9616
9.9616
9.9616
9.9616
9.9616
9.9616
9.9686
9.9732
9.9654
9.9654
9.9654
9.9654
9.9654
9.9654
9.9681
9.9637
9.9637
9.9637
9.9637
9.9637
9.9655
9.9713
9.9713
9.9713
9.9713
9.9713
9.9713
9.9713
9.9713
9.9713
9.9713
9.9713
9.9713
9.9713
9.9713
9.9713
9.9713
9.9722
9.9722
9.9722
9.9722
9.9722
9.9722
9.9722
9.9722
9.9722
9.9722
9.9722
9.9722
9.9722
9.9722
9.9722
9.9722
9.9737
9.9737
9.9737
9.9737
9.9737
9.9737
9.9737
9.9737
9.9737
9.9737
9.9737
9.9737
9.9737
9.9737
9.9737
9.9737
9.9737
9.9737
9.9559
9.9559
9.9559
9.9606
9.9606
9.9606
9.9606
9.9606
9.9606
9.9606
9.9606
9.9606
9.9606
9.9606
9.9606
9.9497
9.9216
9.9216
9.9216
9.9431
9.9431
9.9431
9.9431
9.9431
9.9616
9.9616
9.9616
9.9616
9.9616
9.9616
9.9616
9.9616
9.9616
9.9616
9.9686
9.9732
9.9654
9.9654
9.9654
9.9654
9.9654
9.9654
9.9681
9.9637
9.9637
9.9637
9.9637
9.9637
9.9655
9.9713
9.9713
9.9713
9.9713
9.9713
9.9713
9.9713
9.9713
9.9713
9.9713
9.9713
9.9713
9.9713
9.9713
9.9713
9.9713
9.9722
9.9722
9.9722
9.9722
9.9722
9.9722
9.9722
9.9722
9.9722
9.9722
9.9722
9.9722
9.9722
9.9722
9.9722
9.9722
9.9737
9.9737
9.9737
9.9737
9.9737
9.9737
9.9737
9.9737
9.9737
9.9737
9.9737
9.9737
9.9737
9.9737
9.9737
9.9737
9.9737
9.9737
9.9345
9.9345
9.9345
9.9366
9.9366
9.9366
9.9522
9.9522
9.9497
9.9497
9.9497
9.9497
9.9497
9.9497
9.9497
9.963
9.963
9.963
9.9596
9.9596
9.9596
9.9596
9.9596
9.9596
9.9616
9.9616
9.9616
9.9616
9.9616
9.9616
9.9616
9.9616
9.9616
9.9616
9.9686
9.9732
9.9654
9.9654
9.9654
9.9654
9.9654
9.9654
9.9681
9.9637
9.9637
9.9637
9.9637
9.9637
9.9655
9.9713
9.9713
9.9713
9.9713
9.9713
9.9713
9.9713
9.9713
9.9713
9.9713
9.9713
9.9713
9.9713
9.9713
9.9713
9.9713
9.9722
9.9722
9.9722
9.9722
9.9722
9.9722
9.9722
9.9722
9.9722
9.9722
9.9722
9.9722
9.9722
9.9722
9.9722
9.9722
9.9737
9.9737
9.9737
9.9737
9.9737
9.9737
9.9737
9.9737
9.9737
9.9737
9.9737
9.9737
9.9737
9.9737
9.9737
9.9737
9.9737
9.9737
9.9579
9.9579
9.9579
9.9579
9.9579
9.9579
9.9579
9.9579
9.9579
9.9579
9.9579
9.9579
9.9579
9.9579
9.9579
9.963
9.963
9.963
9.9596
9.9596
9.9596
9.9596
9.9596
9.9596
9.9616
9.9616
9.9616
9.9616
9.9616
9.9616
9.9616
9.9616
9.9616
9.9616
9.9686
9.9732
9.9654
9.9654
9.9654
9.9654
9.9654
9.9654
9.9681
9.9637
9.9637
9.9637
9.9637
9.9637
9.9655
9.9713
9.9713
9.9713
9.9713
9.9713
9.9713
9.9713
9.9713
9.9713
9.9713
9.9713
9.9713
9.9713
9.9713
9.9713
9.9713
9.9722
9.9722
9.9722
9.9722
9.9722
9.9722
9.9722
9.9722
9.9722
9.9722
9.9722
9.9722
9.9722
9.9722
9.9722
9.9722
9.9737
9.9737
9.9737
9.9737
9.9737
9.9737
9.9737
9.9737
9.9737
9.9737
9.9737
9.9737
9.9737
9.9737
9.9737
9.9737
9.9737
9.9737
9.9568
9.9568
9.9668
9.9668
9.9668
9.9668
9.9668
9.9668
9.9668
9.9668
9.9668
9.9668
9.9668
9.9668
9.9668
9.9701
9.9701
9.9701
9.9496
9.9496
9.9496
9.9496
9.9549
9.9549
9.9828
9.9828
9.9828
9.9828
9.9828
9.9828
9.9828
9.9828
9.9828
9.9828
9.9828
9.9828
9.9828
9.9828
9.9828
9.9828
9.9828
9.9828
9.9828
9.9828
9.9828
9.9828
9.9828
9.9828
9.9828
9.9828
9.9828
9.9828
9.9828
9.9828
9.9828
9.9828
9.9828
9.9828
9.9828
9.9828
9.9828
9.9828
9.9828
9.9828
9.9828
9.9828
9.9828
9.9828
9.9828
9.9828
9.9828
9.9828
9.9828
9.9828
9.9828
9.9828
9.9828
9.9828
9.9828
9.9828
9.9828
9.9828
9.9828
9.9828
9.9828
9.9828
9.9828
9.9828
9.9828
9.9828
9.9828
9.9828
9.9828
9.9828
9.9828
9.9828
9.9828
9.9828
9.9828
9.9668
9.9668
9.9668
9.9668
9.9668
9.9668
9.9668
9.9668
9.9668
9.9668
9.9668
9.9668
9.9668
9.9668
9.9668
9.9701
9.9701
9.9701
9.9496
9.9496
9.9496
9.9496
9.9549
9.9549
9.9828
9.9828
9.9828
9.9828
9.9828
9.9828
9.9828
9.9828
9.9828
9.9828
9.9828
9.9828
9.9828
9.9828
9.9828
9.9828
9.9828
9.9828
9.9828
9.9828
9.9828
9.9828
9.9828
9.9828
9.9828
9.9828
9.9828
9.9828
9.9828
9.9828
9.9828
9.9828
9.9828
9.9828
9.9828
9.9828
9.9828
9.9828
9.9828
9.9828
9.9828
9.9828
9.9828
9.9828
9.9828
9.9828
9.9828
9.9828
9.9828
9.9828
9.9828
9.9828
9.9828
9.9828
9.9828
9.9828
9.9828
9.9828
9.9828
9.9828
9.9828
9.9828
9.9828
9.9828
9.9828
9.9828
9.9828
9.9828
9.9828
9.9828
9.9828
9.9828
9.9828
9.9828
9.9828
9.9786
9.9786
9.9786
9.9786
9.9786
9.9786
9.9786
9.9786
9.9786
9.9786
9.9786
9.9786
9.9786
9.9786
9.9786
9.9786
9.9786
9.9786
9.9786
9.9786
9.9786
9.9786
9.9786
9.9786
9.9786
9.9786
9.9786
9.9786
9.9786
9.9786
9.9786
9.9786
9.9786
9.9786
9.9786
9.9786
9.9786
9.9786
9.9786
9.9786
9.9786
9.9786
9.9786
9.9786
9.9786
9.9786
9.9786
9.9786
9.9786
9.9786
9.9786
9.9786
9.9786
9.9786
9.9786
9.9786
9.9786
9.9786
9.9786
9.9786
9.9786
9.9786
9.9786
9.9786
9.9774
9.9774
9.9774
9.9774
9.9774
9.9774
9.9774
9.9774
9.9774
9.9774
9.9774
9.9774
9.9774
9.9774
9.9774
9.9774
9.9774
9.9774
9.9774
9.9774
9.9774
9.9774
9.9774
9.9774
9.9774
9.9774
9.9774
9.9774
9.9774
9.9774
9.9774
9.9774
9.9774
9.9774
9.9774
9.9786
9.9786
9.9786
9.9786
9.9786
9.9786
9.9786
9.9786
9.9786
9.9786
9.9786
9.9786
9.9786
9.9786
9.9786
9.9786
9.9786
9.9786
9.9786
9.9786
9.9786
9.9786
9.9786
9.9786
9.9786
9.9786
9.9786
9.9786
9.9786
9.9786
9.9786
9.9786
9.9786
9.9786
9.9786
9.9786
9.9786
9.9786
9.9786
9.9786
9.9786
9.9786
9.9786
9.9786
9.9786
9.9786
9.9786
9.9786
9.9786
9.9786
9.9786
9.9786
9.9786
9.9786
9.9786
9.9786
9.9786
9.9786
9.9786
9.9786
9.9786
9.9786
9.9786
9.9786
9.9774
9.9774
9.9774
9.9774
9.9774
9.9774
9.9774
9.9774
9.9774
9.9774
9.9774
9.9774
9.9774
9.9774
9.9774
9.9774
9.9774
9.9774
9.9774
9.9774
9.9774
9.9774
9.9774
9.9774
9.9774
9.9774
9.9774
9.9774
9.9774
9.9774
9.9774
9.9774
9.9774
9.9774
9.9774
9.9707
9.9707
9.9707
9.9707
9.9707
9.9707
9.9707
9.9707
9.9707
9.9707
9.9707
9.9707
9.9707
9.9707
9.9707
9.9707
9.9707
9.9707
9.9707
9.9707
9.9707
9.9707
9.9707
9.9707
9.9707
9.9707
9.9707
9.9707
9.9707
9.9707
9.9707
9.9707
9.9707
9.9707
9.9707
9.9707
9.9707
9.9749
9.9749
9.9749
9.9749
9.9749
9.9749
9.9749
9.9749
9.9749
9.9749
9.9749
9.9757
9.9757
9.9757
9.9757
9.9757
9.9757
9.9851
9.9851
9.9851
9.9851
9.9851
9.9851
9.9851
9.9851
9.9851
9.9851
9.9851
9.9851
9.9846
9.9846
9.9846
9.9846
9.9846
9.9846
9.9846
9.9846
9.9846
9.9846
9.9846
9.9846
9.9846
9.9846
9.9846
9.9846
9.9846
9.9846
9.9846
9.9846
9.9846
9.9846
9.9846
9.9846
9.9846
9.9846
9.9846
9.9846
9.9846
9.9846
9.9846
9.9846
9.9846
9.9529
9.9529
9.9529
9.9529
9.9529
9.9609
9.9609
9.9609
9.9609
9.9609
9.9609
9.9609
9.9609
9.9609
9.9609
9.9609
9.9609
9.9609
9.9609
9.9609
9.9609
9.9609
9.9609
9.9609
9.9589
9.9589
9.9614
9.9614
9.9614
9.9614
9.9614
9.9614
9.9614
9.9614
9.9614
9.9614
9.9614
9.9614
9.9614
9.9614
9.9614
9.9614
9.9614
9.9614
9.9614
9.9614
9.9614
9.9614
9.9614
9.9614
9.962
9.962
9.962
9.962
9.9851
9.9851
9.9851
9.9851
9.9851
9.9851
9.9851
9.9851
9.9851
9.9851
9.9851
9.9851
9.9846
9.9846
9.9846
9.9846
9.9846
9.9846
9.9846
9.9846
9.9846
9.9846
9.9846
9.9846
9.9846
9.9846
9.9846
9.9846
9.9846
9.9846
9.9846
9.9846
9.9846
9.9846
9.9846
9.9846
9.9846
9.9846
9.9846
9.9846
9.9846
9.9846
9.9846
9.9846
9.9846
9.9538
9.9538
9.9538
9.9538
9.9538
9.9617
9.9697
9.9697
9.9605
9.9605
9.9605
9.9605
9.9605
9.9769
9.9769
9.9769
9.9769
9.9769
9.9769
9.9769
9.9769
9.9769
9.9769
9.9769
9.9769
9.9769
9.9769
9.9769
9.9777
9.9777
9.9777
9.9785
9.9744
9.9744
9.9732
9.9732
9.9732
9.9776
9.9776
9.9776
9.9776
9.9776
9.9776
9.9776
9.9776
9.9776
9.9776
9.9776
9.9776
9.9776
9.9791
9.9791
9.9791
9.9791
9.9851
9.9851
9.9851
9.9851
9.9851
9.9851
9.9851
9.9851
9.9851
9.9851
9.9851
9.9851
9.9846
9.9846
9.9846
9.9846
9.9846
9.9846
9.9846
9.9846
9.9846
9.9846
9.9846
9.9846
9.9846
9.9846
9.9846
9.9846
9.9846
9.9846
9.9846
9.9846
9.9846
9.9846
9.9846
9.9846
9.9846
9.9846
9.9846
9.9846
9.9846
9.9846
9.9846
9.9846
9.9846
9.9713
9.9713
9.9701
9.9701
9.9701
9.9701
9.9708
9.9708
9.9708
9.9708
9.9708
9.9708
9.9708
9.9769
9.9769
9.9769
9.9769
9.9769
9.9769
9.9769
9.9769
9.9769
9.9769
9.9769
9.9769
9.9769
9.9769
9.9769
9.9777
9.9777
9.9777
9.9785
9.9744
9.9744
9.9732
9.9732
9.9732
9.9776
9.9776
9.9776
9.9776
9.9776
9.9776
9.9776
9.9776
9.9776
9.9776
9.9776
9.9776
9.9776
9.9791
9.9791
9.9791
9.9791
9.9851
9.9851
9.9851
9.9851
9.9851
9.9851
9.9851
9.9851
9.9851
9.9851
9.9851
9.9851
9.9846
9.9846
9.9846
9.9846
9.9846
9.9846
9.9846
9.9846
9.9846
9.9846
9.9846
9.9846
9.9846
9.9846
9.9846
9.9846
9.9846
9.9846
9.9846
9.9846
9.9846
9.9846
9.9846
9.9846
9.9846
9.9846
9.9846
9.9846
9.9846
9.9846
9.9846
9.9846
9.9846
9.9708
9.9708
9.9712
9.9712
9.9712
9.9712
9.9729
9.9729
9.9729
9.9729
9.9729
9.9729
9.9729
9.9769
9.9769
9.9769
9.9769
9.9769
9.9769
9.9769
9.9769
9.9769
9.9769
9.9769
9.9769
9.9769
9.9769
9.9769
9.9777
9.9777
9.9777
9.9785
9.9776
9.9776
9.9776
9.9776
9.9776
9.9791
9.9791
9.9791
9.9791
9.9791
9.9791
9.9791
9.9791
9.9791
9.9791
9.9791
9.9791
9.9791
9.9791
9.9791
9.9791
9.9791
9.9851
9.9851
9.9851
9.9851
9.9851
9.9851
9.9851
9.9851
9.9851
9.9851
9.9851
9.9851
9.9846
9.9846
9.9846
9.9846
9.9846
9.9846
9.9846
9.9846
9.9846
9.9846
9.9846
9.9846
9.9846
9.9846
9.9846
9.9846
9.9846
9.9846
9.9846
9.9846
9.9846
9.9846
9.9846
9.9846
9.9846
9.9846
9.9846
9.9846
9.9846
9.9846
9.9846
9.9846
9.9846
9.9708
9.9708
9.9712
9.9712
9.9712
9.9712
9.9729
9.9729
9.9729
9.9729
9.9729
9.9729
9.9729
9.9769
9.9769
9.9769
9.9769
9.9769
9.9769
9.9769
9.9769
9.9769
9.9769
9.9769
9.9769
9.9769
9.9769
9.9769
9.9777
9.9777
9.9777
9.9791
9.9791
9.9791
9.9791
9.9791
9.9791
9.9791
9.9791
9.9791
9.9791
9.9791
9.9791
9.9791
9.9791
9.9791
9.9791
9.9791
9.9791
9.9791
9.9791
9.9791
9.9791
9.9791
9.9851
9.9851
9.9851
9.9851
9.9851
9.9851
9.9851
9.9851
9.9851
9.9851
9.9851
9.9851
9.9846
9.9846
9.9846
9.9846
9.9846
9.9846
9.9846
9.9846
9.9846
9.9846
9.9846
9.9846
9.9846
9.9846
9.9846
9.9846
9.9846
9.9846
9.9846
9.9846
9.9846
9.9846
9.9846
9.9846
9.9846
9.9846
9.9846
9.9846
9.9846
9.9846
9.9846
9.9846
9.9846
9.9828
9.9828
9.9828
9.9828
9.9828
9.9729
9.9729
9.9729
9.9729
9.9729
9.9715
9.9715
9.9783
9.9821
9.9821
9.9821
9.9821
9.9821
9.9821
9.9821
9.9821
9.9821
9.9821
9.9821
9.9821
9.9821
9.9821
9.9821
9.9821
9.9821
9.9821
9.9821
9.9821
9.9821
9.9821
9.978
9.978
9.978
9.978
9.978
9.978
9.978
9.978
9.978
9.978
9.978
9.978
9.978
9.9759
9.9758
9.9733
9.9733
9.9733
9.9767
9.9851
9.9851
9.9851
9.9851
9.9851
9.9851
9.9851
9.9851
9.9851
9.9851
9.9851
9.9851
9.9846
9.9846
9.9846
9.9846
9.9846
9.9846
9.9846
9.9846
9.9846
9.9846
9.9846
9.9846
9.9846
9.9846
9.9846
9.9846
9.9846
9.9846
9.9846
9.9846
9.9846
9.9846
9.9846
9.9846
9.9846
9.9846
9.9846
9.9846
9.9846
9.9846
9.9846
9.9846
9.9846
9.9828
9.9828
9.9828
9.9828
9.9828
9.9657
9.9657
9.9657
9.9729
9.9729
9.9755
9.977
9.977
9.9821
9.9821
9.9821
9.9821
9.9821
9.9821
9.9821
9.9821
9.9821
9.9821
9.9821
9.9821
9.9821
9.9821
9.9821
9.9821
9.9821
9.9821
9.9821
9.9821
9.9821
9.9821
9.978
9.978
9.978
9.978
9.978
9.978
9.978
9.978
9.978
9.978
9.978
9.978
9.978
9.9759
9.9758
9.9733
9.9733
9.9733
9.9804
9.9851
9.9851
9.9851
9.9851
9.9851
9.9851
9.9851
9.9851
9.9851
9.9851
9.9851
9.9851
9.9846
9.9846
9.9846
9.9846
9.9846
9.9846
9.9846
9.9846
9.9846
9.9846
9.9846
9.9846
9.9846
9.9846
9.9846
9.9846
9.9846
9.9846
9.9846
9.9846
9.9846
9.9846
9.9846
9.9846
9.9846
9.9846
9.9846
9.9846
9.9846
9.9846
9.9846
9.9846
9.9846
9.9828
9.9828
9.9828
9.9828
9.9828
9.9809
9.9809
9.9809
9.9809
9.9809
9.982
9.982
9.982
9.982
9.982
9.982
9.982
9.982
9.982
9.982
9.982
9.982
9.982
9.982
9.9795
9.9795
9.9795
9.9795
9.9795
9.9795
9.9709
9.9709
9.9709
9.9709
9.9709
9.9709
9.9709
9.9709
9.9709
9.9709
9.9714
9.9714
9.9714
9.9801
9.9801
9.9801
9.9801
9.9801
9.9801
9.9801
9.9801
9.9801
9.9801
9.9801
9.9851
9.9851
9.9851
9.9851
9.9851
9.9851
9.9851
9.9851
9.9851
9.9851
9.9851
9.9851
9.9846
9.9846
9.9846
9.9846
9.9846
9.9846
9.9846
9.9846
9.9846
9.9846
9.9846
9.9846
9.9846
9.9846
9.9846
9.9846
9.9846
9.9846
9.9846
9.9846
9.9846
9.9846
9.9846
9.9846
9.9846
9.9846
9.9846
9.9846
9.9846
9.9846
9.9846
9.9846
9.9846
9.9828
9.9828
9.9828
9.9828
9.9828
9.9809
9.9809
9.9809
9.9809
9.9809
9.982
9.982
9.982
9.982
9.982
9.982
9.982
9.982
9.982
9.982
9.982
9.982
9.982
9.982
9.9795
9.9795
9.9795
9.9795
9.9795
9.9795
9.9709
9.9709
9.9709
9.9709
9.9709
9.9709
9.9709
9.9709
9.9709
9.9709
9.9714
9.9714
9.9714
9.9801
9.9801
9.9801
9.9801
9.9801
9.9801
9.9801
9.9801
9.9801
9.9801
9.9801
9.9851
9.9851
9.9851
9.9851
9.9851
9.9851
9.9851
9.9851
9.9851
9.9851
9.9851
9.9851
9.9846
9.9846
9.9846
9.9846
9.9846
9.9846
9.9846
9.9846
9.9846
9.9846
9.9846
9.9846
9.9846
9.9846
9.9846
9.9846
9.9846
9.9846
9.9846
9.9846
9.9846
9.9846
9.9846
9.9846
9.9846
9.9846
9.9846
9.9846
9.9846
9.9846
9.9846
9.9846
9.9846
9.9774
9.9774
9.9774
9.9774
9.9774
9.9809
9.9809
9.9809
9.9809
9.9809
9.982
9.982
9.982
9.982
9.982
9.982
9.982
9.982
9.982
9.982
9.982
9.982
9.982
9.982
9.9795
9.9795
9.9795
9.9795
9.9795
9.9795
9.9709
9.9709
9.9709
9.9709
9.9709
9.9709
9.9709
9.9709
9.9709
9.9709
9.9714
9.9714
9.9714
9.9801
9.9801
9.9801
9.9801
9.9801
9.9801
9.9801
9.9801
9.9801
9.9801
9.9801
9.9851
9.9851
9.9851
9.9851
9.9851
9.9851
9.9851
9.9851
9.9851
9.9851
9.9851
9.9851
9.9811
9.9811
9.9811
9.9811
9.9811
9.9811
9.9811
9.9811
9.9811
9.9811
9.9811
9.9811
9.9811
9.9811
9.9811
9.9811
9.9811
9.9811
9.9811
9.9811
9.9811
9.9811
9.9811
9.9811
9.9819
9.9819
9.9819
9.9819
9.9819
9.9819
9.9819
9.9819
9.9819
9.9774
9.9774
9.9774
9.9774
9.9774
9.9809
9.9809
9.9809
9.9809
9.9809
9.982
9.982
9.982
9.982
9.982
9.982
9.982
9.982
9.982
9.982
9.982
9.982
9.982
9.982
9.9801
9.9801
9.9801
9.9801
9.9801
9.9801
9.9801
9.9801
9.9801
9.9801
9.9801
9.9801
9.9801
9.9801
9.9801
9.9801
9.9801
9.9801
9.9801
9.9801
9.9801
9.9801
9.9801
9.9801
9.9801
9.9801
9.9801
9.9801
9.9801
9.9801
9.9851
9.9851
9.9851
9.9851
9.9851
9.9851
9.9851
9.9851
9.9851
9.9851
9.9851
9.9851
9.9811
9.9811
9.9811
9.9811
9.9811
9.9811
9.9811
9.9811
9.9811
9.9811
9.9811
9.9811
9.9811
9.9811
9.9811
9.9811
9.9811
9.9811
9.9811
9.9811
9.9811
9.9811
9.9811
9.9811
9.9819
9.9819
9.9819
9.9819
9.9819
9.9819
9.9819
9.9819
9.9819
9.982
9.982
9.982
9.982
9.982
9.9809
9.9809
9.9809
9.9809
9.9809
9.982
9.982
9.982
9.982
9.982
9.982
9.982
9.982
9.982
9.982
9.982
9.982
9.982
9.982
9.9801
9.9801
9.9801
9.9801
9.9801
9.9801
9.9801
9.9801
9.9801
9.9801
9.9801
9.9801
9.9801
9.9801
9.9801
9.9801
9.9801
9.9801
9.9801
9.9801
9.9801
9.9801
9.9801
9.9801
9.9801
9.9801
9.9801
9.9801
9.9801
9.9801
9.9851
9.9851
9.9851
9.9851
9.9851
9.9851
9.9851
9.9851
9.9851
9.9851
9.9851
9.9851
9.9811
9.9811
9.9811
9.9811
9.9811
9.9811
9.9811
9.9811
9.9811
9.9811
9.9811
9.9811
9.9811
9.9811
9.9811
9.9811
9.9811
9.9811
9.9811
9.9811
9.9811
9.9811
9.9811
9.9811
9.9819
9.9819
9.9819
9.9819
9.9819
9.9819
9.9819
9.9819
9.9819
9.9824
9.9824
9.9824
9.9824
9.9824
9.982
9.982
9.982
9.982
9.982
9.982
9.982
9.982
9.982
9.982
9.982
9.982
9.982
9.982
9.982
9.982
9.982
9.982
9.982
9.9801
9.9801
9.9801
9.9801
9.9801
9.9801
9.9801
9.9801
9.9801
9.9801
9.9801
9.9801
9.9801
9.9801
9.9801
9.9801
9.9801
9.9801
9.9801
9.9801
9.9801
9.9801
9.9801
9.9801
9.9801
9.9801
9.9801
9.9801
9.9801
9.9801
9.9851
9.9851
9.9851
9.9851
9.9851
9.9851
9.9851
9.9851
9.9851
9.9851
9.9851
9.9851
9.9811
9.9811
9.9811
9.9811
9.9811
9.9811
9.9811
9.9811
9.9811
9.9811
9.9811
9.9811
9.9811
9.9811
9.9811
9.9811
9.9811
9.9811
9.9811
9.9811
9.9811
9.9811
9.9811
9.9811
9.9819
9.9819
9.9819
9.9819
9.9819
9.9819
9.9819
9.9819
9.9819
9.9824
9.9824
9.9824
9.9824
9.9824
9.982
9.982
9.982
9.982
9.982
9.982
9.982
9.982
9.982
9.982
9.982
9.982
9.982
9.982
9.982
9.982
9.982
9.982
9.982
9.9801
9.9801
9.9801
9.9801
9.9801
9.9801
9.9801
9.9801
9.9801
9.9801
9.9801
9.9801
9.9801
9.9801
9.9801
9.9801
9.9801
9.9801
9.9801
9.9801
9.9801
9.9801
9.9801
9.9801
9.9801
9.9801
9.9801
9.9801
9.9801
9.9801
9.9851
9.9851
9.9851
9.9851
9.9851
9.9851
9.9851
9.9851
9.9851
9.9851
9.9851
9.9851
9.985
9.985
9.985
9.985
9.985
9.985
9.985
9.985
9.985
9.985
9.985
9.985
9.985
9.985
9.985
9.985
9.985
9.985
9.985
9.985
9.985
9.985
9.985
9.985
9.985
9.985
9.985
9.985
9.985
9.985
9.985
9.985
9.985
9.9824
9.9824
9.9824
9.9824
9.9824
9.982
9.982
9.982
9.982
9.982
9.982
9.982
9.982
9.982
9.982
9.982
9.982
9.982
9.982
9.982
9.982
9.982
9.982
9.982
9.9801
9.9801
9.9801
9.9801
9.9801
9.9801
9.9801
9.9801
9.9801
9.9801
9.9801
9.9801
9.9801
9.9801
9.9801
9.9801
9.9801
9.9801
9.9801
9.9801
9.9801
9.9801
9.9801
9.9801
9.9801
9.9801
9.9801
9.9801
9.9801
9.9801
9.9851
9.9851
9.9851
9.9851
9.9851
9.9851
9.9851
9.9851
9.9851
9.9851
9.9851
9.9851
9.985
9.985
9.985
9.985
9.985
9.985
9.985
9.985
9.985
9.985
9.985
9.985
9.985
9.985
9.985
9.985
9.985
9.985
9.985
9.985
9.985
9.985
9.985
9.985
9.985
9.985
9.985
9.985
9.985
9.985
9.985
9.985
9.985
