99

1.50512
1.50991
1.51619
1.52135
1.52707
1.53248
1.53838
1.54392
1.54946
1.55544
1.56118
1.56749
1.57403
1.58092
1.58808
1.59507
1.602
1.60975
1.61736
1.62504
1.63254
1.64079
1.6494
1.65771
1.66641
1.67559
1.68456
1.69318
1.70306
1.71403
1.72378
1.73466
1.74583
1.7576
1.76943
1.78224
1.79462
1.80819
1.82061
1.83433
1.84785
1.86316
1.87676
1.8935
1.91078
1.92695
1.94455
1.96362
1.98254
2.00138
2.02085
2.0418
2.06312
2.08505
2.10963
2.13431
2.16018
2.18949
2.21873
2.24845
2.28133
2.31511
2.35107
2.38765
2.42882
2.46797
2.51139
2.55647
2.60958
2.6674
2.72512
2.77715
2.84921
2.91827
2.99569
3.07196
3.16803
3.26388
3.36784
3.48089
3.61641
3.76106
3.92558
4.09772
4.30347
4.54425
4.81209
5.15521
5.53626
5.97377
6.52525
7.20022
8.10691
9.286
10.9853
13.3858
17.4639
26.117
44.6384
