99

0.009955
0.019785
0.029641
0.03954
0.049579
0.059477
0.069356
0.079689
0.089711
0.099732
0.109692
0.119857
0.129658
0.139698
0.149827
0.159854
0.170131
0.180171
0.190464
0.200423
0.210259
0.220294
0.229887
0.239996
0.250213
0.260453
0.270405
0.280546
0.29052
0.300848
0.310602
0.320354
0.330453
0.340371
0.350442
0.360657
0.370693
0.380883
0.391047
0.401074
0.41139
0.421335
0.431218
0.441077
0.451074
0.460997
0.470689
0.481032
0.491057
0.500714
0.510566
0.520323
0.530311
0.540135
0.550229
0.560291
0.570012
0.579995
0.590022
0.60018
0.610073
0.619943
0.62995
0.639802
0.649847
0.659425
0.669828
0.679653
0.690148
0.700921
0.71132
0.720573
0.730847
0.741242
0.75124
0.760958
0.770966
0.78096
0.790762
0.800734
0.810791
0.821688
0.831662
0.841046
0.850908
0.860697
0.870435
0.880687
0.891104
0.90082
0.910468
0.920288
0.930542
0.941051
0.951087
0.960656
0.970424
0.98124
0.989913
