99

1.53038
1.55477
1.6029
1.63682
1.68179
1.72534
1.76892
1.84
1.89632
1.96322
2.02476
2.11921
2.19773
2.3317
2.44718
2.59971
2.7333
2.91798
3.09442
3.34197
3.68027
3.94211
4.35979
4.9794
5.57033
6.40532
7.87745
8.60725
11.5005
15.9404
22.5173
38.8269
151.569
11213.9
25433.4
38228.9
50136.6
61956.7
72535.6
85353.3
96090.4
104072
113878
123218
131932
139917
146992
152613
160959
168013
174487
181021
187532
192119
197945
203336
208528
212718
217508
222478
228616
232889
237097
241208
245295
249907
252585
254296
257880
262847
266196
268599
271882
276929
279939
280619
283508
286351
289105
291789
294413
297895
300340
303175
305529
307809
310081
311096
313942
316895
318951
320910
322862
324802
326569
328351
330140
331821
333505
