99

0.0102
0.021069
0.03325
0.0455
0.058825
0.0732
0.088051
0.106053
0.124001
0.143927
0.16411
0.18916
0.213855
0.245877
0.277999
0.317141
0.354346
0.401086
0.45026
0.508408
0.584371
0.652817
0.741814
0.860154
0.97651
1.13118
1.34532
1.50537
1.85512
2.38183
2.91457
3.83496
6.20757
9.82797
9.96436
9.98512
9.98314
9.98299
9.99304
9.99378
9.99716
9.99631
9.99721
9.99739
9.9988
9.9988
9.99733
9.9985
9.99827
9.99905
9.99905
9.99888
9.9988
9.99906
9.9998
9.9998
9.99915
9.99973
9.99965
9.99917
9.99945
9.99945
9.99945
9.99945
9.99945
9.99953
9.99945
9.9995
9.9995
9.99962
9.99962
9.99967
9.99937
9.99957
9.99957
9.99961
9.99961
9.99961
9.99961
9.99961
9.99961
9.99978
9.99978
9.99975
9.99975
9.99975
9.99975
9.99988
9.99989
9.99991
9.99991
9.99991
9.99991
9.99991
9.99991
9.99991
9.99991
9.99991
9.99991
