99

0.009907
0.019992
0.030232
0.04014
0.050013
0.060123
0.070063
0.080201
0.090231
0.100232
0.11017
0.120272
0.130278
0.140334
0.150367
0.160576
0.170458
0.180406
0.190238
0.200274
0.210538
0.220697
0.230368
0.240661
0.250492
0.260458
0.270483
0.280009
0.289909
0.300414
0.3098
0.320587
0.329794
0.332183
0.332593
0.332689
0.333229
0.3333
0.333012
0.332692
0.332409
0.332687
0.332946
0.332728
0.332414
0.332414
0.332608
0.333018
0.333087
0.332469
0.332469
0.332543
0.33267
0.332934
0.332283
0.332283
0.332279
0.333201
0.333208
0.332608
0.332433
0.332433
0.332433
0.332433
0.332433
0.332606
0.333026
0.332997
0.332997
0.332948
0.332948
0.332614
0.333638
0.332606
0.332606
0.332616
0.332616
0.332616
0.332616
0.332616
0.332616
0.332895
0.332895
0.332438
0.332438
0.332438
0.332438
0.332685
0.332893
0.3326
0.3326
0.3326
0.3326
0.3326
0.3326
0.3326
0.3326
0.3326
0.3326
