9801

0.0875
0.1571
0.2205
0.3126
0.3691
0.4648
0.5682
0.6357
0.7277
0.7712
0.8224
0.953
1.0845
1.2361
1.2681
1.3887
1.4637
1.5635
1.6444
1.759
1.9059
1.9869
2.1887
2.3356
2.4501
2.4257
2.8164
2.7059
3.0815
3.0509
3.5129
3.3174
3.7328
3.8373
3.9473
4.369
4.2325
4.6102
5.01
5.2442
5.2035
5.5356
5.8953
6.2848
7.0897
6.9255
7.1526
8.3282
9.079
9.2085
8.3341
9.4111
9.4688
9.6776
9.6474
9.736
9.7715
9.8049
9.7691
9.9077
9.7901
9.7912
9.8165
9.8804
9.8698
9.868
9.9361
9.9343
9.9408
9.9461
9.9461
9.9461
9.9461
9.9461
9.9461
9.9461
9.9461
9.9509
9.9509
9.9509
9.944
9.9709
9.9709
9.9677
9.9698
9.9698
9.9529
9.9637
9.9684
9.9764
9.9672
9.9672
9.9672
9.9672
9.9783
9.9783
9.9783
9.9783
9.9749
0.1298
0.1829
0.2562
0.3228
0.4164
0.4788
0.5609
0.6379
0.7379
0.8097
0.8699
0.9979
1.0992
1.2478
1.3115
1.3825
1.5084
1.5516
1.6286
1.8284
1.9175
2.0921
2.2339
2.4469
2.4067
2.5403
2.8756
2.9318
2.9051
3.2902
3.4124
3.3647
3.6983
3.7481
4.0948
4.2564
4.0891
4.6884
4.9764
5.0341
5.4611
5.5467
6.2257
6.1702
7.0578
7.3574
7.0774
7.6461
7.8593
9.1149
9.1607
8.9868
9.6087
9.6062
9.7761
9.8139
9.7457
9.8032
9.7711
9.885
9.7379
9.8486
9.88
9.823
9.867
9.868
9.9187
9.9343
9.9408
9.9461
9.9461
9.9461
9.9461
9.9461
9.9461
9.9461
9.9461
9.9509
9.9509
9.9509
9.9523
9.9709
9.9709
9.9677
9.9698
9.9698
9.9529
9.9637
9.9684
9.9764
9.9672
9.9672
9.9672
9.9672
9.9783
9.9783
9.9783
9.9783
9.9749
0.1472
0.1923
0.259
0.3498
0.4527
0.503
0.5743
0.7007
0.7667
0.8661
0.9098
1.075
1.1401
1.2419
1.3586
1.3909
1.511
1.5591
1.7613
1.9043
1.9786
1.9896
2.2626
2.3481
2.4283
2.6448
2.7031
2.8942
3.0553
3.3401
3.4508
3.5497
3.8753
4.0146
4.0873
4.0964
4.4985
4.8379
5.1233
5.1561
5.5593
5.803
6.0433
6.3019
6.7007
7.5579
7.0441
8.7797
8.4636
9.4802
9.2774
9.0084
9.2907
9.6251
9.8057
9.7878
9.8252
9.8341
9.8272
9.844
9.7981
9.8588
9.8607
9.8976
9.9196
9.8728
9.9187
9.9343
9.9408
9.9461
9.9461
9.9461
9.9461
9.9461
9.9461
9.9461
9.9461
9.9509
9.9509
9.9509
9.9523
9.9709
9.9709
9.9677
9.9698
9.9698
9.9541
9.9764
9.9764
9.9764
9.9755
9.9755
9.9755
9.9755
9.9755
9.9755
9.9755
9.9757
9.9749
0.1813
0.2199
0.3034
0.384
0.4832
0.5364
0.6025
0.6938
0.8305
0.8868
0.955
1.0563
1.0865
1.2731
1.3186
1.4332
1.5378
1.6322
1.7856
1.9288
2.0689
2.06
2.3005
2.4105
2.4355
2.6954
2.7256
2.9829
3.0912
3.1317
3.3018
3.4278
3.5725
3.861
3.8653
4.0903
4.4698
4.5857
4.7705
5.4646
5.3133
5.8481
6.4002
6.9175
6.915
6.912
7.1283
8.3642
9.1127
8.8012
9.5008
9.5427
9.4365
9.5777
9.6459
9.7992
9.7673
9.8419
9.8798
9.8193
9.7983
9.8607
9.8607
9.9216
9.9021
9.889
9.8974
9.9343
9.9408
9.9461
9.9461
9.9461
9.9461
9.9461
9.9461
9.9461
9.9461
9.9509
9.9509
9.9509
9.9523
9.9709
9.9709
9.9677
9.9698
9.9698
9.9541
9.9764
9.9764
9.9764
9.9755
9.9755
9.9755
9.9755
9.9755
9.9755
9.9755
9.9757
9.9749
0.1862
0.2441
0.3261
0.3954
0.5112
0.561
0.6311
0.7442
0.8371
0.957
1.0099
1.0817
1.1239
1.2406
1.3802
1.4334
1.5236
1.6261
1.7851
1.9043
2.0193
2.1394
2.2929
2.3651
2.476
2.7052
2.8221
3.1611
3.1791
3.2735
3.5034
3.6241
3.7047
3.8677
4.2035
4.1983
4.592
4.9783
4.7293
5.2349
5.3247
5.6034
6.0081
6.9307
6.9105
7.3315
7.3585
8.3958
8.7942
9.3138
9.4428
9.552
9.6634
9.5925
9.7288
9.8171
9.7032
9.74
9.8685
9.8958
9.7743
9.8567
9.8659
9.9216
9.9019
9.8935
9.8974
9.9343
9.9408
9.9461
9.9461
9.9461
9.9461
9.9461
9.9461
9.9461
9.9461
9.9509
9.9509
9.9509
9.9523
9.9709
9.9709
9.9677
9.9698
9.9698
9.9541
9.9764
9.9764
9.9764
9.9755
9.9755
9.9755
9.9755
9.9755
9.9755
9.9755
9.9757
9.9749
0.1945
0.2602
0.3336
0.4054
0.4999
0.5507
0.6665
0.7662
0.8171
0.9459
0.9858
1.0882
1.2529
1.2499
1.404
1.4464
1.5805
1.6448
1.7458
1.9312
2.0481
2.2634
2.3624
2.4616
2.5204
2.6535
2.7876
3.0533
3.0293
3.3528
3.7359
3.722
3.7192
3.8032
4.3422
4.2409
4.4684
4.7422
5.1083
5.2206
5.6905
6.2589
6.4054
6.6425
6.967
8.0449
7.587
7.9585
8.4384
9.4713
9.0228
9.5166
9.4447
9.4792
9.7526
9.8368
9.8089
9.846
9.7829
9.9028
9.7743
9.8567
9.8659
9.9216
9.9019
9.8935
9.8974
9.9258
9.9408
9.9461
9.9461
9.9461
9.9461
9.9461
9.9461
9.9461
9.9461
9.9509
9.9509
9.9509
9.9523
9.9709
9.9709
9.9677
9.9698
9.9698
9.9541
9.9764
9.9764
9.9764
9.9755
9.9755
9.9755
9.9755
9.9755
9.9755
9.9755
9.9757
9.9749
0.2126
0.2932
0.3347
0.4279
0.5195
0.6109
0.7058
0.7827
0.8332
0.9568
1.0159
1.0901
1.1977
1.3058
1.4228
1.4787
1.5801
1.6585
1.7875
1.9524
1.961
2.3422
2.3255
2.4554
2.6103
2.8647
2.7863
3.1327
3.1678
3.3748
3.4937
3.6982
3.8618
3.8333
4.2829
4.4421
4.4771
4.6546
5.2479
5.4866
5.6254
6.0797
7.0892
6.1487
7.1857
7.6279
7.8127
8.907
8.7976
8.8481
9.2338
9.4625
9.3202
9.781
9.7088
9.8356
9.7485
9.8644
9.8714
9.7689
9.8737
9.8501
9.8453
9.8569
9.9156
9.919
9.9212
9.9137
9.9284
9.9128
9.9128
9.9298
9.9271
9.9345
9.9345
9.9323
9.9434
9.943
9.943
9.9456
9.9547
9.9547
9.9547
9.9666
9.9666
9.9666
9.9666
9.9666
9.9698
9.9757
9.9763
9.9763
9.9763
9.9764
9.9764
9.9764
9.9764
9.9764
9.9764
0.2203
0.2909
0.3516
0.4313
0.5373
0.6245
0.6754
0.8007
0.8835
0.9604
1.0094
1.1178
1.2762
1.3362
1.4747
1.5713
1.7159
1.7024
1.7855
2.0072
1.9914
2.3078
2.4076
2.476
2.5987
2.8105
3.0773
3.0367
3.2592
3.3762
3.5431
3.5584
3.8473
4.167
4.426
4.5904
4.3695
4.9839
5.1223
5.3538
5.765
6.1162
6.5299
7.3367
7.7682
7.9896
7.7804
8.7955
9.1317
9.2972
9.4493
9.2363
9.464
9.5206
9.7239
9.8443
9.783
9.7423
9.8668
9.8015
9.8812
9.8986
9.8944
9.8802
9.9261
9.9171
9.9332
9.9137
9.9284
9.9128
9.9128
9.9298
9.9271
9.9345
9.9345
9.9323
9.9434
9.943
9.943
9.9456
9.9547
9.9547
9.9547
9.9666
9.9666
9.9666
9.9666
9.9666
9.9698
9.9757
9.9763
9.9763
9.9763
9.9764
9.9764
9.9764
9.9764
9.9764
9.9764
0.2159
0.3019
0.3942
0.4577
0.578
0.6723
0.7203
0.8102
0.8945
0.9867
1.0084
1.1616
1.2997
1.3187
1.4808
1.5762
1.7399
1.7247
1.8754
1.8889
2.0699
2.2317
2.4401
2.5187
2.6219
2.904
2.9294
3.1753
3.3042
3.5831
3.5832
3.6979
3.9384
4.2084
4.1936
4.7453
4.5495
5.1188
5.5128
5.5209
5.9652
6.313
6.2252
6.7262
6.7567
7.6508
7.9354
9.0833
9.033
9.169
9.5824
9.4838
9.5332
9.7158
9.8251
9.8443
9.7307
9.8587
9.8843
9.8396
9.8812
9.8926
9.8939
9.9071
9.9261
9.9171
9.9332
9.9137
9.9284
9.9128
9.9128
9.9307
9.9271
9.9323
9.9323
9.936
9.9434
9.943
9.943
9.9456
9.9547
9.9547
9.9547
9.9666
9.9666
9.9666
9.9666
9.9666
9.9714
9.9757
9.9763
9.9763
9.9763
9.9764
9.9764
9.9764
9.9764
9.9764
9.9764
0.2737
0.3239
0.4
0.4976
0.5754
0.6733
0.7604
0.8315
0.9977
1.0044
1.0124
1.1592
1.3448
1.3845
1.4301
1.5589
1.6612
1.7558
1.871
1.9826
2.2009
2.379
2.4967
2.6485
2.7933
2.887
2.9915
3.0216
3.2835
3.6412
3.7127
3.9736
4.0042
4.315
4.2866
4.6271
4.8097
4.9541
5.9186
5.5767
6.3058
6.4353
6.9394
7.2309
7.8295
8.0681
8.574
9.3004
8.8383
9.181
9.5389
9.5315
9.5947
9.6747
9.8251
9.7705
9.721
9.8587
9.8659
9.8265
9.8812
9.8759
9.8939
9.9071
9.9261
9.9171
9.9332
9.9048
9.9284
9.9128
9.9128
9.9307
9.9271
9.9323
9.9323
9.936
9.9434
9.943
9.943
9.9456
9.9547
9.9547
9.9547
9.9666
9.9666
9.9666
9.9666
9.9666
9.9714
9.9757
9.9763
9.9763
9.9763
9.9764
9.9764
9.9764
9.9764
9.9764
9.9764
0.2638
0.3228
0.3941
0.4888
0.5754
0.6851
0.767
0.8493
1.0066
0.9891
1.0531
1.1804
1.3668
1.4391
1.4866
1.5687
1.6347
1.6867
1.927
2.0741
2.1926
2.3135
2.5456
2.5917
2.8395
2.9183
3.0353
3.0761
3.3185
3.4417
3.7415
3.8025
3.9333
4.4983
4.6142
4.7469
4.8651
4.9841
5.3105
5.8613
6.1436
6.0157
6.8761
6.7533
7.7454
6.8933
8.2221
9.3811
8.9368
9.239
9.5157
9.6399
9.5712
9.7427
9.6951
9.7444
9.8685
9.7797
9.8318
9.8509
9.8779
9.8672
9.8868
9.8986
9.9261
9.9171
9.9332
9.9113
9.9005
9.9128
9.9128
9.9307
9.9426
9.9323
9.9323
9.936
9.9434
9.943
9.943
9.9456
9.9547
9.9547
9.9547
9.9666
9.9666
9.9666
9.9666
9.9666
9.9714
9.9757
9.9763
9.9763
9.9763
9.9764
9.9764
9.9764
9.9764
9.9764
9.9764
0.2957
0.361
0.413
0.5463
0.6054
0.7549
0.8164
0.8515
0.9589
1.0307
1.0985
1.1929
1.375
1.4966
1.5253
1.6082
1.6353
1.8186
1.993
2.1164
2.2235
2.3651
2.5667
2.693
2.9083
2.8822
3.1164
3.245
3.4476
3.7536
3.8224
3.7546
4.0955
4.3202
4.7741
4.8383
4.7921
5.1391
5.8186
5.9963
5.7072
6.2158
6.643
6.807
7.8475
8.153
8.9778
9.4546
9.1134
9.5513
9.5966
9.6615
9.573
9.7206
9.8662
9.8355
9.88
9.8759
9.8371
9.8776
9.8776
9.9171
9.9393
9.9163
9.9391
9.9578
9.9431
9.9497
9.9588
9.9588
9.963
9.963
9.9668
9.9466
9.9658
9.9658
9.9658
9.9645
9.95
9.9651
9.9706
9.9561
9.9561
9.9666
9.9666
9.9666
9.9666
9.9666
9.9714
9.9757
9.9763
9.9763
9.9763
9.9764
9.9764
9.9764
9.9764
9.9764
9.9764
0.3155
0.3997
0.4286
0.5732
0.6142
0.7615
0.8009
0.8816
0.9814
1.0765
1.1339
1.2034
1.3965
1.5184
1.5786
1.7013
1.7594
1.9389
1.9919
2.1281
2.2142
2.4676
2.4385
2.7493
2.991
2.7925
3.2823
3.4173
3.3525
3.7529
3.8232
3.993
3.9553
4.5317
4.1736
4.952
4.8569
4.8476
5.6209
6.1068
5.8443
6.44
6.8338
7.1342
8.0787
8.1784
8.3839
9.2869
9.115
9.3752
9.7148
9.5728
9.693
9.757
9.8583
9.8548
9.8569
9.7309
9.8574
9.8555
9.8449
9.9394
9.9393
9.9134
9.9369
9.9578
9.9431
9.9503
9.9588
9.9588
9.963
9.963
9.9668
9.9466
9.9658
9.9658
9.9658
9.9645
9.9693
9.9706
9.9706
9.9713
9.9713
9.9666
9.9666
9.9666
9.9666
9.9666
9.9714
9.9757
9.9763
9.9763
9.9763
9.9764
9.9764
9.9764
9.9764
9.9764
9.9764
0.3402
0.3859
0.4808
0.5963
0.6345
0.776
0.8778
0.9421
1.0272
1.0531
1.1808
1.2257
1.4334
1.5819
1.5846
1.7351
1.7801
1.9072
2.0505
2.1061
2.2931
2.3858
2.5547
2.8575
2.7131
2.9044
3.1188
3.1611
3.2725
3.6515
3.8158
4.3949
3.9461
4.6196
4.5697
4.8963
4.9601
5.6589
5.3168
6.0628
6.3966
6.7385
7.2047
7.3573
7.802
8.0841
9.4789
9.5161
9.0111
9.3438
9.6162
9.7531
9.7238
9.7307
9.8574
9.8218
9.8658
9.8196
9.8574
9.8584
9.8608
9.9394
9.934
9.9134
9.9369
9.9578
9.9431
9.9503
9.9588
9.9588
9.963
9.963
9.9668
9.9337
9.966
9.966
9.966
9.9645
9.9664
9.968
9.9676
9.9716
9.9716
9.9666
9.9666
9.9666
9.9666
9.9666
9.9677
9.9757
9.9763
9.9763
9.9763
9.9764
9.9764
9.9764
9.9764
9.9764
9.9764
0.3808
0.442
0.5226
0.5941
0.7046
0.8178
0.9313
0.93
1.0375
1.1411
1.1878
1.2882
1.4094
1.5444
1.5733
1.7136
1.7765
1.8903
1.954
2.1294
2.4092
2.4403
2.5102
2.8025
2.8941
3.1304
3.1795
3.416
3.7072
3.7112
3.8511
4.3448
4.107
4.3865
4.7768
4.893
5.1991
5.5225
5.5547
6.3848
6.4787
6.3445
6.943
7.813
7.6868
9.0367
8.6152
9.7077
9.4204
9.4219
9.5122
9.6826
9.6824
9.7473
9.8358
9.7683
9.8879
9.8557
9.8574
9.8947
9.8634
9.9394
9.934
9.9515
9.9372
9.9515
9.9431
9.9503
9.9588
9.9588
9.963
9.963
9.9668
9.9337
9.966
9.966
9.966
9.9645
9.9664
9.9679
9.9676
9.9716
9.9716
9.9666
9.9666
9.9666
9.9666
9.9666
9.9677
9.9757
9.9763
9.9763
9.9763
9.9764
9.9764
9.9764
9.9764
9.9764
9.9764
0.363
0.453
0.5686
0.6459
0.7151
0.8516
0.9235
0.9867
1.0095
1.1656
1.1447
1.3177
1.4813
1.5537
1.6533
1.6972
1.7756
1.9335
2.0055
2.2267
2.3793
2.5378
2.6279
2.8871
2.8889
3.0653
3.1526
3.2341
3.6884
3.5885
3.6479
4.1407
4.017
4.4813
4.7106
4.988
5.2206
5.4055
5.5428
5.8104
6.5234
7.2285
7.3277
7.3295
8.4032
9.0319
9.1345
9.7332
9.2195
9.6123
9.6577
9.82
9.8392
9.8225
9.8785
9.8785
9.8563
9.8857
9.8837
9.8905
9.8663
9.9329
9.9466
9.9447
9.9372
9.9515
9.9431
9.9588
9.9588
9.9588
9.963
9.963
9.9668
9.9337
9.966
9.966
9.966
9.9645
9.9664
9.9679
9.9676
9.9716
9.9716
9.9656
9.9656
9.9656
9.9656
9.9664
9.9677
9.9757
9.9763
9.9763
9.9763
9.9764
9.9764
9.9764
9.9764
9.9764
9.9764
0.4271
0.4497
0.5732
0.6481
0.7703
0.8142
0.9421
1.0066
1.1211
1.1489
1.2479
1.3372
1.5051
1.5444
1.6408
1.7656
1.8186
1.8809
2.0577
2.2908
2.4698
2.469
2.7171
2.8753
2.9451
3.276
3.3158
3.4473
3.6789
3.8845
4.1153
4.324
4.2957
4.4381
4.753
5.0764
5.5038
5.5617
5.8082
6.1305
6.1099
6.9644
7.0877
8.7112
8.3143
9.0589
9.3196
9.3115
9.2448
9.6269
9.6776
9.8349
9.8392
9.8225
9.8909
9.886
9.8511
9.8831
9.8973
9.8897
9.8823
9.9329
9.9466
9.9447
9.9372
9.9521
9.9431
9.9588
9.9588
9.9588
9.9401
9.9378
9.945
9.945
9.966
9.966
9.966
9.9543
9.9647
9.9679
9.967
9.9716
9.9716
9.9656
9.9656
9.9656
9.9656
9.9664
9.9677
9.9757
9.9763
9.9763
9.9763
9.9764
9.9764
9.9764
9.9764
9.9764
9.9764
0.4331
0.505
0.5721
0.7102
0.7771
0.8369
1
1.0281
1.1531
1.173
1.1883
1.3924
1.6084
1.5992
1.6826
1.7833
1.8522
2.0001
2.0751
2.2535
2.3729
2.5061
2.7182
2.7241
3.0802
3.0305
3.4079
3.3315
3.657
3.9414
3.9243
4.1852
4.4708
4.7379
4.7405
5.1916
5.501
5.7756
5.9687
6.5867
6.6937
7.1094
7.0381
8.352
8.6146
8.7966
9.2207
9.4711
9.3731
9.4626
9.6972
9.8349
9.8396
9.8211
9.8875
9.886
9.8266
9.8386
9.8973
9.8897
9.8823
9.9329
9.9466
9.9447
9.9372
9.9521
9.9431
9.9588
9.9588
9.9588
9.9401
9.9378
9.945
9.945
9.966
9.966
9.966
9.9543
9.9647
9.9679
9.967
9.9716
9.9716
9.9656
9.9656
9.9656
9.9656
9.9664
9.9677
9.9757
9.9763
9.9763
9.9763
9.9764
9.9764
9.9764
9.9764
9.9764
9.9764
0.4611
0.5454
0.6453
0.7047
0.8009
0.8585
0.9745
1.0533
1.1906
1.2219
1.2479
1.4941
1.6696
1.6546
1.7055
1.8186
1.9554
2.0763
2.1783
2.3142
2.4948
2.4972
2.7077
2.7956
2.9926
3.1552
3.2258
3.4663
3.675
3.9627
4.1776
4.3901
4.2572
4.7006
4.7374
5.1733
5.3849
5.675
6.049
6.0739
6.8056
7.6816
7.8996
7.6427
8.1577
8.1278
8.7119
9.1874
9.5411
9.5353
9.6392
9.7205
9.8391
9.8216
9.8574
9.8445
9.8403
9.7861
9.8664
9.9068
9.9026
9.8439
9.822
9.9149
9.8453
9.9651
9.9489
9.9653
9.9636
9.9592
9.9656
9.9656
9.9564
9.9564
9.9194
9.9291
9.9291
9.9312
9.9282
9.9504
9.9504
9.9576
9.9576
9.9576
9.9673
9.9673
9.9661
9.978
9.9769
9.9726
9.9751
9.9751
9.9751
9.9725
9.9725
9.9725
9.967
9.967
9.9734
0.5284
0.629
0.6637
0.7214
0.8394
0.8827
0.9903
1.097
1.1894
1.2207
1.2409
1.379
1.6231
1.5801
1.6896
1.9047
1.9465
2.0863
2.0833
2.2732
2.477
2.5482
2.8358
2.9328
2.8624
3.206
3.2533
3.5348
3.9227
3.8942
4.3097
4.206
4.385
4.7184
4.9853
5.2169
5.1645
6.0866
5.6862
6.0932
6.5336
7.5178
7.9473
7.947
8.7807
9.1139
9.0199
9.2625
9.5616
9.6092
9.7044
9.7831
9.8591
9.8239
9.8574
9.8451
9.8403
9.8367
9.8664
9.9068
9.9026
9.8439
9.8271
9.9149
9.8487
9.9651
9.9489
9.9653
9.9636
9.9592
9.9656
9.9656
9.9564
9.9564
9.9194
9.9291
9.9291
9.9312
9.9282
9.9504
9.9504
9.9576
9.9576
9.9576
9.9673
9.9673
9.969
9.978
9.9769
9.9726
9.9751
9.9751
9.9751
9.9725
9.9725
9.9725
9.967
9.967
9.9734
0.5397
0.6337
0.6784
0.7125
0.8407
0.9011
0.9814
1.1103
1.1792
1.2854
1.2955
1.4012
1.5015
1.6851
1.8077
1.9929
1.9296
2.0629
2.138
2.2876
2.5037
2.6929
2.7932
2.8647
3.0233
3.2736
3.3975
3.457
3.7583
3.7857
4.0686
4.3576
4.3223
4.7833
4.9454
5.4876
5.5443
5.8384
6.3356
6.6187
7.1253
6.558
7.632
7.7103
8.854
8.9482
9.2698
9.12
9.7323
9.5255
9.4766
9.6414
9.7611
9.8064
9.8152
9.6907
9.9163
9.8277
9.8673
9.882
9.8708
9.8548
9.8703
9.9149
9.8487
9.9651
9.9489
9.9653
9.9636
9.9592
9.9656
9.9656
9.9564
9.9564
9.9156
9.9291
9.9291
9.9312
9.9282
9.9504
9.9504
9.9576
9.9576
9.9576
9.9673
9.9673
9.969
9.978
9.9769
9.9726
9.9751
9.9751
9.9751
9.9725
9.9725
9.9725
9.967
9.967
9.9734
0.5463
0.617
0.7319
0.7238
0.875
0.9147
1.0564
1.096
1.1717
1.3239
1.3851
1.5063
1.6316
1.7041
1.8335
2.0133
2.0321
2.2332
2.2093
2.3976
2.462
2.7045
2.7439
2.9192
3.1037
3.3719
3.6167
3.6035
3.8474
3.9378
4.0383
4.2562
4.7273
4.8659
4.826
5.1903
5.4207
6.0512
6.0826
6.5396
7.2942
7.0094
8.1847
7.7726
7.8714
8.5432
9.4606
9.3727
9.7602
9.658
9.7309
9.6039
9.7611
9.823
9.8871
9.8685
9.9163
9.8817
9.8499
9.9104
9.9128
9.8548
9.8914
9.9119
9.9087
9.9651
9.9489
9.9653
9.9636
9.9592
9.9656
9.9656
9.9564
9.9564
9.9192
9.9291
9.9291
9.9312
9.9282
9.9504
9.9504
9.9576
9.9576
9.9576
9.9673
9.9673
9.969
9.978
9.9769
9.9726
9.9751
9.9751
9.9751
9.9725
9.9725
9.9725
9.967
9.967
9.9734
0.5465
0.6175
0.737
0.7585
0.9145
0.9851
1.0788
1.1597
1.2072
1.3624
1.3158
1.496
1.6528
1.7978
1.8642
2.0145
2.1119
2.2609
2.1966
2.4386
2.6757
2.7105
2.9048
2.8677
3.2438
3.377
3.443
3.7501
3.9261
4.1611
4.3044
4.3796
4.4457
5.0199
5.1912
5.5512
5.6368
5.5989
6.2072
6.2905
7.3281
7.0146
7.786
8.736
8.889
8.9772
9.3059
9.7612
9.7051
9.8382
9.813
9.8034
9.8789
9.8922
9.8385
9.828
9.8506
9.8575
9.9061
9.9325
9.9277
9.9273
9.9262
9.9207
9.9005
9.9166
9.9374
9.9175
9.9222
9.9212
9.9324
9.9327
9.9221
9.9455
9.9512
9.9496
9.9496
9.9507
9.9507
9.9633
9.9723
9.9743
9.9728
9.9707
9.9707
9.9707
9.9707
9.9739
9.9739
9.9739
9.9739
9.9739
9.9739
9.9739
9.9739
9.9739
9.9739
9.9739
9.9739
0.5432
0.6009
0.7184
0.7426
0.8969
1.0234
1.0697
1.2912
1.257
1.3128
1.4151
1.5377
1.6861
1.8428
1.8259
1.9292
2.037
2.2651
2.1141
2.5018
2.5376
2.6977
2.8115
2.9492
3.1802
3.6028
3.6077
3.7854
3.8724
4.011
4.4762
4.6736
4.9508
5.0666
4.9532
5.7789
5.9608
6.5847
6.8303
7.8458
7.6347
7.6752
9.1978
8.726
9.3091
9.6044
9.3833
9.5229
9.657
9.8041
9.8397
9.8208
9.7816
9.8504
9.8522
9.8986
9.8809
9.9095
9.9314
9.9005
9.9151
9.8932
9.9217
9.9217
9.9217
9.9365
9.902
9.9344
9.9404
9.9413
9.9413
9.9413
9.9677
9.9677
9.9677
9.9675
9.9675
9.9675
9.9664
9.9664
9.9664
9.9738
9.9738
9.9789
9.9789
9.9789
9.9789
9.982
9.982
9.982
9.982
9.982
9.982
9.982
9.982
9.982
9.982
9.982
9.982
0.6246
0.6772
0.7195
0.745
0.8675
0.9537
1.1485
1.3075
1.3181
1.4534
1.4405
1.5625
1.6633
1.8033
1.9404
2.0041
2.1098
2.2164
2.283
2.5531
2.5861
2.7897
2.9236
3.128
3.2706
3.4145
3.4606
3.6917
4.0165
4.1115
4.2895
4.5595
4.6919
4.9836
5.3984
5.1631
5.4941
6.2424
6.8618
6.875
7.3065
8.3638
8.2337
8.4745
9.5524
9.5466
9.6673
9.6251
9.7517
9.7271
9.7706
9.7394
9.7785
9.8525
9.7996
9.8191
9.8809
9.8981
9.9314
9.9005
9.9151
9.8932
9.9217
9.9217
9.9217
9.9365
9.9401
9.9401
9.9413
9.9413
9.9413
9.9413
9.9527
9.9658
9.9686
9.9675
9.9675
9.9675
9.9664
9.9664
9.9664
9.9738
9.9738
9.9789
9.9789
9.9789
9.9789
9.982
9.982
9.982
9.982
9.982
9.982
9.982
9.982
9.982
9.982
9.982
9.982
0.6021
0.6772
0.7892
0.8091
0.8771
1.0117
1.1066
1.2533
1.387
1.452
1.4799
1.6152
1.6949
1.8335
1.8746
2.0465
2.1756
2.2585
2.3446
2.4883
2.6653
2.9404
3.1113
3.0012
3.2792
3.6009
3.626
3.8483
3.7773
4.2087
4.6202
4.8061
4.8753
4.7825
5.4099
5.3207
5.5935
6.4547
7.0395
7.1479
8.767
9.0347
8.4318
9.0574
9.1278
9.3941
9.4195
9.6659
9.697
9.7119
9.7513
9.7689
9.8022
9.853
9.8629
9.9196
9.8965
9.9237
9.9314
9.9268
9.9151
9.8932
9.9217
9.9217
9.9217
9.9365
9.9401
9.9401
9.9337
9.9294
9.9294
9.9314
9.9641
9.9658
9.9686
9.9675
9.9675
9.9675
9.9664
9.9664
9.9664
9.9738
9.9738
9.9789
9.9789
9.9789
9.9789
9.982
9.982
9.982
9.982
9.982
9.982
9.982
9.982
9.982
9.982
9.982
9.982
0.6521
0.697
0.8053
0.8394
0.9324
1.0383
1.1901
1.189
1.3856
1.4726
1.5277
1.6753
1.7966
1.7988
1.9951
2.052
2.1676
2.2283
2.3404
2.4558
2.6789
2.8392
2.9465
3.1952
3.3758
3.8126
3.6859
3.789
4.109
4.1226
4.4551
4.8789
4.8208
5.1971
5.3425
5.9306
6.484
6.2236
6.8749
7.3815
8.658
8.3568
7.9977
8.2945
9.0666
9.1606
9.6388
9.7532
9.7232
9.6966
9.8062
9.7288
9.8063
9.7929
9.8629
9.9196
9.8754
9.9237
9.9314
9.9447
9.9068
9.8932
9.9217
9.9217
9.9217
9.9365
9.9401
9.9401
9.9337
9.9294
9.9294
9.9314
9.9641
9.9658
9.9686
9.9675
9.9675
9.9675
9.9664
9.9664
9.9664
9.9738
9.9738
9.9789
9.9789
9.9789
9.9789
9.982
9.982
9.982
9.982
9.982
9.982
9.982
9.982
9.982
9.982
9.982
9.982
0.6704
0.7172
0.8548
0.886
0.9901
1.0771
1.2095
1.2207
1.3647
1.5414
1.5111
1.6898
1.8175
1.9026
1.9552
2.1582
2.3836
2.3687
2.4652
2.6386
2.7467
2.7846
3.1212
3.2228
3.378
3.4985
3.7915
3.7893
4.1357
4.1829
4.5489
4.7611
4.7956
5.048
5.1446
5.9714
6.0218
6.6689
6.6116
7.9442
7.5873
9.0887
8.8835
8.6924
9.3559
9.5566
9.5587
9.5871
9.6784
9.7594
9.803
9.6514
9.7873
9.8987
9.8629
9.9196
9.9014
9.9237
9.9314
9.9447
9.9104
9.8932
9.9217
9.9217
9.9217
9.9365
9.9401
9.9401
9.9337
9.9294
9.9294
9.9314
9.9641
9.9658
9.9686
9.9675
9.9675
9.9675
9.9664
9.9664
9.9664
9.9738
9.9738
9.9791
9.9791
9.9791
9.9791
9.9828
9.9828
9.9828
9.9816
9.9816
9.9841
9.9841
9.9841
9.9841
9.9841
9.9841
9.9841
0.7466
0.8345
0.9199
0.9569
1.0569
1.1435
1.1835
1.2926
1.4427
1.5216
1.5418
1.7442
1.8798
1.9299
2.1169
2.1613
2.4427
2.4743
2.5499
2.6455
2.8619
2.9488
3.0581
3.2885
3.4252
3.6374
3.8887
3.8808
4.1442
4.2451
4.6841
4.6655
4.9666
5.0771
5.3632
5.8607
6.3004
6.6415
6.4993
7.1325
9.0894
8.6552
8.5033
8.9001
9.1186
9.5768
9.5568
9.7145
9.7129
9.736
9.7628
9.7679
9.8045
9.899
9.8608
9.9196
9.9014
9.9237
9.9314
9.9413
9.9354
9.8932
9.9217
9.9217
9.9217
9.9365
9.9401
9.9401
9.9337
9.9294
9.9294
9.9314
9.9641
9.9658
9.9686
9.9675
9.9675
9.9675
9.9664
9.9664
9.9664
9.9738
9.9738
9.9791
9.9791
9.9791
9.9791
9.9828
9.9828
9.9828
9.9816
9.9816
9.9841
9.9841
9.9841
9.9841
9.9841
9.9841
9.9841
0.7625
0.8335
0.9613
0.9469
1.0681
1.1341
1.1908
1.3252
1.5418
1.5144
1.6031
1.7027
1.8942
1.8718
2.1248
2.1744
2.3429
2.3633
2.4994
2.7107
2.86
3.0279
3.0546
3.3206
3.4316
3.6917
3.8509
4.0613
4.3411
4.109
4.6641
4.6359
4.8371
5.2393
5.5727
5.7907
5.9787
6.9408
7.343
8.0093
9.2098
8.6081
9.2582
8.889
9.4371
9.3079
9.5666
9.7958
9.5138
9.756
9.7685
9.8095
9.8155
9.8576
9.8732
9.8893
9.9069
9.9237
9.9425
9.9413
9.9354
9.8932
9.9217
9.9217
9.9217
9.9365
9.9401
9.9401
9.9337
9.9294
9.9294
9.9314
9.9641
9.9658
9.9686
9.9675
9.9675
9.9675
9.9664
9.9664
9.9664
9.9738
9.9738
9.9791
9.9791
9.9791
9.9791
9.9828
9.9828
9.9828
9.9816
9.9816
9.9841
9.9841
9.9841
9.9841
9.9841
9.9841
9.9841
0.8009
0.8914
0.9642
0.9681
1.1212
1.1768
1.2018
1.2649
1.4788
1.5257
1.5652
1.7223
1.8752
1.9924
2.0581
2.2327
2.3419
2.4618
2.4403
2.8314
2.9112
3.2187
3.0921
3.2133
3.7999
3.6151
3.9065
4.1563
4.1292
4.5647
4.5299
4.8536
5.0247
5.501
5.4666
5.948
6.3457
7.1589
6.669
8.5277
7.6591
7.9606
8.9351
8.6286
9.6132
9.5987
9.387
9.77
9.7053
9.7476
9.8066
9.8118
9.794
9.7516
9.8784
9.908
9.8904
9.8973
9.9425
9.9413
9.9354
9.8932
9.9217
9.9217
9.9217
9.9365
9.9401
9.9401
9.9337
9.9294
9.9294
9.9389
9.9641
9.9658
9.9686
9.9675
9.9675
9.9675
9.9664
9.9664
9.9664
9.9669
9.9669
9.9791
9.9791
9.9791
9.9791
9.9828
9.9828
9.9828
9.9816
9.9816
9.9841
9.9841
9.9841
9.9841
9.9841
9.9841
9.9841
0.829
0.9146
0.9287
0.9787
1.1316
1.1271
1.2781
1.3348
1.5459
1.596
1.6335
1.8199
1.9783
2.0631
2.0614
2.2392
2.373
2.5727
2.6193
2.6371
3.0639
3.0703
3.1309
3.225
3.7029
3.7234
4.0314
3.8642
4.1429
4.3224
4.7615
5.2818
5.6122
5.4521
6.0474
5.9021
6.3604
6.842
7.6341
7.9205
8.5242
8.5486
9.2594
9.4227
9.5423
9.3805
9.6105
9.6979
9.7674
9.8198
9.8047
9.8135
9.8247
9.775
9.8784
9.8925
9.9283
9.9425
9.9427
9.9406
9.9354
9.885
9.9217
9.9217
9.9217
9.9365
9.9383
9.9383
9.9337
9.9294
9.9294
9.9389
9.9641
9.9658
9.9686
9.9678
9.9678
9.9678
9.9678
9.9678
9.9637
9.9669
9.9669
9.9791
9.9791
9.9791
9.9791
9.9828
9.9828
9.9828
9.9816
9.9816
9.9841
9.9841
9.9841
9.9841
9.9841
9.9841
9.9841
0.861
0.8665
0.9826
0.985
1.1775
1.146
1.3034
1.4069
1.5366
1.6164
1.7586
1.7315
2.0208
2.1905
2.1372
2.2877
2.4223
2.5346
2.5578
2.7146
3.0279
3.1359
3.0799
3.4805
3.6978
3.7454
4.0964
4.1643
4.5769
4.4847
4.5096
5.0604
5.2135
5.5828
6.0255
5.9361
6.4965
6.671
6.9366
8.4762
8.8053
8.2326
8.7071
9.3929
9.545
9.6104
9.687
9.7249
9.7471
9.85
9.8577
9.8135
9.8015
9.7197
9.8424
9.8866
9.9283
9.9425
9.9427
9.9406
9.9438
9.9483
9.9483
9.9562
9.9177
9.9654
9.9658
9.9497
9.9471
9.9474
9.9474
9.9474
9.9641
9.9658
9.9686
9.9678
9.9678
9.9678
9.9678
9.9678
9.9637
9.9702
9.9702
9.9791
9.9791
9.9791
9.9791
9.9828
9.9828
9.9828
9.9816
9.9816
9.9841
9.9841
9.9841
9.9841
9.9841
9.9841
9.9841
0.7859
0.8352
0.9954
1.0452
1.1285
1.2592
1.3966
1.4685
1.5535
1.6187
1.8183
1.7583
2.0415
2.0957
2.1355
2.4614
2.4479
2.6669
2.6842
2.736
3.0203
3.174
3.3865
3.5399
3.5463
3.6798
3.9358
4.3438
4.6704
4.6475
4.8719
4.9702
5.6957
5.7046
5.5496
6.3569
6.4883
6.701
7.5113
8.1155
8.4617
8.9855
9.1327
8.8961
9.5818
9.4464
9.7562
9.6494
9.7769
9.8455
9.8465
9.8384
9.8311
9.7197
9.7794
9.8842
9.9283
9.9425
9.9427
9.9406
9.9438
9.9483
9.9483
9.9562
9.9264
9.9654
9.9658
9.9519
9.9439
9.9504
9.9504
9.9516
9.9641
9.9658
9.9686
9.9678
9.9678
9.9678
9.9678
9.9678
9.9637
9.9702
9.9702
9.9791
9.9791
9.9791
9.9791
9.9828
9.9828
9.9828
9.9816
9.9816
9.9841
9.9841
9.9841
9.9841
9.9841
9.9841
9.9841
0.8624
0.9186
0.9791
1.0585
1.0838
1.2014
1.3344
1.4812
1.5593
1.6891
1.7732
1.9309
1.9717
2.1378
2.2168
2.3215
2.5115
2.6275
2.6213
2.9121
3.0397
2.9702
3.3926
3.5825
3.6
3.7785
3.9205
4.1562
4.7117
4.448
4.9686
5.2948
5.2577
5.6582
5.9027
5.8311
6.7731
7.2393
7.9088
8.0854
8.0903
9.0287
9.4912
9.4693
9.4869
9.6538
9.7665
9.6806
9.8132
9.8277
9.824
9.9034
9.8955
9.8164
9.9167
9.8919
9.9283
9.9425
9.9427
9.9406
9.9438
9.9483
9.9483
9.9562
9.9264
9.9654
9.9658
9.9519
9.9439
9.9504
9.9504
9.9516
9.9641
9.9658
9.9686
9.9678
9.9678
9.9678
9.9678
9.9678
9.9637
9.9702
9.9702
9.985
9.985
9.985
9.985
9.985
9.985
9.985
9.985
9.985
9.985
9.985
9.985
9.985
9.985
9.985
9.985
0.8756
0.9715
1.0491
1.1228
1.2115
1.1947
1.3575
1.4981
1.5443
1.7734
1.8809
1.8457
1.8906
2.1853
2.2413
2.4528
2.5374
2.68
2.828
2.9961
3.0325
3.0542
3.4489
3.6581
3.5392
3.9963
3.8862
4.316
4.3425
4.7093
4.9323
5.072
5.7189
5.8994
6.0985
6.4347
7.19
7.4861
7.9342
8.2873
8.5331
9.2347
9.2322
9.4777
9.7048
9.6325
9.7003
9.8802
9.8618
9.8617
9.8021
9.8293
9.8612
9.8544
9.8516
9.894
9.9283
9.9425
9.9157
9.9406
9.9438
9.9483
9.9483
9.9562
9.9555
9.9654
9.9658
9.9519
9.9439
9.9504
9.9504
9.9516
9.9641
9.9658
9.9686
9.9678
9.9678
9.9678
9.9678
9.9678
9.9637
9.9702
9.9702
9.985
9.985
9.985
9.985
9.985
9.985
9.985
9.985
9.985
9.985
9.985
9.985
9.985
9.985
9.985
9.985
0.8972
0.9769
1.0417
1.1408
1.2384
1.3341
1.379
1.5161
1.5783
1.7818
1.8498
1.8259
1.9013
2.2713
2.1866
2.4587
2.5408
2.54
2.7765
3.0409
3.1481
3.1704
3.3675
3.6951
3.6645
4.0956
3.9412
4.3766
4.5181
4.595
5.4616
4.8334
5.4844
6.0979
6.8017
6.5389
6.6347
7.104
8.161
7.9784
8.8601
9.2729
9.1841
9.3487
9.4223
9.4188
9.6368
9.8827
9.823
9.8617
9.8058
9.8269
9.8612
9.8544
9.8516
9.894
9.9293
9.9425
9.9157
9.9406
9.9467
9.9483
9.9483
9.9562
9.9555
9.9654
9.9658
9.953
9.9439
9.9504
9.9504
9.9516
9.9543
9.9658
9.9686
9.9678
9.9678
9.9678
9.9678
9.9678
9.9637
9.9702
9.9702
9.985
9.985
9.985
9.985
9.985
9.985
9.985
9.985
9.985
9.985
9.985
9.985
9.985
9.985
9.985
9.985
0.898
0.9748
1.116
1.1182
1.3341
1.4562
1.4605
1.5101
1.6601
1.7258
1.9114
1.8124
2.0375
2.3015
2.2784
2.4829
2.6921
2.7922
2.7468
2.8095
3.2103
3.1877
3.4638
3.5114
3.5964
3.8944
4.1547
4.3514
4.6288
4.8371
5.0862
5.3637
5.6473
6.2889
6.8315
6.8513
7.0126
7.44
7.5746
8.5857
9.0408
9.2683
9.5881
9.4919
9.6362
9.4583
9.8113
9.8589
9.8507
9.8617
9.7807
9.836
9.8612
9.8366
9.8537
9.894
9.9277
9.9425
9.9147
9.9406
9.9467
9.9483
9.9483
9.9562
9.9633
9.9649
9.9649
9.953
9.9439
9.9504
9.9504
9.9516
9.9585
9.9601
9.9686
9.9678
9.9678
9.9678
9.9678
9.9678
9.9637
9.9702
9.9702
9.985
9.985
9.985
9.985
9.985
9.985
9.985
9.985
9.985
9.985
9.985
9.985
9.985
9.985
9.985
9.985
0.9097
1.0491
1.1091
1.251
1.3205
1.4523
1.5372
1.5459
1.6753
1.7606
1.8708
1.9392
2.0375
2.1613
2.3246
2.6132
2.7787
2.7331
2.8918
2.8793
3.1249
3.2991
3.4075
3.5651
3.7557
3.8397
4.1638
4.5665
4.8356
4.9777
5.0628
5.4123
5.6545
5.8566
6.2675
7.7726
7.0737
7.5077
8.7759
8.793
8.9981
9.3739
9.474
9.4225
9.6678
9.6886
9.7954
9.8042
9.7858
9.862
9.8682
9.8828
9.9031
9.9036
9.9165
9.9469
9.9566
9.9499
9.9503
9.9503
9.9505
9.9431
9.944
9.9437
9.9408
9.9548
9.9373
9.9492
9.9492
9.955
9.955
9.9576
9.9752
9.967
9.9637
9.9611
9.9765
9.9759
9.9759
9.9759
9.9771
9.9787
9.9787
9.985
9.985
9.985
9.985
9.985
9.985
9.985
9.985
9.985
9.985
9.985
9.985
9.985
9.985
9.985
9.985
0.9323
1.0714
1.0871
1.2317
1.3425
1.5226
1.4909
1.564
1.7134
1.7754
1.8728
2.0336
2.057
2.3238
2.3853
2.4942
2.6043
2.7247
2.8872
2.9089
3.1245
3.3559
3.5567
3.672
3.9855
3.844
4.1233
4.4488
4.5489
5.2055
4.9556
5.2604
5.5932
5.7289
6.3453
6.5946
6.8252
8.952
8.1074
8.5029
9.1059
9.5797
9.4913
9.6961
9.6425
9.7243
9.6913
9.7624
9.8066
9.8043
9.8649
9.8985
9.9371
9.9036
9.9165
9.9469
9.9566
9.9499
9.9503
9.9503
9.9505
9.9431
9.944
9.9437
9.9408
9.9548
9.9373
9.9492
9.9492
9.955
9.955
9.9576
9.9752
9.967
9.9637
9.9611
9.9765
9.9759
9.9759
9.9759
9.9771
9.9787
9.9787
9.985
9.985
9.985
9.985
9.985
9.985
9.985
9.985
9.985
9.985
9.985
9.985
9.985
9.985
9.985
9.985
0.9558
1.1115
1.13
1.3104
1.3848
1.4933
1.5533
1.6188
1.6804
1.7599
1.8824
2.098
2.0487
2.1554
2.3947
2.5265
2.5857
3.0151
2.9371
3.0268
3.161
3.3699
3.6761
3.9907
3.7444
4.0978
4.5252
4.6439
4.7178
4.9533
5.142
5.3362
5.5871
6.5368
6.0338
6.5106
6.9365
8.0744
8.4905
8.6038
8.6193
9.4981
9.2605
9.6311
9.71
9.7444
9.6588
9.778
9.8022
9.8499
9.8859
9.8975
9.931
9.9036
9.8896
9.9469
9.9566
9.9499
9.9503
9.9503
9.9505
9.9405
9.9384
9.9274
9.9066
9.9491
9.9499
9.9499
9.9499
9.955
9.955
9.9576
9.9752
9.967
9.9637
9.9611
9.9765
9.9759
9.9759
9.9759
9.9771
9.9787
9.9787
9.985
9.985
9.985
9.985
9.985
9.985
9.985
9.985
9.985
9.985
9.985
9.985
9.985
9.985
9.985
9.985
1
1.0509
1.1883
1.2522
1.4493
1.4499
1.664
1.6827
1.7998
1.8411
1.8595
2.0894
2.131
2.1455
2.4347
2.4655
2.9014
3.0055
2.9073
3.1701
3.4675
3.4504
3.703
3.831
3.9774
4.2107
4.2164
4.6733
5.08
4.8217
5.4396
5.7124
5.9398
6.2086
6.6532
6.5775
7.1066
7.542
8.7998
8.7383
8.8167
9.631
9.4125
9.6471
9.6791
9.7683
9.7306
9.7635
9.8069
9.8616
9.908
9.8975
9.931
9.9036
9.8896
9.9469
9.9566
9.9529
9.9503
9.9503
9.9326
9.9362
9.9313
9.9558
9.9492
9.9539
9.9586
9.9595
9.9595
9.9595
9.9595
9.9437
9.9752
9.967
9.9637
9.9611
9.9765
9.9759
9.9759
9.9759
9.9771
9.9787
9.9787
9.985
9.985
9.985
9.985
9.985
9.985
9.985
9.985
9.985
9.985
9.985
9.985
9.985
9.985
9.985
9.985
1.0615
1.0653
1.1821
1.2943
1.381
1.5185
1.5995
1.6861
1.8278
1.8375
1.8716
2.0703
2.1045
2.2143
2.3837
2.6768
2.819
2.9486
2.9014
3.141
3.4242
3.4909
3.7988
3.8881
3.9122
4.2863
4.3021
4.4263
4.6978
4.8214
5.2403
6.1341
5.7873
6.254
6.898
7.158
7.7502
8.125
9.2234
8.8924
9.3561
9.506
9.5477
9.6703
9.6188
9.7506
9.8381
9.775
9.8503
9.857
9.8774
9.9222
9.931
9.9159
9.9351
9.9436
9.9593
9.9496
9.9503
9.9503
9.9326
9.9559
9.9559
9.957
9.957
9.9586
9.9417
9.9601
9.9601
9.9601
9.9601
9.9205
9.9752
9.967
9.9637
9.9611
9.9765
9.9759
9.9759
9.9759
9.9771
9.9787
9.9787
9.985
9.985
9.985
9.985
9.985
9.985
9.985
9.985
9.985
9.985
9.985
9.985
9.985
9.985
9.985
9.985
1.0421
1.1526
1.2172
1.2354
1.4235
1.5276
1.5644
1.7479
1.7782
1.9171
1.9033
2.2537
2.2624
2.411
2.6401
2.6795
2.7456
2.7956
2.851
3.3254
3.217
3.4355
3.7899
3.9412
3.799
4.4279
4.3165
4.7921
4.8344
5.4443
6.0025
5.76
5.582
6.0217
6.526
7.2148
7.6994
8.3183
8.3392
9.0355
9.4873
9.1474
9.3777
9.6097
9.8287
9.7663
9.6717
9.8567
9.7886
9.879
9.956
9.9179
9.9365
9.8874
9.8837
9.9274
9.9338
9.933
9.933
9.954
9.9326
9.9414
9.9502
9.9502
9.9372
9.9586
9.9601
9.9601
9.9601
9.9601
9.9601
9.9205
9.9752
9.967
9.9637
9.9764
9.9702
9.9771
9.9771
9.9771
9.9771
9.9787
9.9787
9.985
9.985
9.985
9.985
9.985
9.985
9.985
9.985
9.985
9.985
9.985
9.985
9.985
9.985
9.985
9.985
1.0913
1.0707
1.1996
1.2921
1.4334
1.5533
1.5991
1.7303
1.713
1.9345
2.0073
2.237
2.2391
2.4461
2.6492
2.6371
2.708
2.8274
2.9189
3.2698
3.2907
3.567
3.8962
3.9263
4.2542
4.0828
4.2579
4.8683
5.159
5.2
5.5562
5.8428
5.8728
6.6526
7.0618
6.8644
7.9412
8.533
8.8791
9.0969
9.2504
9.3027
9.5141
9.7093
9.821
9.8726
9.8082
9.7969
9.7886
9.8948
9.9491
9.9179
9.9365
9.8874
9.8837
9.9274
9.9291
9.933
9.933
9.954
9.9326
9.9414
9.9502
9.9502
9.9372
9.9586
9.9601
9.9601
9.9601
9.9601
9.9601
9.9205
9.9592
9.9702
9.9702
9.9764
9.9702
9.9771
9.9771
9.9771
9.9771
9.9787
9.9787
9.985
9.985
9.985
9.985
9.985
9.985
9.985
9.985
9.985
9.985
9.985
9.985
9.985
9.985
9.985
9.985
1.1099
1.0454
1.2397
1.3233
1.5096
1.616
1.5731
1.7659
1.8777
1.9557
2.0952
2.2428
2.3068
2.3223
2.5214
2.6
2.7301
2.9568
3.1012
3.1578
3.4763
3.6124
3.6904
4.0954
4.1572
4.3836
4.4288
4.8336
5.1705
5.4707
5.7033
5.796
6.5406
6.6303
7.2574
7.7461
7.6822
8.8048
9.2128
9.2885
9.7257
9.4283
9.5866
9.7093
9.7814
9.895
9.8082
9.8548
9.883
9.8674
9.9482
9.8674
9.9394
9.9166
9.9406
9.9467
9.9494
9.9117
9.948
9.954
9.9326
9.9533
9.9533
9.9533
9.9533
9.9586
9.9601
9.9601
9.9601
9.9601
9.9601
9.9205
9.9592
9.9702
9.9702
9.9764
9.9702
9.9771
9.9771
9.9771
9.9771
9.9787
9.9787
9.985
9.985
9.985
9.985
9.985
9.985
9.985
9.985
9.985
9.985
9.985
9.985
9.985
9.985
9.985
9.985
1.1317
1.1039
1.1985
1.3727
1.6072
1.6085
1.6317
1.7936
1.9509
1.9611
2.1994
2.2165
2.3939
2.4479
2.779
2.6192
2.8537
3.0681
2.9958
3.3224
3.5791
3.8483
3.7757
3.9627
4.1958
4.6798
4.9133
4.8829
4.815
5.526
5.3203
5.855
7.0713
6.8641
6.972
7.4089
7.9661
8.5246
8.9778
9.3247
9.7372
9.4559
9.6514
9.7768
9.7458
9.8884
9.7844
9.8911
9.8444
9.857
9.952
9.8674
9.9467
9.9166
9.9469
9.9494
9.9426
9.9117
9.9451
9.954
9.9326
9.9533
9.9533
9.9533
9.9533
9.9586
9.9601
9.9601
9.9601
9.9601
9.9601
9.9205
9.9691
9.9763
9.9763
9.9702
9.9759
9.9771
9.9771
9.9771
9.9771
9.9787
9.9787
9.9755
9.9791
9.9846
9.9846
9.9846
9.9846
9.9846
9.9846
9.9846
9.9846
9.9819
9.9819
9.9819
9.9819
9.985
9.985
1.1172
1.1328
1.2966
1.3287
1.461
1.5613
1.6351
1.734
1.9517
2.2963
2.1329
2.3676
2.4556
2.5576
2.7024
2.6545
2.8442
3.0576
3.3361
3.2769
3.5511
3.6865
3.8531
3.9015
4.2452
4.691
4.5957
4.7773
5.1198
5.7858
5.7207
5.6133
6.4498
6.6181
7.0148
8.4661
7.3047
9.1362
8.7331
9.2831
9.5719
9.5456
9.7196
9.675
9.7209
9.7195
9.7881
9.8911
9.8554
9.857
9.952
9.8674
9.9386
9.9343
9.9469
9.9494
9.9426
9.9234
9.9451
9.954
9.9326
9.9533
9.9533
9.9533
9.9533
9.9586
9.9601
9.9601
9.9601
9.9601
9.9601
9.942
9.9691
9.9763
9.9763
9.9702
9.9759
9.9771
9.9771
9.9771
9.9771
9.9787
9.9787
9.9755
9.9791
9.9846
9.9846
9.9846
9.9846
9.9846
9.9846
9.9846
9.9846
9.9819
9.9819
9.9819
9.9819
9.985
9.985
1.157
1.2024
1.3056
1.3848
1.5116
1.5375
1.6731
1.7825
2.0332
2.0892
2.2269
2.3987
2.3803
2.4479
2.7751
2.9524
2.7886
2.9956
3.2039
3.2802
3.4982
3.8285
3.9262
4.0377
4.46
4.7718
4.507
5.2958
5.7679
5.564
5.4242
6.2743
6.8206
6.8698
7.362
8.3499
8.4839
8.9479
9.1666
9.4034
9.4333
9.5663
9.6483
9.7726
9.836
9.7195
9.8069
9.8911
9.843
9.857
9.952
9.8431
9.9482
9.9277
9.9469
9.9494
9.9426
9.9234
9.9451
9.954
9.9369
9.9533
9.9533
9.9533
9.9533
9.9586
9.9601
9.9601
9.9601
9.9601
9.9601
9.942
9.9691
9.9763
9.9763
9.9702
9.9759
9.9771
9.9771
9.9771
9.9771
9.9787
9.9787
9.9755
9.9791
9.9846
9.9846
9.9846
9.9846
9.9846
9.9846
9.9846
9.9846
9.9819
9.9819
9.9819
9.9819
9.985
9.985
1.2252
1.2252
1.3599
1.3796
1.5518
1.6207
1.5913
1.8777
1.9838
2.0424
2.1483
2.266
2.3762
2.6904
2.7916
2.8784
2.9089
3.1251
3.2375
3.4772
3.4148
3.8502
3.8052
4.1804
4.152
4.6054
4.7249
5.3505
5.3598
5.5849
5.8321
6.3407
6.7699
7.311
8.0262
8.3057
9.084
9.5155
8.6559
9.2491
9.6728
9.2381
9.7213
9.7463
9.8725
9.8572
9.8123
9.8699
9.9037
9.9021
9.952
9.9341
9.8941
9.9277
9.9469
9.9494
9.9426
9.9451
9.9489
9.9662
9.9369
9.9533
9.9533
9.9533
9.9533
9.9586
9.9601
9.9601
9.9601
9.9601
9.9601
9.9535
9.9691
9.9763
9.9763
9.9702
9.9759
9.9771
9.9771
9.9771
9.9771
9.9787
9.9787
9.9755
9.9791
9.9846
9.9846
9.9846
9.9846
9.9846
9.9846
9.9846
9.9846
9.9819
9.9819
9.9819
9.9819
9.985
9.985
1.1691
1.251
1.4061
1.4454
1.543
1.679
1.7764
1.9189
1.9888
2.1167
2.3474
2.29
2.423
2.606
2.7478
2.8715
3.0741
3.1494
3.2725
3.3856
3.6723
3.6195
3.9622
3.9723
4.3744
4.7762
5.1234
5.0591
5.7184
5.4022
6.1917
6.4357
6.7212
7.5836
7.8119
8.0916
8.4503
9.1791
8.6575
9.3232
9.7203
9.739
9.7074
9.7315
9.8757
9.8632
9.8355
9.8986
9.8907
9.8951
9.952
9.9341
9.8979
9.9229
9.9469
9.9494
9.9426
9.9489
9.9489
9.9636
9.9369
9.9533
9.9533
9.9533
9.9533
9.9586
9.9601
9.9601
9.9601
9.9601
9.9601
9.9535
9.9691
9.9763
9.9763
9.9702
9.9759
9.9771
9.9771
9.9771
9.9771
9.9787
9.9787
9.9755
9.9791
9.9846
9.9846
9.9846
9.9846
9.9846
9.9846
9.9846
9.9846
9.9819
9.9819
9.9819
9.9819
9.985
9.985
1.196
1.2365
1.3947
1.4056
1.5736
1.7489
1.8645
1.9124
2.0356
2.2087
2.2416
2.4859
2.6492
2.6844
2.7548
2.7682
3.1804
3.0851
3.303
3.5657
3.4863
3.9421
4.3089
4.3375
4.5357
4.4974
4.7853
4.794
5.2947
5.8664
5.7052
6.0611
7.0424
7.4412
8.1231
8.2423
8.3944
8.9268
9.3286
9.5491
9.6361
9.7644
9.7074
9.7327
9.8397
9.8698
9.7847
9.8656
9.869
9.8852
9.952
9.928
9.9047
9.9229
9.9469
9.9494
9.9426
9.9489
9.9489
9.9637
9.9124
9.9533
9.9533
9.9533
9.9533
9.9586
9.9601
9.9601
9.9601
9.9601
9.9601
9.9535
9.9765
9.9763
9.9763
9.9759
9.9771
9.9771
9.9771
9.9771
9.9771
9.9787
9.9787
9.977
9.9791
9.9846
9.9846
9.9846
9.9846
9.9846
9.9846
9.9846
9.9846
9.9819
9.9819
9.9819
9.9819
9.985
9.985
1.2044
1.1924
1.3953
1.525
1.6799
1.7443
1.9104
1.9811
2.0676
2.2865
2.4916
2.4475
2.6623
2.8597
2.6992
2.9027
3.0497
3.2505
3.2059
3.6528
3.7614
3.893
4.1765
4.5311
4.5222
4.9524
4.7725
4.8842
6.0237
5.5738
6.0132
6.2855
6.698
7.0259
7.8602
8.5268
8.0275
9.2021
8.5766
9.3056
9.7608
9.7243
9.6764
9.7447
9.8562
9.8698
9.7876
9.8881
9.8627
9.83
9.9198
9.9389
9.9058
9.9229
9.9469
9.9494
9.9426
9.9489
9.9489
9.9612
9.9441
9.9533
9.9533
9.9533
9.9533
9.9586
9.9601
9.9601
9.9601
9.9601
9.9601
9.9535
9.9765
9.9763
9.9763
9.9759
9.9771
9.9771
9.9771
9.9771
9.9771
9.9787
9.9787
9.977
9.9791
9.9846
9.9846
9.9846
9.9846
9.9846
9.9846
9.9846
9.9846
9.9819
9.9819
9.9819
9.9819
9.985
9.985
1.3338
1.2448
1.4327
1.4671
1.6886
1.7396
1.7315
1.9309
2.2688
2.3164
2.3229
2.567
2.644
2.7605
2.8846
2.7051
3.1152
3.4756
3.3147
3.4625
3.7736
3.9808
4.0515
4.3559
4.6916
4.8833
5.0369
4.8248
5.3249
6.1212
6.4873
6.1906
6.7482
7.2982
8.1627
8.7577
9.2768
9.5186
8.7335
9.5023
9.6733
9.7266
9.7919
9.6768
9.8562
9.8704
9.8056
9.8762
9.8627
9.8579
9.9298
9.9411
9.915
9.9229
9.9397
9.9494
9.9426
9.9489
9.9489
9.9612
9.9441
9.9533
9.9533
9.9533
9.9533
9.9586
9.9601
9.9601
9.9601
9.9601
9.9601
9.9535
9.9765
9.9763
9.9763
9.9771
9.9771
9.9771
9.9771
9.9771
9.9771
9.9787
9.9787
9.977
9.9791
9.9846
9.9846
9.9846
9.9846
9.9846
9.9846
9.9846
9.9846
9.9819
9.9819
9.9819
9.9819
9.985
9.985
1.4038
1.3707
1.4659
1.6
1.6595
1.7737
1.8391
2.0347
2.1528
2.3081
2.4524
2.4463
2.6573
2.6098
3.0515
3.0383
3.4353
3.3797
3.5586
3.708
4.0165
3.902
4.1756
4.5696
4.792
4.7811
5.106
5.5855
5.4939
5.5305
6.4601
6.1984
6.8156
8.0725
7.8365
8.5486
8.3452
8.9756
9.2958
9.6885
9.7706
9.7793
9.7513
9.7055
9.8715
9.8759
9.8637
9.9156
9.8926
9.9197
9.92
9.9127
9.9387
9.9307
9.9425
9.912
9.9147
9.9347
9.9555
9.9322
9.9418
9.9626
9.9626
9.9626
9.9511
9.9569
9.9569
9.9606
9.9601
9.9613
9.9762
9.9762
9.9587
9.9689
9.9719
9.9771
9.9771
9.9771
9.9771
9.9771
9.9771
9.9787
9.9787
9.977
9.9791
9.9846
9.9846
9.9846
9.9846
9.9846
9.9846
9.9846
9.9846
9.9819
9.9819
9.9819
9.9819
9.985
9.985
1.5195
1.3693
1.4941
1.5677
1.6877
1.6562
1.8307
1.9669
2.254
2.3223
2.466
2.4369
2.7617
2.6877
3.1036
3.0423
3.2672
3.5266
3.4254
3.7431
3.8632
4.1998
3.976
4.3933
4.2638
5.079
5.1
5.1142
5.7498
6.1812
6.6005
7.1674
6.8035
7.4095
8.58
8.3262
9.041
8.9568
9.6367
9.6707
9.7685
9.8927
9.7352
9.7331
9.8118
9.8759
9.8637
9.8988
9.8926
9.9197
9.92
9.9127
9.9328
9.9307
9.9425
9.912
9.9152
9.9427
9.9555
9.9322
9.9418
9.9626
9.9626
9.9626
9.9511
9.9569
9.9569
9.9606
9.9601
9.953
9.9762
9.9762
9.9587
9.9689
9.9719
9.9771
9.9771
9.9771
9.9771
9.9771
9.9771
9.9787
9.9787
9.9801
9.9801
9.9846
9.9846
9.9846
9.9846
9.9846
9.9846
9.9846
9.9846
9.9819
9.9819
9.9819
9.9819
9.985
9.985
1.3542
1.374
1.5593
1.7379
1.7027
1.7594
1.8808
2.1409
2.3307
2.3653
2.4824
2.5981
2.7969
2.7319
3.0639
3.1391
3.2329
3.5636
3.583
3.7969
3.9921
4.1555
4.4727
4.6291
4.5132
4.7833
5.058
5.5197
6.2746
5.8779
6.6064
7.3568
6.7571
7.73
7.6696
9.1356
9.0467
9.3075
9.4876
9.6681
9.7982
9.8108
9.7234
9.7539
9.7902
9.8381
9.8427
9.8919
9.9015
9.8739
9.9208
9.8938
9.9328
9.9307
9.9425
9.912
9.9152
9.9427
9.9555
9.9322
9.9418
9.9626
9.9626
9.9626
9.951
9.9531
9.9531
9.9531
9.9531
9.953
9.9762
9.9762
9.964
9.9689
9.9719
9.9771
9.9771
9.9771
9.9771
9.9771
9.9771
9.9787
9.9787
9.9801
9.9801
9.9846
9.9846
9.9846
9.9846
9.9846
9.9846
9.9846
9.9846
9.9819
9.9819
9.9819
9.9819
9.985
9.985
1.3766
1.4543
1.5194
1.8194
1.6923
1.9252
1.9472
2.2711
2.2249
2.4643
2.5712
2.6395
2.7879
3.03
3.0603
3.1701
3.3896
3.3735
3.4512
3.8106
4.0176
4.0811
4.487
4.8004
4.8667
5.114
5.2188
5.4444
6.0502
6.0543
6.7601
6.7272
6.7624
7.7252
8.6444
7.5416
9.2192
9.4124
9.4635
9.6723
9.8383
9.8206
9.7098
9.8078
9.8099
9.8735
9.8243
9.8919
9.9015
9.8888
9.9114
9.8938
9.9303
9.9307
9.9425
9.912
9.9152
9.9427
9.9555
9.9339
9.9208
9.9626
9.9626
9.9626
9.951
9.9531
9.9531
9.9531
9.9531
9.953
9.9762
9.9762
9.967
9.9689
9.9719
9.9607
9.9607
9.9607
9.9607
9.9607
9.9688
9.9787
9.9787
9.9801
9.9801
9.9846
9.9846
9.9846
9.9846
9.9846
9.9846
9.9846
9.9846
9.9819
9.9819
9.9819
9.9819
9.985
9.985
1.3962
1.4439
1.6295
1.6747
1.7296
1.9213
1.9956
2.2514
2.4576
2.4088
2.6065
2.8141
3.0325
2.873
3.1307
3.2433
3.5774
3.4945
3.6522
3.9318
4.2376
4.1873
4.291
4.6454
4.853
4.8818
5.4965
5.3666
5.9451
6.225
6.4232
7.3031
7.4911
7.3323
8.6669
9.272
9.1059
9.4536
9.7698
9.7381
9.8408
9.8379
9.8521
9.8164
9.8206
9.8843
9.8222
9.8838
9.9015
9.8888
9.9114
9.8938
9.9303
9.9307
9.9425
9.912
9.9152
9.9427
9.9555
9.9339
9.9463
9.9626
9.9626
9.9626
9.951
9.9531
9.9531
9.9531
9.9531
9.9578
9.9762
9.9762
9.967
9.9689
9.9719
9.968
9.968
9.968
9.968
9.968
9.9688
9.9787
9.9787
9.9801
9.9801
9.9846
9.9846
9.9846
9.9846
9.9846
9.9846
9.9846
9.9846
9.9819
9.9819
9.9819
9.9819
9.985
9.985
1.3935
1.4758
1.6762
1.731
1.7693
1.9343
1.9723
2.225
2.4182
2.3953
2.5272
2.6203
2.718
3.1174
3.2156
3.2316
3.4905
3.4418
3.7663
3.9646
4.271
4.2502
4.7491
4.7514
4.9852
5.6656
5.8508
5.7398
6.1479
6.5232
6.7337
6.7338
8.0622
8.4265
9.4819
8.985
8.9719
9.5262
9.5889
9.7309
9.8459
9.8368
9.8521
9.8399
9.8543
9.9016
9.8375
9.8752
9.9015
9.8888
9.903
9.8938
9.9303
9.9307
9.9425
9.912
9.9091
9.9427
9.9555
9.9339
9.9463
9.9626
9.9626
9.9626
9.951
9.9531
9.9531
9.9531
9.9531
9.9578
9.9762
9.9762
9.967
9.9689
9.9719
9.975
9.975
9.975
9.975
9.9828
9.9828
9.9787
9.9787
9.9801
9.9801
9.9846
9.9846
9.9846
9.9846
9.9846
9.9846
9.9846
9.9846
9.9819
9.9819
9.9819
9.9819
9.985
9.985
1.4161
1.5618
1.6306
1.7914
1.7912
1.9693
2.1015
2.1622
2.3088
2.5468
2.7384
2.7479
2.7626
3.0736
3.2455
3.1211
3.6135
3.5236
4.0391
3.8869
4.0325
4.3806
4.3097
5.1255
4.9219
5.2823
5.3114
5.4984
5.8182
6.3232
6.6051
7.0159
8.5838
8.3144
8.695
9.1928
9.3788
9.678
9.7087
9.5758
9.8167
9.8429
9.886
9.8802
9.8668
9.8441
9.8906
9.8752
9.9015
9.8989
9.903
9.8938
9.9303
9.9307
9.9202
9.9133
9.8942
9.9427
9.9555
9.9339
9.9463
9.9626
9.9626
9.9626
9.951
9.9531
9.9531
9.9531
9.9531
9.9578
9.9762
9.9762
9.967
9.9689
9.9719
9.975
9.975
9.975
9.975
9.9828
9.9828
9.9787
9.9787
9.9801
9.9801
9.9846
9.9846
9.9846
9.9846
9.9846
9.9846
9.9846
9.9846
9.9819
9.9819
9.9819
9.9819
9.985
9.985
1.6218
1.6339
1.7136
1.6825
1.7558
2.0355
1.9607
2.2491
2.4484
2.5391
2.6676
2.6482
2.8372
3.0464
3.4146
3.1841
3.6818
3.3832
3.7104
4.0396
4.4898
4.2994
4.7742
4.726
4.8627
5.4551
5.6389
6.1787
6.382
7.089
7.2679
7.8457
8.2096
8.6125
8.531
9.2648
9.3247
9.6351
9.6542
9.5594
9.8167
9.8126
9.8023
9.7681
9.8775
9.8629
9.7879
9.8574
9.9015
9.8989
9.903
9.8938
9.9303
9.9307
9.9202
9.9133
9.916
9.9427
9.9555
9.9339
9.921
9.9626
9.9626
9.9626
9.951
9.9531
9.9531
9.9531
9.9531
9.9647
9.9762
9.9762
9.967
9.9689
9.9825
9.975
9.975
9.975
9.975
9.9828
9.9828
9.9787
9.9787
9.9801
9.9801
9.9846
9.9846
9.9846
9.9846
9.9846
9.9846
9.9846
9.9846
9.9819
9.9819
9.9819
9.9819
9.985
9.985
1.5525
1.6681
1.7878
1.8922
1.8861
1.9473
2.1963
2.273
2.4341
2.4911
2.7664
2.8495
2.8668
3.1324
3.3526
3.5742
3.4875
3.7495
3.6361
4.1449
4.0195
4.2251
4.6253
4.9738
4.9259
5.2505
5.8967
5.4464
5.9288
6.1597
7.6554
7.7517
8.5757
8.7858
8.3995
9.3342
9.5594
9.5365
9.6498
9.6314
9.9028
9.815
9.8115
9.7827
9.8775
9.8629
9.7879
9.8574
9.9015
9.8836
9.903
9.896
9.9303
9.9307
9.9202
9.9133
9.916
9.9427
9.9555
9.9672
9.971
9.9626
9.9626
9.9626
9.951
9.9531
9.9531
9.9531
9.9531
9.9647
9.9762
9.9762
9.967
9.9689
9.9825
9.975
9.975
9.975
9.975
9.9828
9.9828
9.9787
9.9787
9.9801
9.9801
9.9846
9.9846
9.9846
9.9846
9.9846
9.9846
9.9846
9.9846
9.9819
9.9819
9.9819
9.9819
9.985
9.985
1.5381
1.683
1.7027
1.9006
1.8522
2.0025
2.2677
2.3365
2.4036
2.6119
2.7193
2.998
2.8836
3.3132
3.2591
3.0322
3.612
3.7336
3.9116
4.1896
4.5162
4.598
4.7883
5.0398
5.1908
5.3865
5.7608
6.2053
6.3426
6.6765
7.3552
7.2974
7.6058
8.912
9.3994
8.8762
9.6119
9.553
9.7415
9.7351
9.9092
9.8528
9.8603
9.8118
9.8816
9.8629
9.7951
9.8574
9.9015
9.8836
9.903
9.9216
9.937
9.9424
9.9202
9.9076
9.9156
9.9427
9.9555
9.9672
9.971
9.9626
9.9626
9.9626
9.9572
9.9591
9.9591
9.9591
9.9591
9.9647
9.9762
9.9762
9.967
9.9689
9.9825
9.975
9.975
9.975
9.975
9.9828
9.9828
9.9787
9.9787
9.9801
9.9801
9.9846
9.9846
9.9846
9.9846
9.9846
9.9846
9.9846
9.9846
9.9819
9.9819
9.9819
9.9819
9.985
9.985
1.6752
1.7051
1.8776
1.9114
1.9397
2.2047
2.3998
2.3009
2.459
2.5745
2.7309
2.9827
3.107
3.1273
3.3672
3.279
3.5287
3.7838
3.951
4.0165
4.5017
4.255
4.9703
4.7659
5.1997
5.6017
5.9278
5.8089
7.0506
6.9514
7.58
7.8464
8.2199
9.2878
9.5695
9.475
9.596
9.6289
9.6783
9.7054
9.9301
9.9301
9.9057
9.9072
9.9326
9.9422
9.7919
9.8054
9.9115
9.8537
9.9057
9.9201
9.937
9.9424
9.9245
9.8872
9.9128
9.9427
9.9555
9.9521
9.9518
9.9626
9.9626
9.9626
9.9572
9.9591
9.9591
9.9591
9.9591
9.9647
9.9762
9.9762
9.967
9.9689
9.9825
9.975
9.975
9.975
9.975
9.9828
9.9828
9.9798
9.9798
9.9801
9.9801
9.9846
9.9846
9.9846
9.9846
9.9846
9.9846
9.9846
9.9846
9.9819
9.9819
9.9819
9.9819
9.985
9.985
1.6704
1.7377
1.774
1.8744
2.0469
2.0857
2.3825
2.5604
2.46
2.6515
2.789
2.9596
2.967
3.1136
3.3885
3.477
3.7893
3.8334
4.0392
4.2547
4.1073
4.3323
4.6392
5.1681
5.2858
5.5532
5.4006
6.2074
6.6418
6.8659
8.0775
7.6913
8.0062
9.1209
9.5904
9.4164
9.527
9.5012
9.7069
9.7705
9.9301
9.9301
9.9095
9.9093
9.9326
9.9422
9.8476
9.7993
9.9175
9.8911
9.9014
9.9233
9.937
9.9424
9.9455
9.9018
9.9104
9.9427
9.9555
9.9502
9.9518
9.9626
9.9626
9.9626
9.9591
9.9591
9.9591
9.9591
9.9591
9.9647
9.9762
9.9762
9.967
9.9689
9.9825
9.975
9.975
9.975
9.975
9.9828
9.9828
9.9751
9.9751
9.9801
9.9801
9.9846
9.9846
9.9846
9.9846
9.9846
9.9846
9.9846
9.9846
9.9819
9.9819
9.9819
9.9819
9.985
9.985
1.669
1.7709
1.953
1.9176
2.064
2.1252
2.4114
2.4517
2.6071
2.6321
2.8915
3.0928
3.2042
3.0954
3.5754
3.3812
3.7476
3.8673
4.2943
4.451
4.2935
4.7033
5.2874
4.9909
5.3166
5.7255
5.98
6.1199
6.3586
7.5452
7.9502
7.9913
8.7871
8.9048
9.5806
9.6258
9.2656
9.7581
9.7091
9.7685
9.9133
9.9133
9.9159
9.8967
9.9326
9.9422
9.8476
9.7993
9.9175
9.8561
9.9112
9.9233
9.937
9.9424
9.9455
9.9018
9.9104
9.9427
9.9555
9.9502
9.9518
9.9626
9.9626
9.9626
9.9591
9.9591
9.9591
9.9591
9.9591
9.9647
9.9762
9.9762
9.967
9.9689
9.9825
9.975
9.975
9.975
9.975
9.9828
9.9828
9.9751
9.9751
9.9801
9.9801
9.9846
9.9846
9.9846
9.9846
9.9846
9.9846
9.9846
9.9846
9.9819
9.9819
9.9819
9.9819
9.985
9.985
1.673
1.8805
1.9839
1.9093
1.972
2.398
2.5024
2.4532
2.6974
2.6932
2.847
3.123
3.2251
3.4114
3.4424
3.2945
3.8126
4.2857
4.0517
4.2304
4.5513
4.7719
5.6417
4.9023
5.5842
5.8353
6.3711
6.6601
6.8512
7.8989
7.5944
8.3817
9.1379
8.8017
9.5314
9.7023
9.5033
9.7727
9.7496
9.7489
9.9133
9.9133
9.9
9.9036
9.9326
9.9422
9.8159
9.7993
9.9175
9.8778
9.9555
9.9233
9.9424
9.9424
9.9455
9.9221
9.9221
9.931
9.9576
9.9502
9.9518
9.9626
9.9626
9.9626
9.9451
9.9451
9.9451
9.9451
9.9451
9.9647
9.9762
9.9762
9.967
9.9689
9.9825
9.9742
9.9742
9.9742
9.9742
9.9828
9.9828
9.9774
9.9774
9.9801
9.9801
9.9846
9.9846
9.9846
9.9846
9.9846
9.9846
9.9846
9.9846
9.9819
9.9819
9.9819
9.9819
9.985
9.985
1.7305
1.6778
1.9076
1.9709
2.0705
2.2991
2.5328
2.4883
2.7246
2.7816
2.95
3.2663
3.154
3.493
3.545
3.6841
3.8328
3.8827
4.2856
4.4454
4.5606
4.7767
5.0775
5.1653
5.4753
5.8986
6.6915
6.1746
7.134
6.9485
7.3878
7.6867
8.6817
8.8179
9.4733
9.6737
9.4159
9.6602
9.7688
9.848
9.896
9.9048
9.9114
9.9237
9.9326
9.9422
9.8159
9.9258
9.9282
9.9449
9.9339
9.8848
9.9403
9.9496
9.9421
9.9421
9.9421
9.9484
9.9576
9.9502
9.9518
9.9626
9.9626
9.9626
9.9451
9.9451
9.9451
9.9451
9.9451
9.9647
9.9762
9.9762
9.9634
9.9701
9.9701
9.9742
9.9742
9.9742
9.9742
9.9828
9.9828
9.9774
9.9774
9.9801
9.9801
9.9846
9.9846
9.9846
9.9846
9.9846
9.9846
9.9846
9.9846
9.9819
9.9819
9.9819
9.9819
9.985
9.985
1.7557
1.7883
1.9604
2.0374
1.9723
2.3007
2.6187
2.5678
2.6853
2.5753
2.9022
3.1679
3.2535
3.2202
3.3382
3.5027
4.1854
3.9131
4.2133
4.5458
4.5976
4.6352
5.1125
5.0277
5.532
6.0434
6.728
6.948
7.1459
7.0232
8.0144
8.4947
9.3957
9.1243
9.4204
9.6277
9.0962
9.7455
9.7418
9.8009
9.9048
9.9048
9.9321
9.9279
9.9326
9.9422
9.8705
9.9258
9.9282
9.9449
9.9339
9.8755
9.9403
9.9421
9.9421
9.9421
9.9421
9.9484
9.9576
9.9502
9.9518
9.9626
9.9626
9.9626
9.9451
9.9451
9.9451
9.9451
9.9451
9.9647
9.9762
9.9762
9.9706
9.9697
9.9697
9.9742
9.9742
9.9742
9.9742
9.9828
9.9828
9.9774
9.9774
9.982
9.982
9.9846
9.9846
9.9846
9.9846
9.9846
9.9846
9.9846
9.9846
9.9819
9.9819
9.9819
9.9819
9.985
9.985
1.8218
1.7847
1.8953
2.2063
2.1002
2.1961
2.5064
2.5931
2.6359
2.8658
2.9785
3.3799
3.4438
3.5269
3.4607
3.5875
3.9499
4.0372
4.3076
4.4485
4.6281
5.2127
5.1507
5.9549
5.3565
5.9222
6.3725
6.8036
6.8088
8.5767
7.7311
8.3343
9.1475
9.3172
9.2707
9.6586
9.5353
9.7132
9.8991
9.8991
9.6844
9.71
9.9321
9.9279
9.9326
9.9422
9.8656
9.9236
9.9165
9.9449
9.9339
9.8755
9.9403
9.9421
9.9421
9.9421
9.9421
9.9484
9.9576
9.9502
9.9518
9.9699
9.9699
9.9699
9.9451
9.9451
9.9451
9.9451
9.9451
9.9647
9.9762
9.9762
9.9706
9.9697
9.9697
9.9742
9.9742
9.9742
9.9742
9.9828
9.9828
9.9774
9.9774
9.982
9.982
9.9846
9.9846
9.9846
9.9846
9.9846
9.9846
9.9846
9.9846
9.9819
9.9819
9.9819
9.9819
9.985
9.985
1.8087
1.8628
2.0418
2.1119
2.1693
2.3031
2.4552
2.4153
2.7209
3.1052
3.0142
3.1872
3.3986
3.5153
3.7377
3.8728
3.8099
4.3736
4.3076
4.6397
4.7279
5.0901
5.1861
5.7008
6.0676
5.8233
6.3781
7.5851
6.4126
7.4716
8.7698
8.274
9.3888
8.8136
9.5423
9.5186
9.4975
9.7265
9.8991
9.8991
9.7305
9.7035
9.9321
9.9279
9.9268
9.9232
9.8707
9.92
9.9165
9.9449
9.9339
9.8911
9.9403
9.9421
9.9421
9.9421
9.9421
9.9484
9.9576
9.9502
9.9518
9.9699
9.9699
9.9699
9.9451
9.9451
9.9451
9.9451
9.9451
9.9647
9.9762
9.9762
9.9706
9.9706
9.9706
9.9742
9.9742
9.9742
9.9742
9.9828
9.9828
9.9774
9.9774
9.982
9.982
9.9846
9.9846
9.9846
9.9846
9.9846
9.9846
9.9846
9.9846
9.9819
9.9819
9.9819
9.9819
9.985
9.985
1.8397
1.9153
2.0688
2.0937
2.239
2.2464
2.5403
2.5205
2.9652
2.9178
2.9824
3.3097
3.5948
3.4728
3.5042
3.6262
4.3176
4.2049
4.2066
4.7727
4.8095
5.0738
5.4374
5.5844
5.4467
6.3286
6.4582
7.4847
7.387
8.5456
8.3859
8.6348
9.3116
9.3014
9.1364
9.638
9.6686
9.7685
9.8974
9.9308
9.8217
9.8674
9.9321
9.9279
9.9156
9.9037
9.9092
9.92
9.9207
9.9449
9.9339
9.8911
9.9403
9.9421
9.9421
9.9421
9.9421
9.9484
9.9576
9.9639
9.9639
9.9501
9.9658
9.9722
9.9722
9.9722
9.9729
9.9729
9.9729
9.9729
9.9762
9.9762
9.9738
9.9785
9.9785
9.9722
9.9722
9.9722
9.9722
9.9828
9.9828
9.9774
9.9774
9.982
9.982
9.9846
9.9846
9.9846
9.9846
9.9846
9.9846
9.9846
9.9846
9.9819
9.9819
9.9819
9.9819
9.985
9.985
1.9254
1.8149
2.0328
2.0744
2.1567
2.3339
2.4007
2.638
2.9003
2.8344
3.2426
3.6033
3.4618
3.5516
3.7379
3.7806
4.0941
4.2977
4.5358
4.9057
4.8521
5.0358
5.5789
5.4411
5.8068
6.0819
6.3782
6.2816
7.4579
7.2367
8.1955
8.3867
8.9801
9.6143
9.6476
9.6695
9.7789
9.651
9.9354
9.9133
9.8273
9.8911
9.9321
9.9279
9.8868
9.9097
9.8751
9.92
9.9235
9.9449
9.9339
9.8765
9.9403
9.9421
9.9421
9.9421
9.9421
9.9484
9.95
9.966
9.966
9.9501
9.9727
9.9762
9.9762
9.9762
9.9762
9.9762
9.9762
9.9762
9.9762
9.9762
9.9738
9.9785
9.9785
9.9722
9.9722
9.9722
9.9722
9.9828
9.9828
9.9774
9.9774
9.9846
9.9846
9.9846
9.9846
9.9846
9.9846
9.9846
9.9846
9.9846
9.9846
9.9819
9.9819
9.9819
9.9819
9.985
9.985
1.872
1.8125
2.0209
2.1586
2.2395
2.3858
2.6427
2.6976
2.7822
2.8094
3.1099
3.3662
3.3801
3.5827
3.6444
3.9305
4.1812
4.4184
4.6052
4.6714
4.9967
5.222
5.4521
5.6864
6.1531
6.4218
6.664
6.3393
7.0505
8.403
8.4092
8.911
9.2972
8.8287
9.6577
9.7157
9.7789
9.7448
9.9272
9.9515
9.8682
9.8847
9.9321
9.9173
9.8868
9.9097
9.8748
9.9175
9.9186
9.9449
9.9339
9.8765
9.9281
9.9421
9.9421
9.9421
9.9421
9.9484
9.95
9.966
9.966
9.9501
9.9727
9.9762
9.9762
9.9762
9.9762
9.9762
9.9762
9.9762
9.9762
9.9762
9.9838
9.9838
9.9844
9.9722
9.9722
9.9722
9.9722
9.9828
9.9828
9.9774
9.9774
9.9846
9.9846
9.9846
9.9846
9.9846
9.9846
9.9846
9.9846
9.9846
9.9846
9.9819
9.9819
9.9819
9.9819
9.985
9.985
1.9112
1.8776
1.9926
2.2487
2.3149
2.4323
2.5271
2.6867
3.0792
2.989
3.4202
3.22
3.635
3.5397
3.8465
3.808
4.3107
4.2802
4.2815
4.7853
5.1668
4.909
5.4096
5.4493
6.3658
6.6018
6.8256
6.7608
7.6297
8.1055
9.149
9.6186
8.9268
9.6478
9.4937
9.5936
9.7127
9.7454
9.7705
9.8619
9.8462
9.8441
9.8527
9.923
9.8961
9.9183
9.8898
9.9175
9.9186
9.9435
9.9339
9.8765
9.9281
9.9421
9.9421
9.9421
9.9421
9.9484
9.95
9.966
9.966
9.9501
9.9727
9.9762
9.9762
9.9762
9.9762
9.9762
9.9762
9.9762
9.9762
9.9762
9.9858
9.9858
9.9858
9.9722
9.9722
9.9722
9.9722
9.9828
9.9828
9.9774
9.9774
9.9846
9.9846
9.9846
9.9846
9.9846
9.9846
9.9846
9.9846
9.9846
9.9846
9.9819
9.9819
9.9819
9.9819
9.985
9.985
1.9454
1.9615
2.0199
2.1224
2.3907
2.4055
2.5416
2.794
2.98
2.9304
3.2005
3.3235
3.6042
3.7049
4.0518
4.0673
4.4405
4.4672
4.6633
5.1419
5.1167
5.299
5.461
5.3209
5.8003
6.9203
7.0628
7.4909
7.3396
8.8336
8.9777
8.9434
9.1251
9.5675
9.6275
9.4002
9.817
9.6604
9.7896
9.8709
9.7564
9.8348
9.8527
9.9178
9.8961
9.9183
9.8898
9.9175
9.9186
9.9429
9.9339
9.8765
9.9251
9.9421
9.9421
9.9421
9.9421
9.9484
9.9466
9.966
9.966
9.9501
9.9727
9.9762
9.9762
9.9762
9.9762
9.9762
9.9762
9.9762
9.9762
9.9762
9.9858
9.9858
9.9858
9.9722
9.9722
9.9722
9.9722
9.9828
9.9828
9.9774
9.9774
9.9846
9.9846
9.9846
9.9846
9.9846
9.9846
9.9846
9.9846
9.9846
9.9846
9.9819
9.9819
9.9819
9.9819
9.985
9.985
2.2026
2.0948
2.0055
2.2601
2.3243
2.4991
2.6092
2.9176
2.8877
2.906
2.9558
3.5008
3.7024
3.777
3.9225
3.9973
4.6841
4.6295
4.5826
4.8515
5.4422
5.1381
5.7863
6.2632
6.1764
6.4305
7.2241
8.2969
7.9304
8.5448
9.056
8.4913
9.2276
9.5922
9.5902
9.5544
9.7693
9.752
9.9085
9.8326
9.891
9.8567
9.8892
9.9202
9.9077
9.9311
9.86
9.9073
9.9214
9.9429
9.9339
9.9175
9.941
9.9421
9.9421
9.9421
9.9421
9.9484
9.9466
9.966
9.966
9.9543
9.9727
9.9762
9.9762
9.9762
9.9762
9.9762
9.9762
9.9762
9.9762
9.9762
9.9858
9.9858
9.9858
9.9722
9.9722
9.9722
9.9722
9.9828
9.9828
9.9774
9.9774
9.9846
9.9846
9.9846
9.9846
9.9846
9.9846
9.9846
9.9846
9.9846
9.9846
9.9819
9.9819
9.9819
9.9819
9.985
9.985
2.1315
2.2643
2.2747
2.3209
2.5971
2.618
2.7071
2.8732
3.1369
2.966
3.4062
3.6499
3.7039
3.9246
3.9296
4.3553
4.1994
4.5931
4.9662
4.7569
4.928
5.5782
5.4025
5.9167
6.4926
7.0314
8.7035
7.2995
8.1668
8.5783
9.2244
9.0182
9.192
9.3221
9.6955
9.5617
9.6335
9.7791
9.9016
9.8326
9.8949
9.9044
9.8892
9.9202
9.8699
9.918
9.86
9.8992
9.9497
9.9497
9.9339
9.9175
9.941
9.9421
9.9421
9.9421
9.9421
9.9484
9.9466
9.966
9.966
9.9543
9.9727
9.9762
9.9762
9.9762
9.9762
9.9762
9.9762
9.9762
9.9762
9.9762
9.9858
9.9858
9.9858
9.9722
9.9722
9.9722
9.9722
9.9828
9.9828
9.9774
9.9774
9.9846
9.9846
9.9846
9.9846
9.9846
9.9846
9.9846
9.9846
9.9846
9.9846
9.9819
9.9819
9.9819
9.9819
9.985
9.985
2.0556
2.0999
2.3047
2.3936
2.5728
2.441
2.7175
2.8332
3.127
3.0937
3.2479
3.5591
3.626
3.8729
4.0887
4.1488
4.2616
4.6361
4.6678
5.2547
5.4987
5.2688
5.512
5.5855
6.3468
6.6167
7.1839
7.9278
8.5603
8.6338
9.0685
9.533
9.091
9.4284
9.7976
9.7222
9.7287
9.8015
9.8549
9.8403
9.8423
9.9071
9.8739
9.947
9.9138
9.918
9.8861
9.8877
9.9497
9.9497
9.9339
9.9175
9.941
9.9421
9.9421
9.9421
9.9421
9.9484
9.9466
9.966
9.966
9.9543
9.9727
9.9762
9.9762
9.9762
9.9762
9.9762
9.9762
9.9762
9.9762
9.9762
9.9858
9.9858
9.9858
9.9729
9.9729
9.9729
9.9729
9.9828
9.9828
9.9774
9.9774
9.9846
9.9846
9.9846
9.9846
9.9846
9.9846
9.9846
9.9846
9.9846
9.9846
9.9819
9.9819
9.9819
9.9819
9.985
9.985
2.2291
2.147
2.2982
2.2842
2.5238
2.8147
2.8311
2.9174
2.9591
3.482
3.3489
3.6546
3.6802
3.9963
3.552
4.3055
4.8254
4.4005
4.7767
5.4661
4.9583
5.7422
5.5539
6.4112
6.5292
7.138
7.059
7.8846
7.524
8.2073
9.1254
9.1958
9.4579
9.7262
9.8113
9.7413
9.65
9.8302
9.8549
9.8445
9.8297
9.9024
9.9288
9.947
9.9138
9.9335
9.8861
9.9501
9.9454
9.9474
9.9339
9.9175
9.941
9.9484
9.9484
9.9484
9.9484
9.9409
9.9466
9.966
9.966
9.9543
9.9727
9.9762
9.9762
9.9762
9.9762
9.9762
9.9762
9.9762
9.9762
9.9762
9.9858
9.9858
9.9858
9.9729
9.9729
9.9729
9.9729
9.9828
9.9828
9.9774
9.9774
9.9846
9.9846
9.9846
9.9846
9.9846
9.9846
9.9846
9.9846
9.9846
9.9846
9.9819
9.9819
9.9819
9.9819
9.985
9.985
2.2264
2.1624
2.5157
2.3704
2.8456
2.7038
2.7594
3.1912
2.9639
3.3898
3.5719
3.5845
3.792
3.8296
3.8667
4.0845
4.4799
4.7559
4.8535
4.9834
5.4129
5.4167
5.7757
6.5069
6.8518
7.8444
7.6647
7.6345
8.6963
9.2726
8.9806
9.4378
9.615
9.7244
9.7099
9.8476
9.674
9.8696
9.8691
9.9283
9.9087
9.9158
9.9288
9.9241
9.9441
9.9335
9.9035
9.9357
9.9454
9.9474
9.9339
9.8965
9.941
9.9519
9.9465
9.9465
9.9434
9.9537
9.9554
9.951
9.951
9.9656
9.9656
9.9656
9.9701
9.9701
9.9708
9.9622
9.9622
9.9622
9.966
9.966
9.9858
9.9858
9.9858
9.9729
9.9729
9.9729
9.9729
9.9828
9.9828
9.9774
9.9774
9.9846
9.9846
9.9846
9.9846
9.9846
9.9846
9.9846
9.9846
9.9846
9.9846
9.9819
9.9819
9.9819
9.9819
9.985
9.985
2.2784
2.263
2.3676
2.4015
2.6638
2.7142
2.9278
2.9067
3.4762
3.295
3.2594
3.6124
3.7058
4.0485
4.2729
4.7086
4.4361
4.8004
5.0054
5.1167
5.7752
6.163
6.1091
6.281
7.3805
6.894
7.4312
7.6652
8.6317
8.9394
9.3552
9.5275
9.5267
9.5389
9.7561
9.6845
9.8235
9.902
9.8843
9.9256
9.8626
9.8888
9.9159
9.923
9.9408
9.9335
9.9279
9.9341
9.9454
9.942
9.9296
9.8965
9.9596
9.938
9.947
9.9512
9.9532
9.9537
9.9554
9.951
9.951
9.9656
9.9656
9.9656
9.9701
9.9701
9.9708
9.9592
9.9592
9.9592
9.9606
9.9606
9.9858
9.9858
9.9858
9.9729
9.9729
9.9729
9.9729
9.9828
9.9828
9.9774
9.9774
9.9846
9.9846
9.9846
9.9846
9.9846
9.9846
9.9846
9.9846
9.9846
9.9846
9.9819
9.9819
9.9819
9.9819
9.985
9.985
2.1173
2.2085
2.3084
2.4155
2.5661
2.6012
2.8853
3.0183
3.1854
3.2812
3.2848
3.6158
4.0593
4.2378
4.1062
4.5621
4.6684
4.9731
4.9721
5.4386
5.1475
6.3195
5.7954
6.4581
7.6509
7.5145
7.1376
7.0943
8.5239
9.0979
9.3594
9.5806
9.3961
9.6989
9.8086
9.7905
9.7654
9.8483
9.8285
9.9237
9.901
9.8276
9.8851
9.9075
9.9399
9.9399
9.9279
9.9282
9.9454
9.942
9.9296
9.9151
9.9596
9.938
9.947
9.9512
9.9532
9.9537
9.9554
9.951
9.951
9.9656
9.9656
9.9656
9.9701
9.9701
9.9708
9.9592
9.9592
9.9592
9.9606
9.9606
9.9851
9.9851
9.9851
9.9729
9.9729
9.9729
9.9729
9.9828
9.9828
9.9774
9.9774
9.9846
9.9846
9.9846
9.9846
9.9846
9.9846
9.9846
9.9846
9.9846
9.9846
9.9819
9.9819
9.9819
9.9819
9.985
9.985
2.1541
2.3287
2.391
2.5932
2.6989
2.7585
2.9379
3.0387
3.1374
3.2885
3.2006
3.9284
3.8487
4.0236
4.2675
4.7161
4.6034
4.9919
5.0786
5.2472
5.7703
6.164
6.7276
6.5665
6.9722
7.544
9.0604
8.1916
8.683
8.8238
9.3598
9.485
9.5815
9.6868
9.7963
9.7816
9.7976
9.8483
9.8285
9.902
9.901
9.8276
9.9218
9.881
9.9261
9.9022
9.9035
9.9282
9.9454
9.942
9.9296
9.9151
9.9596
9.9553
9.9428
9.9428
9.9427
9.9537
9.9554
9.951
9.951
9.9656
9.9656
9.9656
9.9701
9.9701
9.9708
9.9592
9.9592
9.9592
9.9606
9.9606
9.9851
9.9851
9.9851
9.9729
9.9729
9.9729
9.9729
9.9828
9.9828
9.9774
9.9774
9.9846
9.9846
9.9846
9.9846
9.9846
9.9846
9.9846
9.9846
9.9846
9.9846
9.9819
9.9819
9.9819
9.9819
9.985
9.985
2.2826
2.2399
2.4244
2.2972
2.7152
2.8673
3.0899
3.2851
3.1406
3.5135
3.5964
3.898
4.0812
4.0365
4.1696
4.8162
4.6844
4.9363
5.2109
5.8742
5.4847
6.1716
6.2802
6.4332
6.8824
7.421
7.3985
8.6365
8.5
8.6639
9.457
9.5733
9.6289
9.5699
9.7965
9.799
9.7316
9.8976
9.8556
9.8674
9.8885
9.8059
9.9218
9.9305
9.9261
9.9022
9.9035
9.9282
9.9454
9.942
9.9279
9.9151
9.9596
9.9553
9.9428
9.9428
9.9427
9.9577
9.9554
9.951
9.951
9.9702
9.9702
9.9723
9.9723
9.9723
9.9723
9.9723
9.9723
9.9695
9.9695
9.9701
9.9851
9.9851
9.9851
9.9729
9.9729
9.9729
9.9729
9.9828
9.9828
9.9774
9.9774
9.9846
9.9846
9.9846
9.9846
9.9846
9.9846
9.9846
9.9846
9.9846
9.9846
9.9819
9.9819
9.9819
9.9819
9.985
9.985
2.2923
2.5501
2.4072
2.4808
2.6965
2.7161
3.1711
3.2364
3.2468
3.4478
3.5163
3.7811
3.8136
4.2083
4.2129
4.2182
4.8233
5.0573
5.5981
5.7489
6.0516
5.9453
6.0658
6.5009
7.5701
7.6372
8.8226
8.4048
8.6723
8.6802
9.4462
9.7325
9.6811
9.5321
9.7343
9.8428
9.6532
9.8976
9.8883
9.8919
9.8885
9.818
9.9218
9.9305
9.9261
9.9022
9.9035
9.9282
9.9454
9.942
9.9279
9.9151
9.9596
9.9562
9.9428
9.9428
9.9427
9.9577
9.9554
9.951
9.951
9.9702
9.9702
9.9723
9.9723
9.9723
9.9723
9.9723
9.9723
9.9695
9.9695
9.9701
9.9851
9.9851
9.9851
9.9729
9.9729
9.9729
9.9729
9.9828
9.9828
9.9774
9.9774
9.9846
9.9846
9.9846
9.9846
9.9846
9.9846
9.9846
9.9846
9.9846
9.9846
9.9819
9.9819
9.9819
9.9819
9.985
9.985
2.2357
2.5559
2.6236
2.7706
2.7823
2.9924
3.0885
3.0889
3.3284
3.8084
3.7732
3.7823
4.0776
4.0296
4.5165
4.679
5.156
5.0709
5.1533
5.3207
5.5737
6.2411
6.0889
6.8821
7.2009
7.9185
8.0011
8.9615
9.4658
9.568
9.7527
9.7652
9.6488
9.6223
9.7559
9.532
9.8796
9.8058
9.8883
9.9246
9.8885
9.9109
9.9218
9.9305
9.9261
9.9022
9.9035
9.9282
9.9454
9.942
9.9232
9.9151
9.9596
9.9221
9.9428
9.9428
9.9427
9.9606
9.9554
9.951
9.951
9.9702
9.9702
9.9723
9.9723
9.9723
9.9723
9.9723
9.9723
9.9695
9.9695
9.9701
9.9851
9.9851
9.9851
9.9734
9.9734
9.9734
9.9734
9.9828
9.9828
9.9774
9.9774
9.9846
9.9846
9.9846
9.9846
9.9846
9.9846
9.9846
9.9846
9.9846
9.9846
9.9819
9.9819
9.9819
9.9819
9.985
9.985
2.073
2.601
2.6968
2.7859
2.7522
2.9049
3.4075
3.4564
3.3018
3.4937
3.5938
3.959
4.1568
4.2511
4.5682
4.4719
4.8662
4.6331
5.5042
5.8446
5.9284
6.316
6.4372
6.7697
7.3803
7.7931
8.4912
8.6894
9.3298
9.5972
9.6369
9.8501
9.7843
9.7384
9.832
9.6442
9.8664
9.8873
9.8883
9.9246
9.8752
9.8921
9.9218
9.9363
9.9261
9.9022
9.9035
9.9361
9.9454
9.942
9.9232
9.9236
9.9237
9.9227
9.9447
9.9447
9.947
9.9606
9.9441
9.9806
9.9806
9.9806
9.9806
9.9806
9.9806
9.9806
9.9806
9.9806
9.9806
9.9665
9.9712
9.9712
9.9851
9.9851
9.9851
9.9734
9.9734
9.9734
9.9734
9.9828
9.9828
9.9818
9.9818
9.9846
9.9846
9.9846
9.9846
9.9846
9.9846
9.9846
9.9846
9.9846
9.9846
9.9819
9.9819
9.9819
9.9819
9.985
9.985
2.1818
2.5251
2.5672
2.7768
2.9666
3.1626
3.1976
3.3581
3.5154
3.6655
3.8388
3.9891
4.0427
4.3449
4.5919
4.5128
4.9903
5.2474
5.3181
6.0382
6.3313
6.4203
6.341
6.5445
7.36
7.9779
8.7149
8.0556
9.3447
9.7686
9.8271
9.5112
9.7843
9.7718
9.7983
9.6442
9.887
9.8873
9.8466
9.9246
9.9131
9.8599
9.9218
9.9363
9.9261
9.9022
9.9035
9.9416
9.9454
9.942
9.9232
9.9236
9.9237
9.9433
9.9447
9.9447
9.947
9.9606
9.9441
9.9806
9.9806
9.9806
9.9806
9.9806
9.9806
9.9806
9.9806
9.9806
9.9806
9.9665
9.9712
9.9712
9.9851
9.9851
9.9851
9.9734
9.9734
9.9734
9.9734
9.9828
9.9828
9.9818
9.9818
9.9846
9.9846
9.9846
9.9846
9.9846
9.9846
9.9846
9.9846
9.9846
9.9846
9.9819
9.9819
9.9819
9.9819
9.985
9.985
2.3118
2.4678
2.3521
2.8123
3.0449
3.1911
3.2314
3.5417
3.5127
3.754
3.7962
4.3534
4.0725
4.3173
4.4167
4.732
4.8662
5.4523
5.8091
6.0692
6.0808
5.827
6.9869
7.3176
7.7998
8.0584
8.7544
8.848
9.6067
9.625
9.5983
9.8086
9.5835
9.7226
9.7916
9.8316
9.887
9.8383
9.8071
9.9267
9.9131
9.8947
9.9218
9.951
9.9261
9.9022
9.9035
9.9416
9.9454
9.942
9.9232
9.9236
9.9237
9.9465
9.9447
9.9447
9.947
9.9606
9.9441
9.9806
9.9806
9.9806
9.9806
9.9806
9.9806
9.9806
9.9806
9.9806
9.9806
9.9665
9.9712
9.9712
9.9851
9.9851
9.9851
9.9734
9.9734
9.9734
9.9734
9.9828
9.9828
9.9818
9.9818
9.9846
9.9846
9.9846
9.9846
9.9846
9.9846
9.9846
9.9846
9.9846
9.9846
9.9819
9.9819
9.9819
9.9819
9.985
9.985
2.4003
2.5196
2.5741
2.6582
2.9516
3.5026
3.3906
3.4679
3.5915
3.7725
3.6724
4.0678
4.1307
4.5104
4.2598
4.5792
4.9565
5.0666
5.2827
5.8246
6.1666
6.602
6.8892
7.373
7.8726
8.334
8.7342
8.843
9.6143
9.538
9.6127
9.6671
9.6144
9.8182
9.8126
9.8156
9.8755
9.8874
9.8822
9.9267
9.9131
9.9095
9.9218
9.951
9.9261
9.9022
9.9035
9.9416
9.9454
9.942
9.9232
9.9236
9.9237
9.9465
9.9388
9.9388
9.947
9.9606
9.9441
9.9806
9.9806
9.9806
9.9806
9.9806
9.9806
9.9806
9.9806
9.9806
9.9806
9.9665
9.9712
9.9712
9.9851
9.9851
9.9851
9.9734
9.9734
9.9734
9.9734
9.9828
9.9828
9.9818
9.9818
9.9846
9.9846
9.9846
9.9846
9.9846
9.9846
9.9846
9.9846
9.9846
9.9846
9.9819
9.9819
9.9819
9.9819
9.985
9.985
2.4345
2.5339
2.8026
2.7141
2.9956
3.2137
3.315
3.3181
3.3897
3.682
3.9932
4.1093
4.3262
4.3143
4.838
4.9967
5.6167
5.2743
5.6969
5.8698
5.9301
6.3814
6.2861
7.8627
7.5403
8.8579
8.7316
9.5308
9.4955
9.6616
9.6341
9.707
9.6431
9.8164
9.8088
9.7479
9.8503
9.8143
9.9036
9.9267
9.9131
9.9095
9.9218
9.951
9.9519
9.9441
9.9035
9.928
9.941
9.9426
9.9293
9.9638
9.953
9.9465
9.9388
9.9388
9.947
9.9606
9.9441
9.9806
9.9806
9.9806
9.9806
9.9806
9.9806
9.9806
9.9806
9.9806
9.9806
9.9729
9.9729
9.9729
9.9851
9.9851
9.9851
9.9734
9.9734
9.9734
9.9734
9.9828
9.9828
9.9818
9.9818
9.9846
9.9846
9.9846
9.9846
9.9846
9.9846
9.9846
9.9846
9.9846
9.9846
9.9819
9.9819
9.9819
9.9819
9.985
9.985
2.5555
2.5842
2.6865
3.0372
3.1009
3.129
3.6016
3.559
3.7771
3.9474
4.1997
4.5282
4.5171
4.1776
4.6782
5.322
5.3546
5.6392
5.5112
6.5521
6.675
7.5922
6.9967
7.4638
7.7201
7.9673
9.3462
9.1287
9.6246
9.6103
9.5887
9.7483
9.8503
9.8102
9.8346
9.7399
9.8545
9.8386
9.8785
9.9092
9.9131
9.9095
9.9637
9.9637
9.9294
9.9315
9.9035
9.928
9.941
9.9426
9.9293
9.9638
9.953
9.9465
9.9452
9.9452
9.947
9.9606
9.9441
9.9806
9.9806
9.9806
9.9806
9.9806
9.9806
9.9806
9.9806
9.9806
9.9806
9.9729
9.9729
9.9729
9.9851
9.9851
9.9851
9.9734
9.9734
9.9734
9.9734
9.9828
9.9828
9.9818
9.9818
9.9846
9.9846
9.9846
9.9846
9.9846
9.9846
9.9846
9.9846
9.9846
9.9846
9.9819
9.9819
9.9819
9.9819
9.985
9.985
2.5516
2.6571
2.8182
2.953
3.1106
3.1724
3.5352
3.5385
4.2127
3.5826
4.0392
4.1748
4.5296
4.3093
4.7707
5.2363
5.2471
5.6315
6.6035
5.9938
6.2445
6.7107
7.1136
7.5634
7.6947
7.8005
9.4344
8.8588
9.536
9.6177
9.7537
9.7941
9.8715
9.8172
9.8346
9.6438
9.8427
9.8193
9.8785
9.9092
9.9131
9.9095
9.9637
9.9637
9.9294
9.9378
9.9035
9.9349
9.941
9.9426
9.9293
9.9638
9.953
9.9465
9.9452
9.9452
9.947
9.9606
9.9441
9.9806
9.9806
9.9806
9.9806
9.9806
9.9806
9.9806
9.9806
9.975
9.975
9.9729
9.9729
9.9729
9.9851
9.9851
9.9851
9.9734
9.9734
9.9734
9.9734
9.9828
9.9828
9.9818
9.9818
9.9846
9.9846
9.9846
9.9846
9.9846
9.9846
9.9846
9.9846
9.9846
9.9846
9.9819
9.9819
9.9819
9.9819
9.985
9.985
2.5548
2.6504
2.8772
2.8174
3.0524
3.2688
3.5058
3.6143
3.6944
3.9718
3.9985
4.3449
4.2754
4.6078
4.9744
5.6886
5.7337
5.5368
5.4673
6.1662
6.3098
6.974
7.2303
8.4339
8.4451
8.6416
9.2331
9.0624
9.7594
9.4332
9.8497
9.8034
9.7955
9.781
9.8373
9.7693
9.7809
9.8776
9.8785
9.9118
9.9385
9.9385
9.9637
9.9637
9.9294
9.9378
9.9035
9.9349
9.941
9.9426
9.9293
9.9638
9.9557
9.9465
9.9452
9.9452
9.947
9.9606
9.9517
9.9806
9.9806
9.9806
9.9806
9.9806
9.9806
9.9806
9.9806
9.975
9.975
9.9729
9.9729
9.9729
9.9851
9.9851
9.9851
9.9734
9.9734
9.9734
9.9734
9.9828
9.9828
9.9818
9.9818
9.9846
9.9846
9.9846
9.9846
9.9846
9.9846
9.9846
9.9846
9.9846
9.9846
9.9819
9.9819
9.9819
9.9819
9.985
9.985
2.6985
2.7751
2.7212
2.8896
3.1278
3.2344
3.7537
3.503
3.7681
3.8813
3.9953
4.331
4.7554
4.5446
5.0006
4.8811
5.5065
5.6594
5.7248
6.3639
6.4972
7.3023
7.029
7.2111
7.8847
8.4615
9.0799
9.1812
9.7097
9.6072
9.7894
9.648
9.8507
9.8382
9.8373
9.7978
9.7625
9.888
9.8629
9.9118
9.9385
9.9385
9.9637
9.9637
9.9268
9.9268
9.9035
9.9349
9.9439
9.9426
9.9293
9.9638
9.9557
9.9465
9.9481
9.9476
9.947
9.9602
9.9517
9.9806
9.9806
9.9806
9.9806
9.9806
9.9806
9.9806
9.9806
9.975
9.975
9.9729
9.9729
9.9729
9.9788
9.9788
9.9788
9.9734
9.9734
9.9734
9.9734
9.9828
9.9828
9.9833
9.9833
9.9846
9.9846
9.9846
9.9846
9.9846
9.9846
9.9846
9.9846
9.9846
9.9846
9.9819
9.9819
9.9819
9.9819
9.985
9.985
2.4833
2.7415
2.7524
3.0748
3.1531
3.3369
3.8645
3.6056
3.719
4.0457
3.9363
4.6058
4.6732
4.6966
5.6231
4.8453
5.282
5.6096
5.8797
6.4104
6.5141
7.8848
7.1479
7.7988
7.9989
8.7063
9.3395
9.3435
9.4481
9.5627
9.7404
9.7327
9.8775
9.7817
9.8741
9.8175
9.7619
9.888
9.8629
9.9118
9.9385
9.9385
9.9637
9.9637
9.9268
9.9268
9.9035
9.9349
9.9439
9.9426
9.9293
9.9638
9.959
9.9465
9.9481
9.9476
9.947
9.9602
9.9517
9.9806
9.9806
9.9806
9.9806
9.9806
9.9806
9.9806
9.9806
9.975
9.975
9.9729
9.9729
9.9729
9.9788
9.9788
9.9788
9.9734
9.9734
9.9734
9.9734
9.9828
9.9828
9.9833
9.9833
9.9846
9.9846
9.9846
9.9846
9.9846
9.9846
9.9846
9.9846
9.9846
9.9846
9.9819
9.9819
9.9819
9.9819
9.985
9.985
2.6702
2.8021
3.054
3.3086
3.4218
3.3098
3.6093
3.7297
3.7593
4.1777
4.0481
4.2049
4.8464
4.9573
4.5912
5.2801
5.4763
5.5651
5.8951
6.4875
7.2129
7.4857
7.4982
7.2874
8.988
9.3616
9.3889
9.7385
9.5348
9.7208
9.6632
9.8375
9.8804
9.8432
9.9031
9.8775
9.8652
9.8684
9.9069
9.8837
9.9385
9.9385
9.9637
9.9637
9.9252
9.9231
9.9035
9.9349
9.9439
9.9426
9.9306
9.9638
9.959
9.9465
9.9488
9.9488
9.9464
9.9602
9.9517
9.9806
9.9806
9.9806
9.9806
9.9806
9.9806
9.9806
9.9806
9.975
9.975
9.9729
9.9729
9.9729
9.9788
9.9788
9.9788
9.9734
9.9734
9.9734
9.9734
9.9828
9.9828
9.9833
9.9833
9.9846
9.9846
9.9846
9.9846
9.9846
9.9846
9.9846
9.9846
9.9846
9.9846
9.9819
9.9819
9.9819
9.9819
9.985
9.985
