9801

9.72105
10.0394
10.6013
11.1013
11.3296
11.0066
11.3261
11.4625
12.1721
11.9912
11.4545
12.0005
13.0602
13.544
13.2795
13.5754
13.673
13.9837
14.2476
14.7279
14.7645
15.4855
16.5515
17.6345
17.3184
16.6735
19.4566
18.0412
20.0991
18.6719
22.5999
19.8016
24.2247
23.7909
24.1686
27.4143
25.9683
28.9339
33.2867
34.0134
35.9331
40.0058
42
45.9397
64.6962
65.4394
71.2451
122.251
244.478
243.057
163.238
323.455
360.015
599.392
492.448
651.947
687.406
723.391
739.51
1040.59
1062.35
988.478
958.709
1214.4
1144.86
1160.88
1319.44
1518.14
1540.33
1571.53
1622.83
1659.02
1704.61
1746
1782.63
1821.48
1863.02
1926.54
1977.85
2030.18
2033.43
2042.64
2077.43
2171.81
2202.12
2239.26
2286.84
2356.16
2222.86
2305.43
2322.45
2353.31
2383.15
2405.07
2488.4
2515.47
2539.96
2557.06
2509.95
11.8077
10.6141
11.0276
11.3203
11.866
10.8907
11.1613
11.3098
11.7252
11.9662
11.9463
12.4671
12.8222
13.4615
13.8038
13.228
13.6328
13.876
13.8102
14.7225
15.2646
15.8757
16.6025
18.5372
16.3124
17.6841
20.1117
20.1788
18.8125
21.0297
22.4796
20.1866
21.8473
23.3397
25.3896
27.134
24.4877
30.5162
32.3146
32.4704
38.1303
37.5566
54.4257
47.2548
62.0892
87.8338
73.108
84.7844
102.289
229.884
261.293
239.193
397.147
519.926
751.072
631.889
884.496
760.755
738.063
953.702
767.216
1040.84
1216.48
1280.64
1171.77
1172.75
1189.99
1528.01
1548.45
1581.66
1632.76
1668.68
1713.97
1755.09
1791.51
1830.09
1871.3
1936.47
1987.41
2039.33
1926.85
2049.45
2083.99
2178.93
2209
2245.97
2295.34
2361.4
2230.62
2315.82
2328.73
2359.44
2389.21
2411.05
2491.57
2518.54
2542.97
2560.01
2517.82
11.9351
10.3827
10.1974
11.2545
11.7974
11.3347
10.8442
12.1319
12.415
12.7384
12.04
13.2242
13.071
13.3249
13.7834
12.9803
13.6274
13.8471
14.6021
14.8118
15.6909
15.0076
16.67
16.7391
16.6448
18.1198
17.6268
18.4257
20.2603
21.7246
21.6876
21.9583
25.3267
26.1173
23.7785
23.774
27.7347
33.2512
34.5944
34.1088
38.21
44.4171
48.2755
51.8236
54.5259
74.7069
62.4255
157.961
135.459
394.515
319.65
251.65
292.053
550.041
623.114
732.873
829.068
984.357
905.773
939.463
974.621
1016.2
1135.85
1144.49
1404.99
1224.98
1196.28
1540.43
1557.45
1585.48
1636.46
1672.22
1717.4
1758.39
1794.7
1833.26
1874.31
1944.58
1995.27
2046.89
1930.24
2056.6
2091.04
2187.24
2217.13
2253.93
2192.02
2273.16
2295.98
2325.6
2374.33
2404.15
2432.01
2453.19
2474.74
2514.32
2540.59
2528.54
2520.88
12.76
10.1217
11.417
11.581
12.1898
11.2945
11.198
11.8045
13.2981
12.9015
12.6111
12.9852
12.4319
13.305
13.0806
13.431
13.664
13.8092
14.5434
15.5207
16.3193
15.1065
17.4917
17.6148
16.721
17.7237
18.4774
18.9411
18.8486
19.927
20.4508
21.5089
20.8934
23.9659
22.7062
25.5473
29.293
29.9503
29.9124
36.9631
35.4921
42.3575
52.7464
64.4035
66.8498
66.4778
72.3971
122.111
273.368
179.939
295.303
472.582
416.472
500.635
541.231
579.716
662.865
922.874
977.784
854.682
939.741
1104.29
1153.5
1332.3
1275.19
1290.27
1358.01
1553.72
1576.27
1596.65
1647.36
1682.83
1727.63
1768.3
1804.46
1842.73
1883.42
1956.49
2006.87
2058.25
1943.66
2067.04
2101.23
2199.28
2228.89
2265.57
2201.23
2283.29
2305.89
2335.3
2380.6
2410.25
2437.99
2459.03
2480.48
2519.83
2545.99
2536.59
2527.87
11.9061
10.4113
11.6053
11.3753
12.3362
11.7572
11.5146
12.2899
13.4691
13.6044
12.8362
12.8474
12.2466
12.6374
13.125
12.8939
13.0941
13.4289
14.4382
14.9778
15.8285
16.454
17.197
17.0845
17.2628
17.9312
19.1308
20.356
19.8878
20.4041
22.7503
22.174
22.7329
24.0898
26.1235
26.126
29.6554
33.0511
31.1237
35.4569
36.0092
36.8116
43.8374
68.5403
64.8631
69.6186
71.752
160.188
196.561
232.697
383.564
387.744
605.293
404.241
721.943
723.968
713.22
791.284
968.116
1053.17
970.882
1097.85
1128.74
1347.32
1253.23
1246.21
1367.79
1565.27
1594.85
1607.42
1657.88
1693.09
1737.56
1777.88
1813.86
1851.83
1892.2
1966.51
2016.63
2067.69
1956.63
2077.91
2111.85
2206.42
2235.92
2272.5
2211.33
2290.82
2313.26
2342.38
2385.52
2415.09
2442.71
2463.69
2485
2524.21
2550.26
2540.4
2534.26
11.2514
10.8874
11.0754
11.0236
11.6195
11.2625
11.9858
12.4944
12.6579
12.9468
12.5979
12.3733
13.0355
12.5632
13.1292
12.9205
13.3926
13.7484
14.2347
14.7196
15.3068
16.7436
17.1847
17.6353
17.0682
17.6883
17.9315
19.88
19.6341
20.7766
23.4108
23.2795
22.0492
23.5552
26.5861
26.292
28.8892
30.5534
34.655
34.592
41.6017
51.2261
50.7848
62.3675
61.2988
115.496
85.5448
103.223
140.392
394.353
202.41
293.158
357.054
343.532
669.56
741.88
703.175
1006.91
966.734
1064.73
987.215
1109.95
1142.16
1360.71
1274.26
1261.4
1378.79
1474.09
1601.47
1620.76
1670.71
1705.53
1749.64
1789.65
1825.29
1862.82
1902.83
1981.74
2031.25
2081.87
1967.42
2081.7
2115.49
2220.84
2249.96
2286.19
2214.43
2296.46
2318.82
2347.81
2392.85
2422.19
2449.6
2470.4
2491.48
2530.49
2556.41
2543.84
2539.38
10.8382
11.3773
10.7183
11.5
11.7965
12.1661
12.3735
12.4492
12.162
13.1165
12.9773
12.281
12.83
13.1965
13.3918
13.0642
13.6459
13.6585
14.6894
14.5805
14.4046
17.158
17.3737
17.2749
17.4384
19.2217
18.4782
20.2142
19.9256
21.16
22.7841
23.279
23.8688
22.3183
27.1552
26.6788
27.2385
28.3756
33.8188
35.1994
41.0738
48.3118
71.6672
51.6871
68.0337
88.0887
97.8668
267.945
183.527
220.244
277.791
295.058
385.076
604.593
433.654
780.454
591.558
888.96
994.727
948.908
1079.59
1147.28
1051.12
1203.05
1311.98
1370.41
1338.22
1532.78
1548.95
1423.12
1456.36
1658.05
1685.95
1796.42
1826.44
1839.13
1881.49
1977.57
2018.49
1958.74
2046.16
2082.47
2114.97
2130.47
2152
2192.07
2221.69
2247.87
2372.49
2333.4
2485.87
2510.2
2542.23
2476.2
2500.74
2531.68
2555.86
2576.66
2606.81
10.4644
11.0352
10.9669
11.1745
11.727
12.4238
11.7816
12.1982
12.7698
13.4686
12.482
12.0945
13.3464
12.887
13.5529
13.5123
14.4211
13.8149
13.9231
15.0954
14.2862
16.8636
17.8498
17.4669
17.9251
18.9275
20.2159
19.9345
20.2847
21.0298
22.2738
21.6658
23.6555
25.5746
27.783
28.0158
25.9312
32.8241
32.9211
35.8824
41.3985
46.565
53.7102
87.1132
98.0507
106.662
102.903
188.638
280.167
296.66
356.958
295.449
461.632
496.305
614.197
821.728
781.591
824.981
1090.15
917.62
1085.5
1254.85
1265.03
1243.24
1431.6
1431.92
1491.95
1543.33
1561.92
1437.13
1470.07
1665.34
1693.53
1810.6
1840.22
1845.8
1888.68
1984.93
2025.57
1969.74
2057.38
2093.49
2125.87
2140.4
2161.81
2201.7
2231.06
2257.1
2376.64
2341.87
2490.75
2514.96
2546.8
2481.33
2504.61
2535.46
2559.52
2580.24
2610.23
9.80802
10.3508
11.2813
11.0585
12.1552
12.0291
11.9327
12.0755
12.4976
12.7759
11.9932
12.7723
13.2308
12.8429
13.3652
14.0927
14.8685
14.1565
14.6243
13.9758
15.4
16.4375
17.3247
18.2655
17.5956
19.3968
19.53
21.2869
20.9613
22.8814
22.8619
22.7873
25.9891
26.0246
25.835
30.958
28.5096
32.3604
40.6758
37.6975
50.9183
51.5106
47.7429
53.6993
55.8908
106.163
88.0375
185.967
248.767
323.545
437.156
362.605
494.139
708.494
677.272
839.349
808.014
1053.38
1083.66
1053.97
1093.54
1068.24
1106.25
1158.01
1445.09
1443.89
1502.67
1551.09
1569.09
1450.7
1483.28
1633.2
1704.16
1778.13
1809.64
1861.52
1900.56
1995.09
2035.3
1979.81
2065.32
2101.22
2133.41
2149.53
2170.82
2210.48
2239.57
2265.42
2301.87
2348.62
2495.6
2519.74
2551.46
2487.89
2511.1
2541.81
2565.75
2586.36
2616.21
10.4104
10.6299
11.1113
11.4872
11.568
11.9457
11.9392
12.1235
13.5164
12.6876
11.504
12.2952
13.6892
13.1088
12.88
13.4913
14.2053
14.2846
14.8283
14.577
16.2513
17.2501
17.4933
18.3093
18.5878
19.0207
19.1163
19.7801
21.331
23.3706
21.9018
24.288
25.6696
26.4016
27.0113
27.7126
32.3772
31.7144
44.198
38.1834
49.87
51.9097
63.275
70.7391
89.393
112.843
166.479
254.68
176.557
257.873
446.546
458.226
438.202
591.837
691.109
728.395
854.496
1063.69
1020.7
938.286
1104.87
1200.55
1123.61
1173.44
1457.68
1457.49
1512.7
1517.44
1583.62
1464.27
1496.61
1649.92
1710.48
1787.77
1818.98
1874.71
1910.66
2004.77
2044.67
1987.84
2072.28
2108.01
2140.05
2156.65
2177.85
2217.3
2246.25
2271.93
2307.81
2354.43
2498.03
2522.09
2553.74
2496.12
2517.97
2548.53
2572.34
2592.8
2622.47
9.54068
10.2209
10.8083
11.3428
11.5547
11.9331
12.0322
12.1423
13.1251
12.233
12.0575
12.5
13.6661
13.3591
13.4569
13.4562
13.6734
13.5876
14.8561
15.0309
16.0973
16.924
17.4314
17.6159
18.9545
19.627
20.0343
20.0431
19.9162
21.7062
24.0174
23.0084
24.4445
29.1477
30.386
32.5251
32.0798
32.7706
34.6469
40.4305
45.4554
42.4938
60.2377
52.6759
89.4936
62.6419
127.534
303.979
204.694
276.109
439.616
393.344
549.957
604.445
686.944
718.386
818.306
919.548
961.629
1015.31
1157.98
1136.62
1213.66
1413.95
1470.49
1471.76
1522.25
1470.89
1525.6
1477.82
1509.77
1658.05
1819.58
1798.4
1829.34
1884.04
1916.94
2010.1
2049.83
1998.71
2080.38
2115.84
2147.7
2166.34
2187.42
2226.62
2255.35
2280.82
2312.56
2360.67
2506.44
2530.29
2561.69
2502.08
2523.86
2554.25
2577.87
2598.2
2627.71
11.2739
10.925
10.2895
11.6954
11.5718
12.8188
12.3365
12.2698
12.9037
12.3621
12.3987
12.5783
13.3645
13.8593
13.0548
13.6432
13.5789
14.5316
15.5674
15.7219
16.3438
17.5621
17.9157
18.5603
18.9661
18.7503
20.5943
20.4902
20.9175
23.6275
23.5222
24.0452
24.6544
26.2757
32.9225
35.6156
30.8086
33.962
41.5884
44.0917
42.075
48.9473
56.2993
58.0872
89.6019
127.775
225.625
327.218
279.64
420.45
419.369
581.775
583.977
677.486
800.133
851.147
1005.2
1164.64
946.898
1265.56
1309.44
1134.74
1237.77
1376.18
1394.04
1529.39
1599.88
1544.17
1568.78
1617.6
1668.13
1702.81
1771.76
1864.57
1969.29
2017.04
2051.37
1930.78
1936.47
2027.57
2078.12
2053.54
2086.08
2172.94
2193.89
2232.83
2261.36
2286.67
2318.65
2367.01
2512.28
2535.99
2567.27
2506.28
2526.75
2557.05
2580.54
2600.84
2630.3
10.8994
11.1474
10.5158
11.5771
11.4763
12.5528
11.9142
11.991
12.6169
12.6622
12.4297
12.5801
13.482
13.8156
13.9491
14.7246
14.4134
15.6539
15.896
15.3999
15.7507
17.8916
16.8677
18.7701
20.2893
18.7161
21.4286
23.0292
20.1138
24.5756
23.3693
23.7921
23.4344
28.7935
24.3839
31.7227
31.0748
31.8297
41.3656
46.5986
42.0015
48.3838
55.3339
66.093
93.712
113.122
164.135
275.28
270.253
352.244
529.69
505.091
531.573
678.334
783.973
909.899
964.934
998.089
1098.15
1126.76
1138.47
1136.17
1251.5
1308.55
1436.23
1543.92
1614.43
1574.25
1582.28
1630.63
1680.74
1715.06
1779.23
1873.86
1977.6
2025.23
2059.41
1938.36
1988.21
2041.61
2084.2
2103.91
2144.56
2179.07
2199.96
2238.72
2267.11
2292.33
2325.91
2371.71
2517.91
2541.47
2572.61
2510.49
2530.84
2561.01
2584.42
2604.62
2633.9
10.8839
11.1915
10.9835
11.758
11.1772
12.3819
12.6669
12.4116
12.8987
12.2194
12.622
12.5686
13.6529
14.3967
13.6326
14.8513
14.3248
14.902
15.6786
15.5415
16.239
16.5866
18.1604
20.4438
18.869
18.7634
20.2914
19.2134
19.6721
22.4575
23.8288
28.9279
22.7376
30.1731
29.5353
31.9733
30.5417
41.5693
35.6462
44.1995
49.2245
60.742
80.6897
74.8782
91.4226
131.878
360.692
282.635
242.061
318.771
439.856
483.256
593.647
713.554
785.456
834.006
897.237
829.159
1113.05
1130.92
1180.76
1155.29
1313.4
1320.37
1448.74
1558.44
1631.2
1593.03
1595.62
1643.67
1693.56
1727.57
1791.96
1803.34
1974.7
2013.57
2048.14
1949.65
2034.28
1987.85
2179.65
2078.6
2114.13
2190.28
2211
2249.48
2277.62
2302.64
2378.39
2380.15
2526.26
2549.68
2580.65
2522.83
2543.05
2573.01
2596.15
2616.16
2645.25
11.217
11.4194
11.484
11.4224
11.8617
12.5577
12.7895
11.9874
12.9168
13.5396
12.8922
12.91
13.2747
14.2608
13.662
14.7024
14.5388
14.8711
14.8786
15.2578
16.7704
17.2948
17.7724
20.0058
19.5915
20.7538
20.4313
21.5217
25.3056
23.4859
23.3686
27.6767
24.7619
27.3012
29.6021
30.2514
37.5067
40.4583
37.6896
53.6375
51.5779
51.8074
59.6757
78.7302
97.1189
259.107
166.968
467.297
355.148
421.38
462.825
612.408
623.538
720.392
865.324
831.805
1097.59
954.396
1130.39
1179.96
1137.77
1167.19
1318.24
1474.27
1414.57
1534.14
1644.57
1602.49
1606.46
1654.13
1705.02
1738.75
1804.69
1813.5
1981.64
2020.28
2054.78
1960.32
2041.9
2112.11
2187.25
2081.82
2117.29
2199.36
2219.95
2258.07
2285.98
2310.86
2387.93
2386.83
2530.37
2553.62
2584.47
2530.52
2549.86
2579.65
2602.64
2622.55
2651.45
10.3723
11.5678
11.7581
11.9941
11.859
12.7279
12.597
12.3689
12.6416
13.6377
12.6357
13.0207
13.607
13.9296
14.1846
14.0615
14.1286
15.235
15.1263
16.2973
16.8177
17.805
18.0932
19.9967
19.2227
20.8763
20.6143
20.4163
23.5204
21.9171
21.4443
25.8627
25.4079
28.2364
30.6251
32.1946
33.8632
38.1727
39.1091
41.4536
52.4142
72.8263
92.3397
70.1177
141.778
206.344
251.303
398.33
344.304
479.294
550.092
682.88
681.075
748.587
859.28
924.753
995.43
1073.55
1100.26
1281.4
1085.61
1236.34
1323.94
1389.3
1426.85
1550.02
1653.32
1568.98
1617.93
1665.42
1716.05
1749.57
1812.24
1825.18
1986.18
2024.62
2058.99
1967.29
2047.32
2120.83
2192.41
2089.39
2124.66
2279.21
2300.01
2334.45
2366.26
2286.93
2391.8
2398.14
2540.54
2563.66
2594.33
2536.72
2556.02
2585.73
2608.6
2628.47
2657.3
11.654
11.0897
11.8977
11.7472
12.6837
12.094
12.5638
12.4105
13.1161
12.7171
13.5751
13.1412
13.6355
13.3113
13.7716
14.4071
14.8085
14.6486
15.6046
17.1661
18.2862
16.6836
18.6556
19.9385
19.1118
21.2909
22.0179
22.0627
22.5729
25.0482
26.0265
28.6192
26.5083
27.0635
31.6422
35.1796
37.821
36.988
40.937
49.0914
44.6396
70.3514
69.9462
153.392
135.793
218.258
277.488
259.281
375.985
462.999
579.718
668.093
700.653
759.883
924.793
1076.49
1014.75
972.59
1078.36
1110.33
1302.66
1252.58
1341.1
1400.03
1443.35
1491.21
1662.19
1579.72
1628.5
1675.75
1529.18
1701.74
1887.72
1925.31
1997.53
2035.73
2069.96
1934.52
2026.53
2131.45
2053.46
2096.51
2131.59
2283.36
2304.1
2338.46
2370.2
2294.3
2394.48
2399.27
2547.31
2570.27
2600.76
2540.73
2562.44
2591.95
2614.71
2634.5
2663.2
11.5167
11.605
11.4238
12.796
12.0981
11.9795
12.6923
12.4702
12.8776
13.0709
12.682
13.1587
14.2949
13.5456
14.0812
14.5007
14.8832
15.7579
15.6762
15.9408
16.7522
16.804
18.9105
17.9307
21.1071
18.1247
22.0168
21.0325
22.413
25.3286
24.5994
25.9216
29.3511
29.587
30.0367
33.5951
38.024
43.0633
43.8038
61.6297
60.1332
64.7432
55.407
142.429
157.829
199.514
256.92
382.022
349.845
355.4
567.477
677.247
756.459
772.96
909.583
1091.33
908.36
987.506
1088.18
1118.75
1317.08
1262.75
1346.71
1411.49
1453.02
1501.27
1676.39
1588.42
1637
1684.05
1531.85
1709.74
1893.93
1931.41
2003.49
2041.49
2075.6
1938.86
2031.75
2138
2066.45
2098.99
2134.01
2290.2
2310.81
2344.98
2376.56
2304.55
2399.24
2407.87
2555.59
2578.35
2608.64
2546.55
2568.19
2597.51
2620.18
2639.9
2668.51
11.192
11.3023
12.1941
12.3186
12.238
12.2377
12.6814
12.5929
12.9684
13.3812
12.8638
13.976
14.7952
13.849
14.6769
15.1102
15.4509
16.0289
15.5866
16.6542
17.6695
17.4576
18.0041
18.3434
20.3502
20.1187
20.4356
21.4835
22.6677
25.9883
25.9182
27.8874
25.4409
31.5155
29.7028
34.7566
37.3473
40.7396
46.9298
46.8826
61.6139
89.4989
100.173
83.8715
120.521
135.098
206.603
279.159
416.494
377.853
641.514
672.725
662.748
772.004
912.893
959.925
948.433
1062.18
1036.37
1120.77
1204.69
1309.03
1115.42
1232.18
1332.13
1500.78
1667.8
1524.92
1715.52
1780.54
1819.45
1848.77
1797.7
1843.92
1832.56
1810.88
1848.58
1891.65
2009.13
2060.11
2093.65
2258.05
2284.51
2314.32
2281.33
2316.63
2327.58
2452.88
2383.37
2427.29
2468.32
2489.58
2514.1
2621
2648.96
2675.02
2561.97
2578.38
2648.67
11.9823
12.4119
12.1454
12.2549
12.7178
12.5248
12.9402
13.0246
13.0487
13.5459
12.5913
13.0881
14.3166
13.4648
13.953
15.4274
15.7348
15.8159
14.9836
16.3526
16.8527
17.7969
18.7098
19.2135
19.7462
20.6592
20.0705
23.2463
25.1061
23.4723
27.3862
26.0618
26.2138
32.8538
33.8333
36.5513
34.4775
53.776
38.1835
47.6201
51.4856
76.7116
94.2395
95.1194
174.558
198.456
241.37
349.994
516.489
483.652
688.718
574.026
801.652
835.343
934.341
840.772
960.174
999.697
1050.59
1129.03
1212.45
1326.92
1356.26
1245.58
1476.55
1506.3
1681.72
1535.34
1730.3
1789.85
1824.4
1853.48
1806.55
1852.56
1840.03
1819.17
1856.75
1899.61
2018.95
2065.04
2098.47
2263.89
2290.22
2319.76
2284.96
2320.22
2291.02
2456.64
2391.71
2435.57
2475.74
2496.92
2521.29
2630.85
2658.65
2684.47
2564.42
2580.78
2652.18
12.1255
12.5053
12.0242
11.8567
12.1074
12.5727
12.3057
13.5337
13.1137
13.4716
12.782
13.2191
13.5288
14.5152
14.7073
15.9871
15.408
15.7773
15.5409
16.6174
17.0194
17.5931
18.2487
18.4537
19.9402
21.508
21.1012
22.3327
24.3739
23.8003
25.8724
27.8923
26.5986
31.9246
33.2991
37.5794
40.7462
40.5814
56.303
54.1666
63.0646
53.3197
74.1706
93.1236
188.886
225.755
303.66
246.33
549.019
528.317
558.737
692.434
754.838
767.478
969.588
936.947
1128.11
1034.92
1190.6
1161.52
1142.92
1331.66
1222.73
1256.94
1484.5
1515.36
1693.7
1547.17
1741.74
1800.43
1837.23
1866.09
1819.05
1864.77
1797.81
1827.12
1864.49
1906.83
2023.7
2073.84
2107.1
2271.81
2297.98
2327.28
2290.94
2326.01
2300.62
2463.92
2396.99
2441.17
2481.16
2502.29
2526.6
2637.22
2664.91
2690.6
2568.96
2585.25
2656.01
11.9751
12.3986
12.4367
11.8451
12.3637
12.5024
13.3021
12.5622
12.8972
13.9307
13.4092
13.9523
14.2454
14.4534
14.8507
16.4209
16.6556
17.4138
16.0948
17.0679
16.9957
18.5715
17.7894
19.9004
20.4835
21.9101
24.2414
22.2861
24.8493
23.6412
25.0429
27.0631
31.5172
33.4863
30.827
32.9118
37.1568
43.8663
52.0765
53.2482
80.4282
62.4726
123.874
90.0449
103.348
199.524
308.776
365.428
705.809
587.581
696.672
640.564
764.941
792.485
866.593
1015.08
1148.02
1197
1088.45
1226.79
1186.8
1345.18
1288.44
1427.34
1476.56
1528.85
1702.71
1555.66
1750.63
1805.49
1841.06
1869.8
1827.14
1872.72
1806.61
1835.15
1872.36
1914.43
2029.19
2084.12
2117
2278.31
2304.37
2333.5
2297.98
2332.88
2310.3
2467.78
2401.21
2447.47
2490.43
2511.42
2535.6
2643.66
2671.15
2696.64
2573.46
2589.63
2665.36
11.7181
12.2317
12.5432
11.825
12.5822
12.8811
13.0792
13.6434
12.7907
14.3291
12.9439
13.662
14.4402
14.9953
14.6325
16.2068
15.5997
17.2499
15.5108
16.8783
18.1569
18.2094
19.3885
18.084
21.5855
22.3298
22.0135
23.4625
26.3277
25.7036
27.2014
27.798
27.0345
36.0556
35.4471
41.9794
40.5592
36.9284
52.5993
45.3131
73.4075
65.4649
93.2998
160.566
182.96
224.894
214.1
612.06
556.172
619.776
659.46
873.735
776.726
946.422
888.368
935.313
1039.42
1130.08
1163.96
1311.14
1366.8
1373.02
1507.53
1414.24
1539.46
1509.42
1615.43
1783.04
1753.83
1673.05
1872.05
1904.57
1938.02
1918.4
1926.41
1989.66
2022.33
2092.95
2138.2
2199.08
2255.37
2235.83
2224.83
2237.14
2267.41
2296.88
2324.02
2486.15
2512.49
2536.35
2557.56
2588.2
2610.39
2639.13
2666.86
2689.34
2714.58
2733.11
2757.85
11.308
11.8297
12.196
11.6442
12.2567
13.5609
13.1753
14.5887
13.1714
13.3709
13.1877
13.7877
14.7101
15.2184
14.5
15.403
15.7685
16.8608
15.1006
17.0966
17.1282
17.8566
18.2941
18.9279
20.4683
24.6187
23.1278
24.8925
23.5606
24.0079
27.4622
31.9541
32.4467
35.386
32.229
44.5519
45.1058
62.1584
65.333
97.4269
104.992
85.182
238.166
136.503
255.782
386.613
319.092
389.045
483.161
686.638
764.063
856.102
672.277
835.387
914.408
1158.12
970.233
1204.43
1284.14
1304.01
1348.54
1408.16
1533.38
1591.21
1589.85
1558.77
1627.71
1615.63
1659.2
1705.88
1746.49
1782.83
1949.67
1984.92
1942
2033.12
2076.28
2116.12
2104.46
2136.64
2172.16
2328.21
2355.97
2281.86
2307.15
2337.55
2366.99
2401.97
2424.92
2451.44
2478.18
2507.8
2531.42
2557.76
2583.03
2609.7
2636.67
2654.72
2681.14
11.899
12.1331
11.7584
11.3745
11.7374
12.3991
13.5297
14.2776
13.4779
14.0713
13.1496
13.5
14.1601
15.0459
15.3339
15.906
15.613
16.1242
15.9882
17.0498
17.0515
19.4765
19.2995
20.981
20.6966
21.519
22.4226
23.6431
25.4779
25.1149
26.522
29.4153
29.4708
35.7639
37.9148
33.48
39.1552
45.9659
62.3903
62.0059
87.757
115.099
104.89
143.919
415.379
415.745
519.234
494.182
662.269
580.56
679.907
708.743
740.169
855.149
919.406
974.608
991.4
1063.83
1304.46
1318.56
1362.93
1415.6
1543.07
1600.5
1600.12
1570.69
1521.38
1566.37
1678.59
1718.44
1758.76
1794.91
1816.37
2105.75
1968.47
2045.01
2087.89
2127.42
2115.27
2147.15
2182.34
2337.21
2364.78
2288.21
2313.43
2343.75
2373.11
2404.25
2427.16
2453.62
2480.32
2509.86
2533.35
2559.64
2584.86
2611.46
2638.39
2656.43
2682.79
11.5405
11.6328
11.8302
11.8896
11.3318
12.7011
12.4073
13.4232
14.008
13.8365
13.6944
14.2909
14.5226
14.8572
14.163
15.5952
16.3542
16.0453
16.6028
17.0525
17.6021
20.242
21.0724
18.4918
20.5691
22.9996
22.7736
24.6568
22.9354
27.3853
30.8507
31.676
32.2652
30.9089
38.4794
36.0798
38.9799
55.4653
63.4952
71.134
177.071
182.014
159.505
238.425
257.825
335.073
413.18
495.573
506.413
622.372
717.383
785.762
718.972
960.587
1028.94
1226.76
1115.92
1298.62
1331.44
1307.11
1378.95
1426.19
1559.47
1616.53
1618.9
1589.53
1534.36
1578.94
1648.44
1706.28
1744.2
1819.87
2043.26
2120.44
1975.12
2061.22
2103.65
2142.77
2116.97
2148.76
2183.88
2349.78
2377
2299.29
2324.34
2354.41
2383.55
2414.64
2437.44
2463.64
2490.12
2519.38
2542.75
2568.78
2593.83
2620.23
2646.96
2664.83
2690.91
11.8706
12.1959
11.8611
12.0725
12.0366
12.6863
13.8982
13.2065
13.6014
13.5425
14.1394
14.2479
15.1024
14.7155
15.6414
15.0942
15.9569
15.4784
16.4783
16.6744
17.9461
19.0455
18.4047
20.0803
22.241
24.3195
23.0401
24.756
27.0132
26.2375
28.9574
33.7897
33.4702
34.459
34.5454
44.2453
53.0401
52.5392
56.8411
82.447
137.797
121.798
100.422
132.728
279.101
303.094
442.976
568.14
512.002
661.734
661.299
748.995
855.698
844.378
1039.47
1240.33
1097.8
1315.02
1343.17
1423.91
1328.53
1439.47
1569.32
1626.07
1628.17
1598.68
1544.61
1588.91
1661.61
1716.35
1753.99
1827.73
2047.5
2130.17
1983.56
2072.48
2114.57
2153.4
2124.35
2156.04
2190.97
2358.12
2385.14
2304.64
2329.53
2359.48
2388.43
2422.08
2444.64
2470.57
2496.88
2525.95
2549.22
2574.97
2599.84
2626.08
2652.6
2670.26
2696.11
11.9417
12.1009
12.054
12.2772
12.1148
12.8949
13.9834
13.6262
13.4696
14.085
13.4278
14.6235
15.2707
15.4167
15.2785
16.1855
17.3381
16.5398
17.3381
17.321
18.2011
18.7995
20.039
20.7765
21.6773
22.3876
24.2146
24.7553
26.9842
25.4961
28.4265
31.2361
31.6628
34.2408
34.5274
46.3309
47.5021
55.57
50.7545
94.7653
93.1181
206.613
243.733
169.456
319.369
476.083
429.692
433.489
545.637
734.182
693.732
715.349
782.442
1013.99
1052.38
1254.83
1151.54
1325.35
1360.21
1431.71
1304.57
1450.02
1581.73
1638.28
1640.31
1611.16
1559.1
1603.02
1664.66
1721.24
1758.73
1836.02
2060.33
2139.2
1993.12
2077.77
2119.71
2158.35
2133.36
2164.84
2199.52
2363.67
2390.59
2304.69
2329.82
2360.34
2386.37
2472.58
2495.83
2518.17
2486.19
2514.32
2545.08
2569.56
2595.35
2622.75
2647.92
2666.75
2693.77
12.1746
12.8933
12.5929
12.7696
12.6569
13.2892
13.3376
13.6491
13.895
13.9705
13.4606
14.6927
15.5194
15.3937
16.5192
15.7914
17.8303
18.0511
17.302
17.3874
18.352
19.1005
19.0817
21.6252
21.5967
22.6129
25.2205
24.1546
26.2162
26.584
31.5416
29.9192
31.5456
31.1498
33.2456
42.3405
48.6866
58.5407
51.9781
71.0128
212.529
153.743
133.227
243.907
265.655
470.802
477.45
483.258
626.066
768.562
807.071
852.619
910.587
1025.17
1052.06
1273.5
1167.54
1343.07
1372.19
1322.68
1243.02
1463.18
1597.01
1652.99
1650.56
1626.1
1573.73
1617.26
1673.66
1734.48
1771.66
1843.44
2073.04
2150.66
2002.62
2088.77
2130.42
2168.86
2139.73
2171.01
2205.44
2372.02
2398.78
2312.07
2337.09
2367.45
2393.29
2478.97
2502.07
2524.34
2491.15
2519.14
2551.44
2575.81
2601.54
2628.79
2653.89
2672.61
2699.51
11.8534
12.5658
12.9246
12.7102
12.8651
13.1779
12.6913
13.9298
14.4323
13.8211
14.2399
14.294
15.0019
15.0294
16.3756
15.547
17.2347
15.8781
17.2641
18.0912
18.5634
19.7
19.6285
21.7146
21.5066
22.6714
24.2405
25.72
27.9859
25.3804
31.1214
31.2427
29.9812
35.225
39.553
40.7158
41.1228
63.3552
87.0043
105.177
220.834
169.503
278.739
175.572
422.822
346.543
506.622
581.926
551.459
685.091
673.855
741.035
898.043
935.382
1026.79
1154.9
1219.4
1351.36
1272.93
1334.16
1255.89
1478.38
1608.13
1663.8
1658.14
1636.3
1580.73
1624.14
1678.92
1736.18
1773.31
1848.62
2082.18
2159.02
2011.53
2091.82
2133.38
2171.75
2151.77
2182.79
2217
2374.59
2401.26
2320.04
2344.91
2375.16
2400.82
2486.47
2509.44
2531.59
2498.2
2526.04
2553.7
2578.03
2603.68
2630.89
2655.95
2674.64
2701.47
12.0656
13.2005
12.7643
12.6267
12.5942
13.3882
12.6793
13.4115
14.6515
13.8513
13.415
14.406
14.9042
15.6402
15.4184
16.3826
16.8642
17.3273
17.1303
19.1585
18.3462
21.521
19.5315
21.1399
26.1002
21.935
24.8625
25.5893
26.4549
29.6385
29.1234
29.1072
34.6723
36.9627
35.4672
41.7711
53.1104
72.9597
54.0469
127.99
96.493
120.297
168.939
185.13
358.882
457.677
428.691
539.635
691.702
663.869
906.797
751.069
940.434
994.592
1057
1090.21
1156.31
1167.61
1288.34
1339.53
1272.49
1490.86
1619.48
1674.59
1667.74
1648.72
1591.89
1635.02
1689.57
1745.85
1782.65
1909.69
2091.66
2165.41
2017.3
2098.62
2139.96
2178.18
2157.59
2188.48
2222.55
2248.39
2282.92
2326.13
2350.94
2381.08
2406.65
2492.77
2515.6
2537.62
2510.95
2538.49
2559.97
2584.11
2609.63
2636.74
2661.67
2680.22
2706.94
13.018
13.4104
12.5758
12.391
12.7884
12.794
13.1362
13.5605
15.0811
14.2327
13.9829
15.1257
15.4697
16.0751
15.2109
16.0187
16.9671
17.848
17.7159
17.1821
18.9984
20.1706
20.3264
20.825
23.5047
23.4043
26.3088
24.3715
25.963
26.5791
30.3309
35.6164
43.3428
37.42
44.4433
45.1958
49.508
63.6359
82.0155
109.451
149.265
163.01
289.178
421.199
485.455
358.113
511.64
498.851
721.585
818.825
786.578
754.473
869.11
1009.73
1075.34
1215.06
1221.87
1240.84
1480.31
1490.75
1293
1356.87
1629.55
1684.32
1678.51
1658.54
1725.86
1770.73
1702.25
1754.59
1791.2
1914.45
2097.59
2173.26
2022.43
2138.76
2171.03
2211.58
2245.85
2278.87
2394.42
2255.9
2290.26
2329.72
2354.47
2384.43
2409.89
2498.61
2521.35
2543.24
2522.14
2549.53
2568.89
2592.9
2618.3
2645.26
2670.06
2688.42
2714.96
12.7979
12.5204
12.7549
11.9403
12.8635
12.5132
13.2417
13.7692
14.845
14.1076
15.4098
14.3715
16.046
16.2934
15.5711
16.6349
17.7013
16.9574
17.6126
18.0939
19.2154
20.0952
19.4788
22.2771
23.2534
24.9474
24.7927
25.703
29.8664
29.631
28.2115
34.5204
36.1103
43.2095
42.1858
39.9627
52.9126
64.2575
68.1696
116.65
180.099
127.69
146.986
313.164
443.125
454.496
688.563
610.356
654.465
771.801
761.913
768.788
810.569
859.678
1164.07
1118.87
1239.3
1255.49
1490.53
1501.72
1392
1425.1
1477.78
1553.68
1614.01
1723.03
1909.97
1751.27
1797.03
1844.16
1876.28
1910.54
2111.85
2180.56
2035.34
2147.34
2179.42
2219.76
2253.84
2286.63
2400.43
2380.68
2402.17
2341.83
2366.45
2396.12
2421.39
2506.95
2529.58
2551.28
2535.05
2562.28
2577.44
2601.27
2626.47
2653.29
2677.91
2696.16
2722.53
12.2721
11.9912
12.9708
12.6267
12.2495
12.8831
14.5051
14.0122
14.4785
13.7469
15.0254
14.5846
15.8139
15.5052
15.6452
17.6458
18.309
17.8297
18.5764
18.3328
19.9087
19.796
21.2309
23.3327
23.1141
22.633
24.0096
27.401
31.4443
30.8203
32.5716
32.4663
39.14
40.5287
35.6988
50.6963
49.6568
57.8451
75.7865
109.918
131.535
165.951
234.56
237.43
397.582
350.839
574.063
526.429
729.616
870.524
811.58
936.721
902.956
867.746
1075.54
1094.03
1247.83
1265.91
1503.01
1516.36
1404.43
1435.6
1487.9
1567.02
1703.6
1728.42
1920
1698.7
1759.59
1768.62
1807.41
1938.97
2120.3
2188.64
2038.61
2158.11
2189.91
2229.95
2263.77
2296.3
2406.32
2384.98
2406.34
2344.5
2369.07
2398.69
2423.94
2510.77
2533.34
2554.95
2540.56
2567.64
2583.7
2607.37
2632.47
2659.19
2683.73
2701.87
2728.13
12.8865
12.7682
12.9119
12.8924
11.88
12.2962
13.8503
14.1172
14.1537
14.1431
14.9542
15.2465
15.6249
15.8501
16.2826
16.6755
17.2901
17.9907
17.6536
19.19
19.7308
19.6303
21.2074
23.1057
23.7981
22.9469
24.5466
26.0548
33.2281
28.2498
33.3001
37.0615
35.7024
40.3246
44.9739
39.6541
59.9347
80.0167
106.2
99.7407
121.542
196.64
323.149
496.515
495.206
544.859
628.76
729.081
810.444
873.693
918.899
1083.85
954.888
999.296
1112.87
1080.64
1268.58
1282.3
1509.37
1522.14
1420.46
1444.35
1496.35
1581.44
1712.73
1736.49
1929.18
1710.45
1767.82
1773.38
1811.99
1948.8
2132.11
2196.45
2047.75
2161.34
2193.03
2232.91
2266.59
2299
2408.82
2392.54
2413.69
2455.57
2475.78
2503.86
2524.2
2548.57
2575.58
2594.42
2624.91
2646.15
2662.01
2692.5
2721.57
2745.65
2766.79
2779.36
2805.12
12.7383
12.4565
13.5384
12.9827
12.8545
12.6059
13.2585
14.1388
14.2492
15.0395
15.1814
14.3592
14.6136
16.4198
16.5436
17.2604
18.4162
17.8354
18.9135
20.4164
19.3903
19.8587
21.9338
23.5861
22.3528
24.3464
23.8823
28.4514
26.1732
30.53
32.7605
35.9062
39.4469
43.5508
44.971
52.0329
75.4784
81.2082
103.75
146.529
147.122
273.582
265.85
439.862
671.672
466.534
570.618
824.139
782.337
870.685
899.351
894.667
1227.25
1055.88
1082.74
1154.76
1279.15
1299.88
1427.5
1527.48
1428.13
1456.59
1508.25
1588.26
1628.41
1742.15
1935.76
1717.02
1776.49
1782.94
1821.34
1959.29
2139.32
2202.06
2058.31
2166.9
2198.45
2238.16
2271.66
2303.95
2413.31
2398.86
2419.95
2461.47
2481.59
2509.62
2529.92
2554.2
2581.09
2599.86
2630.22
2651.38
2667.13
2697.53
2726.51
2750.5
2771.51
2784.06
2809.75
13.225
12.8989
13.5546
13.6014
12.9622
13.4156
13.3403
14.3261
13.9159
14.7593
14.8674
14.8732
14.5378
17.0239
15.6903
16.8791
18.0105
16.4827
18.4791
19.9394
20.641
20.5021
21.1624
23.7609
23.2895
27.0113
25.4867
27.3555
26.8765
29.5841
38.5627
29.8334
37.1944
45.9295
57.907
55.0345
59.6621
63.1393
102.744
114.994
229.264
282.807
290.392
305.583
433.931
417.841
532.142
789.517
766.025
890.718
959.762
884.078
1236.02
1067.16
1097.9
1160.81
1294.95
1314.97
1438.57
1539.25
1450.1
1469.83
1521.08
1600.38
1633.81
1744.46
1945.32
1833.78
1787.99
1796.6
1834.66
1971.29
1976.37
2209.66
2067.18
2168.8
2200.26
2239.88
2273.28
2305.44
2419.36
2401.93
2422.97
2468.76
2488.75
2516.67
2536.85
2561.02
2587.82
2606.43
2636.64
2657.73
2673.4
2703.69
2732.54
2756.45
2777.37
2789.87
2815.47
12.907
12.7251
14.1771
12.999
13.4794
14.1201
14.0529
14.1547
14.9664
14.473
15.2097
14.1249
16.0044
17.4421
16.4305
17.4897
18.3492
18.0322
17.997
18.5983
20.7377
20.8514
22.4951
22.2734
21.1883
23.6918
25.8034
27.559
30.2076
32.4
33.9501
37.4685
39.7362
57.3343
67.3371
62.4564
64.0893
70.3759
79.2218
157.083
209.092
272.914
432.968
358.094
539.225
401.081
689.919
879.741
920.837
913.586
883.551
984.603
1246.52
1008.07
1099.54
1176.23
1277.55
1330.79
1410.18
1551.35
1469.69
1486.83
1537.66
1618.72
1715.15
1764.24
1748.23
1854.03
1806.68
1814.17
1851.96
1989.87
1960.08
2035.88
2079.75
2184.94
2216.03
2255.17
2288.28
2320.16
2431.15
2407.97
2428.89
2473.52
2493.45
2521.3
2541.4
2565.51
2592.23
2610.74
2640.86
2661.89
2677.51
2707.73
2736.49
2760.31
2781.17
2793.65
2819.18
12.9864
13.0728
13.5124
13.5948
13.4847
14.1138
14.2914
14.0715
14.8278
14.5857
14.9765
15.1241
15.8597
16.2153
17.2814
17.7923
19.2234
18.1177
18.9274
19.221
20.7811
20.9592
21.5345
22.2137
22.7109
23.8168
24.7866
31.3555
30.4336
32.6318
31.1849
37.8052
43.6551
44.5844
49.7645
79.7918
64.2983
106.156
166.857
180.294
230.972
320.044
410.795
367.253
565.541
568.93
658.486
695.552
714.61
769.691
938.077
935.718
1086.03
1114.44
1128.1
1303.12
1337.37
1411.94
1426.13
1481.48
1523.41
1622.23
1582.79
1599.68
1740.15
1666.72
1755.69
1909.97
1950.38
1876.58
1905.34
2075.43
1987.4
2054.3
2230.8
1977.6
2214.62
2182.69
2223.77
2274.29
2234.88
2402.85
2427.62
2484.85
2504.63
2532.3
2552.25
2576.2
2602.76
2621.12
2651.07
2671.92
2687.43
2717.45
2746.04
2769.72
2790.38
2802.78
2828.16
12.2884
13.2863
13.333
13.6158
13.6714
14.6011
13.603
14.0052
15.4519
14.632
15.5483
15.7496
15.4499
16.6195
16.3326
17.0602
18.1182
17.1513
19.0479
18.4693
20.2433
22.3179
21.6753
22.8128
23.6576
23.5767
26.0071
27.63
28.9726
34.6201
31.3722
36.1419
38.4402
42.2956
52.3148
63.8799
63.0193
185.312
101.424
133.942
267.76
335.801
448.746
521.514
450.276
605.627
521.345
728.223
794.166
943.203
971.833
1080.89
991.191
1127.86
1140.18
1309.64
1348.24
1422.4
1435.99
1491.04
1533.95
1635.11
1591.43
1608.47
1747.58
1674.07
1765.82
1917.99
1958.15
1881.91
1910.55
2081.04
1994.19
2060.61
2235.97
1985.24
2220.81
2189.38
2230.37
2280.7
2242.27
2409.12
2433.78
2490.77
2510.38
2537.95
2557.83
2581.67
2608.06
2626.33
2656.04
2676.82
2692.28
2722.12
2750.6
2774.15
2794.74
2807.04
2832.28
12.5125
13.2588
13.8117
13.8753
13.7336
14.6496
14.1727
14.3265
14.2373
14.4443
14.9784
16.3519
15.2146
14.8926
16.3554
17.5832
17.0794
19.4156
19.8975
19.5757
20.3638
22.6622
23.7302
25.8266
22.7269
25.1424
28.8981
29.0155
30.8469
31.6076
33.8786
33.626
37.7502
52.9419
39.1812
50.4875
65.9786
102.769
141.838
141.803
133.539
302.875
413.574
362.319
626.986
644.978
515.32
738.7
757.522
891.665
982.186
1007.11
993.313
1143.39
1106.68
1321.49
1366.08
1432.8
1450.8
1505.35
1538.24
1609.99
1700.13
1622.7
1611.3
1797.96
1802.24
1834.91
1880.63
1893.52
1921.86
2093.13
2001.91
2065.93
2242.26
1995.24
2229.03
2196.91
2237.78
2287.84
2250.9
2413.47
2438.05
2494.87
2514.38
2541.84
2561.63
2585.41
2611.67
2629.83
2659.46
2680.16
2695.56
2725.28
2753.68
2777.15
2797.68
2809.93
2835.09
12.5087
12.7308
13.9767
13.6274
14.5195
13.9148
14.8046
14.961
14.5882
14.8811
14.6706
15.2867
15.5943
15.026
16.3716
17.0201
19.9121
19.9966
17.8487
20.8139
21.3842
22.3536
22.2247
24.5996
24.2007
27.1146
25.73
30.3615
34.6242
32.3779
39.6097
39.1009
45.2287
50.5038
63.8176
58.7295
64.5053
82.9629
185.73
144.602
194.838
336.42
335.876
459.659
635.324
689.102
569.444
711.434
781.689
911.588
932.097
1022.92
1004.78
1149.48
1113.49
1329.77
1378.98
1460.08
1466.62
1520.88
1679.95
1632.32
1556
1694.52
1687.61
1805.3
1790.85
2039.96
2075.12
2116.5
2154.63
1947.58
2008.67
2070.68
2252.23
2005.58
2233.14
2204.92
2245.55
2295.25
2254.7
2420.92
2445.36
2502.08
2521.47
2548.8
2568.5
2592.2
2618.3
2636.38
2665.9
2686.52
2701.85
2731.43
2759.76
2783.14
2803.59
2815.77
2840.83
12.5178
12.685
13.5048
13.8655
13.9395
14.2392
14.2093
14.5231
14.7177
14.9208
14.261
15.4884
16.0524
15.0362
16.5553
18.1084
18.5268
20.2208
18.4402
20.7204
21.809
22.4636
24.0959
23.5321
24.2421
26.3074
26.3011
27.3693
29.3945
30.5965
34.5103
48.3005
44.443
46.7663
57.0759
66.9967
94.8361
103.841
218.468
169.745
350.415
342.841
548.721
442.261
545.307
723.028
749.414
866.051
850.592
1138.47
987.85
1121.84
1022.72
1241.87
1202.33
1269.61
1383.84
1438.26
1490.56
1544.29
1686.79
1639.51
1677.95
1724.59
1765.98
1814.69
1748.98
1907.99
1952.94
1992.89
2027.52
2001.84
2018.79
2084.93
2258.72
2016.71
2241.82
2210.24
2250.69
2300.13
2264.95
2427.82
2452.06
2509.87
2529.07
2556.21
2575.78
2599.34
2625.24
2643.22
2672.56
2693.04
2708.27
2737.68
2765.86
2789.11
2809.47
2821.53
2846.44
12.7257
13.1573
13.8036
13.0554
14.3803
14.5992
14.0836
15.0514
14.5139
15.7091
14.7374
16.8898
16.6381
16.4476
18.3777
17.7122
18.2722
18.1109
18.2344
21.8282
19.4837
21.2577
23.6894
24.8127
23.4628
29.2576
26.404
30.4603
31.2137
37.1875
43.3802
39.5118
36.542
44.5664
50.2936
73.2151
93.6754
130.049
141.034
203.084
369.344
230.347
386.877
549.027
737.775
609.184
682.735
787.52
933.977
1008.25
1034.05
1321.64
1174.54
1119.97
1222.96
1218.8
1283.78
1447.28
1489.59
1521.14
1700.21
1662.6
1705.96
1754.09
1810.71
1830.11
1889.36
1924.31
1968.85
2008.51
2042.81
2008.1
2032.19
2098.61
2269.64
2153.48
2174.2
2169.8
2199.71
2233.41
2272.12
2438.33
2462.35
2519.95
2538.95
2565.93
2585.42
2608.88
2634.64
2652.51
2681.69
2701.96
2717.12
2746.31
2774.38
2797.49
2817.7
2829.67
2854.5
13.1557
13.1332
13.5831
13.6826
14.0844
14.4554
14.4093
14.6447
13.9633
15.3772
15.1792
16.0513
16.1237
17.0568
18.8786
17.3245
17.9478
18.4562
17.9025
21.1087
21.6399
22.6578
24.6115
24.3196
26.631
24.5035
26.5129
29.7276
34.3261
34.2776
39.8132
41.9781
42.0776
58.0982
70.5879
62.7511
99.5504
137.377
226.506
163.4
306.161
318.585
447.714
537.219
655.948
673.012
792.559
681.471
944.527
1165.66
1016.85
1328.56
1186.8
1136.22
1237.08
1229.38
1361.38
1450.89
1493.07
1531.46
1708.05
1670.42
1715.96
1763.84
1816.85
1840.07
1894.94
1929.77
1974.08
2013.52
2047.67
2013.74
2050.74
2159.79
2186.33
2161.48
2184.23
2175.68
2205.52
2239.14
2277.72
2443.36
2467.29
2524.72
2543.64
2570.57
2590
2613.41
2639.09
2656.88
2685.99
2706.15
2721.29
2750.38
2778.35
2801.37
2821.54
2833.44
2858.22
13.0774
12.8393
13.1761
13.7494
14.7823
14.1635
13.9861
15.0996
15.0557
15.2488
15.1335
16.1879
16.3169
15.7605
17.2294
17.1134
18.139
18.3635
19.1942
19.8791
23.132
22.8765
23.2221
27.56
24.4062
29.7933
27.3292
30.9992
33.5554
39.9168
42.343
44.2317
56.7145
53.8163
75.7552
97.0495
89.7976
153.72
328.712
259.458
573.863
399.86
457.805
550.407
595.26
852.252
806.715
871.824
858.265
868.328
1124.45
1069.47
1187.07
1151
1364.58
1348.38
1527.31
1495.98
1434.87
1543.21
1721.37
1736.96
1771.39
1816.32
1853.63
1849.13
1905.79
1940.42
1984.4
2023.47
2057.39
2018.65
2064.38
2169.13
2195.43
2172.44
2191.45
2182.6
2212.28
2245.69
2284.04
2448.79
2472.62
2529.83
2548.66
2575.49
2594.84
2618.15
2643.7
2661.39
2690.32
2710.41
2725.48
2754.37
2782.24
2805.17
2825.23
2837.08
2861.75
13.8034
12.7903
13.1134
14.2375
15.4642
14.3097
14.4986
15.0364
15.4772
15.5249
16.011
15.8855
17.0378
17.0411
18.445
17.0839
18.7755
20.2312
18.7649
20.6416
22.861
25.2493
24.3605
24.7966
25.029
31.0175
30.8169
33.2891
29.6058
37.4658
34.7911
43.0371
70.0984
71.7361
62.9012
73.8463
99.4377
144.297
215.023
294.658
555.324
337.274
387.085
723.156
666.772
719.073
814.414
866.908
982.901
917.636
1096.09
1082.13
1241.75
1161.17
1376.18
1486.43
1393.45
1502.81
1539.23
1553.43
1729.44
1745.35
1779.61
1824.31
1861.42
1856.27
1913.56
1948.02
1991.77
2030.58
2064.31
2033.81
2036.31
2234.92
2261.26
2164.76
2197.73
2190.25
2219.73
2252.92
2290.81
2453.91
2477.63
2457.26
2442.97
2539.18
2564.91
2584.87
2604.85
2625.2
2650.98
2673.45
2694.22
2649.09
2667.75
2697.42
2724.99
2820.69
2845.34
13.2176
12.6087
13.6559
13.62
13.6454
14.4567
14.2647
14.611
15.3422
17.0613
15.57
17.0051
17.4426
17.6668
17.6052
17.5728
18.4986
19.4033
21.3067
19.7619
22.231
22.5099
24.6676
25.2004
27.3722
30.2644
28.616
32.5327
33.8152
45.5742
43.2269
41.0587
50.8774
57.3593
64.5391
137.164
77.3693
259.208
194.38
325.327
392.064
471.893
590.751
543.085
676.147
697.425
782.526
878.037
890.03
930.822
1105.82
1098.72
1204.28
1279.29
1386.33
1497.33
1410.34
1418.41
1548.5
1562.79
1742.08
1758.09
1791.98
1836.21
1873.02
1871.74
1926.91
1961.18
2004.63
2043.2
2076.77
1987.76
2047.78
2240.65
2266.82
2178.41
2208.77
2200.97
2230.29
2263.18
2300.86
2460.09
2483.7
2464.97
2450.03
2547.89
2573.47
2593.29
2613.13
2633.39
2659.01
2681.3
2701.98
2656.16
2674.75
2704.19
2731.64
2825.07
2849.58
13.2632
12.9963
13.6089
14.155
13.9423
13.5797
14.6126
15.7071
15.6362
16.0494
16.8139
16.8353
17.167
16.5763
18.085
19.008
17.1886
19.4668
20.3437
19.6246
21.7366
25.3188
24.2428
25.0487
28.7638
32.2395
28.485
35.8991
41.4904
39.1824
34.0461
48.7815
57.0237
62.9708
74.8621
131.668
142.256
183.103
260.763
367.675
280.381
469.528
488.496
592.784
739.842
709.603
853.792
893.868
933.542
946.482
1122.16
1015.78
1272.21
1163
1403.17
1516
1423.92
1429.16
1558.4
1578.9
1664.06
1771.82
1805.29
1849.01
1885.57
1880.43
1938.58
1972.59
2015.69
2053.93
2087.25
2000.62
2053.43
2248.11
2274.15
2187.85
2215.15
2209.56
2238.54
2271.07
2308.54
2465.5
2488.95
2468.06
2453.94
2555.65
2581.08
2600.81
2620.52
2640.67
2666.16
2688.39
2708.97
2662.49
2680.97
2710.28
2737.55
2828.73
2853.09
13.7394
13.1472
13.3876
13.9917
14.4717
14.415
13.7003
15.4473
15.1792
16.0652
15.6477
16.4243
16.863
18.1413
17.9128
18.8587
18.6143
20.3438
19.8841
21.4203
21.9042
24.6043
22.4514
25.7503
27.2642
30.2323
30.4365
38.7346
40.0624
39.3486
50.2996
50.6565
57.2318
73.2771
105.786
136.35
277.363
377.965
181.685
361.468
485.054
401.089
567.369
661.208
789.467
858.034
768.719
883.115
918.543
1019.95
1135.5
1180.87
1107.68
1177.92
1420.23
1528.65
1440.17
1529.51
1570.02
1710.49
1672.76
1777.4
1810.58
1854.12
1890.55
1884.34
1948.07
1981.79
2024.57
2062.5
2095.63
2099.37
2058.79
2254.32
2280.26
2194.86
2222.45
2217.73
2246.4
2278.75
2315.91
2472.79
2496.02
2475.28
2462.9
2564.47
2589.74
2609.37
2628.98
2648.96
2674.3
2696.36
2716.77
2667.6
2685.98
2715.17
2742.35
2834.07
2858.29
13.3401
13.5072
14.1477
14.0601
14.5485
14.2347
14.9326
15.5769
15.3046
16.1677
16.5333
16.1291
17.4641
17.5097
17.8516
18.746
19.7646
19.7059
20.3514
21.1427
24.2362
23.2067
25.1492
24.2007
27.8433
32.1771
34.0478
35.564
41.6081
36.4035
47.545
56.4726
72.896
80.8839
99.058
111.632
127.18
255.011
150.45
320.97
541.09
658.388
723.068
684.273
820.521
899.393
875.271
977.218
1023.13
1051.47
1157.99
1188.36
1127.92
1136.2
1436.88
1540
1459.51
1535.38
1593.1
1661.44
1683.43
1790.48
1823.24
1866.4
1902.64
1892.1
1958.51
1992.01
2034.49
2072.14
2105.09
2104.08
2064.17
2261.17
2286.93
2201.25
2229.57
2228.25
2256.72
2288.86
2325.73
2476.54
2499.67
2481.09
2469.42
2569.72
2594.81
2614.31
2633.82
2653.66
2678.84
2700.73
2720.97
2671.14
2689.45
2718.5
2745.62
2836.82
2860.97
13.8503
13.259
13.8167
13.1949
14.3659
15.063
15.1558
15.4645
15.6012
16.6448
16.2441
17.8913
18.1926
18.425
17.3128
18.1477
20.4133
19.9015
20.9034
21.4048
20.7035
24.0683
27.0123
28.2693
28.3272
28.5397
31.4073
30.4349
34.694
42.7678
39.3825
52.7253
66.6242
75.569
125.322
121.354
139.423
211.473
369.968
459.438
465.028
590.628
740.025
682.594
728.416
854.687
901.559
943.738
953.834
988.86
1178.91
1257.8
1164.99
1152.24
1445.47
1551.3
1468.48
1544.17
1601.45
1661.66
1605.67
1801.6
1834.02
1876.92
1913
1902.39
1962.15
1995.56
2037.85
2075.37
2108.22
2110.16
2205.05
2264.75
2290.41
2201.6
2202.93
2235.69
2264.02
2295.97
2332.55
2480.71
2503.65
2448.39
2474.74
2573.15
2598.16
2617.61
2637.06
2656.79
2681.8
2703.64
2723.8
2674.71
2692.9
2721.86
2748.84
2839.91
2864.01
13.6243
13.1112
13.6698
14.5201
15.2571
15.3634
16.0603
16.4437
15.4594
16.246
18.3212
18.2506
19.0065
19.067
17.298
18.4514
19.6943
20.938
20.6281
22.3296
22.2952
24.2687
25.029
29.4082
29.7453
30.8851
29.7161
33.3468
49.9837
43.0054
45.5754
51.659
58.899
62.2442
91.9846
189.324
96.3089
251.983
149.004
353.579
554.592
633.639
631.166
635.19
808.534
866.284
791.926
866.353
971.713
1075.93
1202.89
1369.87
1153.51
1163.66
1459.76
1568.4
1485.83
1565.94
1622.65
1555.82
1644.37
1808.28
1840.35
1882.96
1918.84
1910.29
1974.59
2007.75
2049.55
2086.66
2119.28
2117.5
2213.32
2271.08
2296.56
2208.35
2207.67
2240.25
2268.48
2300.27
2336.7
2486.1
2508.9
2457.4
2483.6
2581.01
2605.87
2625.2
2644.51
2664.12
2688.89
2710.52
2730.57
2681.01
2699.11
2727.94
2754.82
2843.82
2867.81
14.792
13.7038
13.769
13.7757
14.8804
14.8936
14.9328
15.3261
17.1516
16.2469
16.5552
18.4081
18.7031
18.5109
18.2826
16.9936
19.7664
22.2577
21.1857
21.6141
24.1443
25.3176
24.9292
27.6013
32.7156
31.8808
31.5415
29.9773
35.1911
42.6128
53.1254
47.0307
58.518
69.32
140.366
159.442
246.343
351.164
218.857
460.493
500.97
560.651
743.626
577.241
815.21
895.149
809.225
880.976
1015.66
950.858
1252.03
1277.11
1119.06
1171.25
1341.12
1578.02
1492.94
1577.78
1634.17
1568.27
1651
1830.08
1861.53
1903.66
1939.02
1912.77
1982.45
2015.53
2057.08
2093.96
2126.38
2125.29
2224.03
2283.92
2309.03
2188.07
2215.68
2248.08
2276.05
2307.7
2343.91
2492.11
2514.86
2465.76
2491.78
2583.56
2608.35
2627.64
2646.92
2666.49
2691.18
2712.71
2732.73
2683.24
2701.31
2730.08
2756.89
2848.21
2872.05
14.9448
13.4779
13.5886
15.1579
15.0692
15.1085
15.1985
15.7593
16.2757
16.3832
16.7535
17.1887
18.9561
17.9422
20.1443
19.7855
23.2594
21.4171
22.8038
24.383
26.1173
24.4102
26.9105
28.5403
32.1412
31.5191
31.9483
39.5837
36.5733
36.0348
55.1967
45.2051
62.8632
102.206
101.008
130.261
123.493
210.72
309.338
510.748
731.94
659.329
631.97
606.922
881.313
1068.67
909.083
1015.9
1083.59
1143.89
1387.96
1238.45
1307.26
1391.78
1474.63
1526.85
1445.25
1710.37
1695.25
1733.6
1609.77
1765.4
1811.5
1856.17
1976.5
1837.11
1873.84
1966.68
2055.1
2116.55
2169.59
2199.71
2158.51
2151
2212.46
2195.38
2222.84
2255.02
2282.8
2314.32
2350.37
2497.77
2520.4
2473.55
2499.37
2587.43
2612.15
2631.42
2650.67
2670.2
2694.81
2716.29
2736.29
2689.44
2707.4
2736.05
2762.76
2850.55
2874.36
15.3145
13.9346
14.548
14.8524
15.1984
14.4625
15.3834
15.2006
16.9059
16.5931
17.1163
17.2517
18.8558
18.0935
20.0427
19.8165
20.261
23.4191
21.2017
23.9994
24.4748
26.0295
24.5199
28.2022
24.6849
35.0907
31.5963
33.8646
41.6773
49.0899
57.6958
80.5597
60.863
88.4664
172.653
145.704
208.061
179.156
392.286
501.222
699.056
681.021
637.943
898.743
778.706
1086.41
931.214
1076.55
1095.94
1163.3
1402.59
1257.74
1348.39
1402.78
1484.6
1540.25
1546.21
1749.36
1708.49
1740.26
1612.28
1774.33
1820.14
1864.55
1986.6
1848.14
1884.56
1971.57
2062.51
2099.53
2182.38
2212.18
2167.08
2154.87
2216.23
2203.51
2230.78
2262.85
2290.43
2321.74
2357.62
2503.61
2526.11
2522.19
2540.8
2596.93
2621.5
2640.65
2659.82
2679.12
2703.54
2724.93
2744.83
2692.37
2710.26
2738.86
2765.52
2854.83
2878.56
14.2319
14.2923
15.2579
15.6462
15.3078
14.5007
15.3915
16.2271
17.7955
17.0079
18.3352
17.996
19.2329
18.6643
19.7762
20.1706
20.8451
22.1409
22.3573
24.5065
25.3751
26.2884
30.1036
31.0959
28.2327
30.4804
34.0228
37.5377
56.2775
42.3395
58.9196
83.2281
61.8227
92.2063
96.3018
245.548
189.755
316.357
398.98
524.681
650.564
691.209
699.845
827.982
696.651
977.81
937.584
1059.18
1124.31
1153.82
1138.69
1191.71
1356.46
1415.01
1496.2
1553.84
1558.72
1761.01
1718.75
1751.23
1619.25
1785.22
1830.65
1874.68
1963.63
1998.45
2044.32
2075.16
2105.6
2106.55
2188.14
2217.73
2236.02
2164.43
2223.35
2211.68
2238.75
2270.59
2298.03
2329.15
2364.92
2508.35
2530.73
2527.82
2546.32
2600.48
2624.9
2643.98
2663.09
2682.27
2706.57
2727.89
2747.7
2698.98
2716.72
2745.16
2771.66
2858.28
2881.94
13.9771
14.7411
14.6941
15.687
14.287
15.5962
15.9647
17.0851
16.6543
17.6448
18.1931
18.1606
19.4868
19.6983
20.1831
19.6388
22.7118
20.9375
20.7929
24.5612
25.667
24.8972
29.8745
32.7994
31.9774
35.6961
33.8465
33.454
43.8047
46.4564
58.9941
56.0742
57.3766
98.8895
148.978
91.3167
288.68
298.267
322.869
495.716
625.308
689.756
702.181
886.128
774.632
1050.04
883.821
1080.39
1143.5
1172.65
1195.88
1215.06
1311.08
1425.69
1505.89
1565.32
1567.87
1779.77
1735.2
1629.64
1608.25
1794.38
1839.67
1883.39
1977.92
2012.4
2057.92
2088.51
2118.69
2116.2
2200.57
2229.79
2165.49
2172.25
2228.12
2201.96
2231.43
2270.97
2295.78
2327.34
2409.92
2515.32
2537.6
2536.17
2554.52
2609.58
2633.79
2652.8
2671.81
2690.8
2714.99
2736.21
2755.88
2700.31
2717.99
2746.37
2772.83
2863.47
2887.03
14.6773
14.4113
15.2522
14.9686
14.9382
16.0454
16.252
16.0058
17.6447
17.5881
17.9809
18.1377
19.78
19.4605
20.1454
21.2239
22.4301
21.9884
22.8589
25.2803
26.2589
28.4066
26.9224
28.9662
31.3534
32.1044
39.5338
35.9975
42.2314
44.6306
53.9786
84.0735
86.9716
71.5731
180.3
250.79
245.575
270.632
480.518
617.91
759.655
750.564
751.697
735.047
751.055
1166.29
904.356
1042.57
1152.35
1187.31
1211.19
1226.02
1323.54
1438.92
1517.62
1575.87
1581.89
1789.09
1746.85
1646.63
1689.48
1807.17
1852.03
1895.36
1983.59
2019.31
2064.63
2095.13
2125.21
2234.04
2206.91
2236.02
2172.17
2182.5
2235.04
2246.31
2275.81
2309.08
2334.57
2369.4
2419.13
2521.13
2543.33
2544.5
2562.72
2614.37
2638.56
2657.55
2676.48
2695.41
2719.56
2740.76
2760.34
2704.59
2722.19
2750.43
2776.79
2867.89
2891.34
14.5445
14.2547
15.9085
14.6373
15.2695
16.0245
16.2617
16.7697
17.5643
16.9129
17.0059
18.2922
18.3526
20.2653
20.2862
21.0787
22.1783
21.589
24.1279
26.194
27.723
25.333
31.7668
31.3718
35.2236
38.8844
42.8695
40.3002
47.865
52.2966
59.231
59.1214
119.262
132.024
325.512
232.619
222.7
414.795
391.74
646.047
665.17
764.225
762.176
796.078
928.859
947.219
1055.21
1036.78
1161.33
1197.43
1186.76
1241.85
1335.02
1445.81
1536.21
1581.19
1605.81
1796.97
1760.94
1654.39
1703.9
1818.13
1862.65
1905.73
1996.26
2031.68
2076.67
2106.98
2136.82
2238.04
2217.81
2246.6
2182.47
2189.7
2245.91
2256.3
2281.14
2313.87
2344.74
2520.29
2549.17
2526.92
2549.05
2547.92
2566.08
2622.17
2646.23
2665.11
2683.89
2702.72
2726.78
2747.9
2767.33
2706.84
2724.41
2752.6
2778.94
2870.84
2894.22
14.7851
14.5752
14.8376
15.7229
14.8792
15.3073
15.378
16.9687
16.7035
16.733
19.2574
18.3266
18.5905
20.4531
20.9557
19.778
23.4654
22.5413
26.1092
25.4199
25.3944
26.3533
25.5494
35.5333
32.8719
36.61
35.9383
39.1114
38.7783
53.0579
61.238
68.2028
163.267
145.329
181.758
288.556
294.827
464.094
559.994
496.058
636.798
779.082
808.465
833.68
870.422
936.991
1173
1047.2
1177.82
1240.22
1195.2
1249.95
1341.23
1463.6
1498.61
1643.01
1580.84
1808.03
1763.87
1660.28
1711.7
1826.96
1871.21
1914.09
2006.69
2041.96
2086.72
2116.89
2146.58
2246.66
2227.17
2255.62
2187.06
2198.27
2249.93
2265.41
2290.1
2322.58
2353.23
2521.3
2550.07
2532.98
2554.97
2551.17
2569.27
2631.69
2655.64
2674.43
2693.05
2711.79
2735.71
2756.67
2775.99
2717.92
2735.32
2763.38
2789.53
2877.56
2900.81
15.8586
15.3206
15.3065
14.7938
14.4167
15.6691
15.1011
16.6741
17.8888
16.914
18.4163
17.6824
19.2794
20.4473
22.3291
20.4573
23.1726
21.9144
23.1229
25.2709
29.4782
26.5748
30.0411
29.8652
30.4235
40.377
41.3431
46.4789
51.8802
69.3096
79.2592
114.982
124.735
182.517
159.635
281.362
260.294
396.968
489.897
437.082
645.55
746.493
798.041
732.644
852.325
1019.89
901.617
1124.25
1187.15
1259.99
1212.38
1261.41
1355.51
1469.8
1506.12
1651.32
1598.44
1814.05
1775.58
1672.07
1683.64
1835.86
1879.87
1922.49
2014.07
2049.22
2093.82
2123.89
2153.46
2112.03
2232.57
2260.91
2194.65
2209.65
2319.7
2273.31
2297.86
2330.14
2360.69
2529.45
2558.02
2537.31
2559.2
2556.5
2574.49
2637.11
2661
2679.67
2698.25
2716.9
2740.76
2761.66
2780.88
2722.9
2740.22
2768.19
2794.27
2881.58
2904.72
15.0466
15.2381
16.1507
15.8305
15.457
15.4182
16.6777
16.7977
17.5764
17.7788
18.7696
18.9517
18.5844
20.2631
22.2206
22.8949
22.703
24.9568
22.4343
26.0131
25.2109
26.4147
29.0985
35.8224
33.1025
36.7962
44.4718
35.4517
40.0422
42.6712
101.046
103.896
171.127
188.126
125.688
335.313
525.859
376.102
535.142
591.055
764.603
660.141
788.488
834.794
867.719
1027.39
911.523
1132.71
1196.63
1199.46
1223.89
1370.47
1367.41
1482.84
1512.77
1664.99
1609.53
1821.94
1783.02
1731.51
1752.86
1843.67
1887.37
1929.81
2018.8
2053.76
2098.23
2128.24
2157.73
2117.42
2236.46
2264.71
2204.05
2214.68
2323.25
2277.05
2301.53
2333.72
2364.17
2534.75
2563.18
2541.4
2563.23
2566.27
2584.09
2639.77
2663.59
2682.21
2700.77
2719.41
2743.23
2764.07
2783.19
2728.48
2745.76
2773.59
2799.54
2884.6
2907.67
14.8159
15.0856
15.6192
15.9606
14.9748
15.5986
16.622
16.8415
17.1454
18.4926
19.2227
20.1962
18.4557
21.0835
21.3775
19.4165
21.8272
23.7303
24.182
26.794
29.0149
30.0253
33.0957
35.8408
33.3023
37.4631
42.4406
46.9586
50.9664
62.0444
82.9316
78.0972
85.4938
205.824
378.851
202.71
637.4
492.086
582.183
589.047
768.215
840.681
741.051
791.632
950.858
1036.49
919.358
1147.38
1208.31
1216.44
1234.22
1396.26
1465.68
1498.81
1526.1
1551.33
1607
1831.99
1788.21
1748.22
1763.21
1845.94
1889.52
1931.86
1996.48
1984.76
2021.79
2051.55
2088.92
2123.12
2240.54
2268.63
2216.16
2222.78
2326.89
2283.91
2308.26
2340.29
2370.57
2538.38
2566.75
2545.54
2567.3
2573.83
2591.6
2642.13
2665.84
2684.36
2702.89
2721.46
2745.21
2765.97
2785.04
2735.07
2752.24
2779.95
2805.74
2887.54
2910.52
15.5705
14.8935
16.8993
16.204
15.7062
17.4636
17.646
16.4835
17.064
18.1756
18.3807
19.7676
20.1733
20.1213
21.0461
21.0282
22.7698
23.7578
24.0899
25.8079
28.9993
25.8096
31.8493
30.1855
37.7946
39.9297
47.6544
41.9355
70.8836
58.8171
94.3613
93.5507
111.96
233.283
447.465
305.843
445.314
533.562
702.41
672.153
826.126
878.788
944.126
970.474
1156.98
975.756
1016.14
1100.87
1229.05
1185.68
1387.83
1470.37
1481.42
1514.59
1527.27
1549.09
1581.28
1850.73
1802.3
1738.11
1766.39
1858.41
1901.64
1943.74
2007.83
1998.69
2035.38
2064.88
2101.98
2135.15
2252.16
2279.91
2230.26
2232.18
2336.31
2290.49
2314.71
2346.54
2376.67
2548.96
2577.1
2472.29
2504.87
2582.07
2599.7
2649.65
2673.25
2691.71
2710.15
2728.62
2752.3
2772.88
2791.82
2740.61
2757.71
2785.32
2811.03
2893.02
2915.88
15.3677
15.3554
16.168
15.3387
15.6152
15.7293
17.5953
18.2091
17.4224
18.4985
18.5972
19.7293
20.0932
21.1862
23.0504
23.0959
24.9512
24.4214
26.0266
27.7128
26.5618
27.3827
28.7472
35.5308
36.2017
39.2649
37.9927
50.5119
59.1544
53.7617
94.6408
91.5248
121.145
256.681
437.087
343.004
368.826
404.403
663.27
672.149
848.927
900.772
947.167
993.556
1178.49
990.041
1005.33
1122.33
1324.62
1227.27
1435.08
1356.37
1497.56
1523.72
1567.45
1537.07
1659.2
1866.95
1810.16
1729.01
1775.8
1865.66
1908.58
1950.62
1964.36
2009.66
2046.04
2075.35
2112.24
2142.82
2261.19
2288.74
2238.84
2241.9
2344.56
2301.16
2325.24
2356.9
2386.85
2553.66
2581.65
2506.02
2531.58
2589.77
2607.33
2657.58
2680.99
2699.38
2717.71
2736.11
2759.64
2780.1
2798.95
2749.38
2766.4
2793.83
2819.43
2897.7
2920.47
15.1821
15.6301
17.0033
15.336
15.7474
15.9382
18.2321
17.4019
18.3289
17.5231
19.7653
19.8311
20.9959
19.7663
24.5196
22.5221
23.135
23.4745
28.7442
30.859
26.5465
30.9562
36.2972
32.255
35.0535
41.888
45.4507
46.8888
47.9404
88.3499
104.283
98.8637
165.544
226.78
389.576
465.562
425.799
656.96
603.041
755.079
878.13
930.329
942.062
967.844
1196.28
1008.12
1023.51
1132.65
1339.32
1213.26
1516.99
1370.12
1511.68
1535.97
1591.78
1549.25
1672.1
1875.62
1816.95
1737
1790.59
1872.73
1915.41
1957.22
1976.59
2021.41
2057.49
2086.56
2123.16
2148.49
2268.81
2296.23
2243.87
2248.49
2350.45
2307.61
2331.57
2363.09
2392.92
2557.1
2584.96
2514.09
2539.56
2598.5
2615.95
2662.26
2685.57
2703.92
2722.21
2740.55
2764.02
2784.4
2803.2
2755.04
2772.01
2799.35
2824.83
2903.64
2926.3
15.281
15.5183
16.695
15.4987
15.1322
18.0162
18.1627
17.1935
18.327
18.0415
18.5801
19.813
20.6391
21.0323
22.5532
20.4657
23.9951
28.4312
25.6969
26.8199
30.4897
29.8941
43.9469
31.4273
39.4662
42.5888
57.7943
56.377
61.2637
89.0516
83.6881
125.947
259.54
189.632
467.95
435.606
497.082
601.901
623.476
685.818
897.746
949.282
957.648
1046.92
1214.85
1022.41
994.247
1142.36
1360.28
1247.55
1433.45
1385.82
1495.4
1551.38
1602.84
1713.89
1754.17
1716.15
1827.62
1745.61
1798.43
1881.85
1924.29
1965.87
2047.66
2088.86
2127.21
2152.88
2182.8
2153.33
2282.98
2310.11
2250.08
2254.28
2365.28
2506.5
2528.06
2561.5
2592.69
2560.74
2588.46
2519.45
2549.39
2606.33
2623.72
2673.31
2696.4
2714.66
2732.84
2751.05
2774.3
2794.53
2813.19
2757.73
2774.67
2801.95
2827.37
2911.51
2934.08
15.3442
14.6244
16.4987
15.5287
15.7786
17.1583
18.2403
17.0473
18.5885
18.7034
19.7408
20.7858
20.3613
22.4449
22.4356
23.1339
24.5386
24.5417
28.6039
28.1668
28.9603
30.716
32.9529
34.7605
39.2028
42.7504
65.988
44.3272
70.9108
71.8498
80.5269
86.0452
167.921
201.169
388.682
407.975
370.899
438.02
678.446
742.852
949.376
974.299
982.113
1067.45
1224.18
1031.14
1010.1
1330.51
1212.22
1408.79
1310.77
1352.1
1482.44
1564.59
1512.13
1561.73
1612.49
1656.76
1831.99
1759.75
1808.3
1890.14
1932.24
1973.66
2054.62
2095.52
2133.66
2159.23
2189.05
2164.32
2291.8
2318.73
2297.5
2326.33
2346.78
2509.75
2531.27
2564.65
2595.8
2562.98
2590.65
2526.12
2555.89
2608.66
2626
2677.56
2700.58
2718.81
2736.91
2755.06
2778.17
2798.33
2816.9
2762.04
2778.89
2806.04
2831.36
2913.56
2936.09
15.8295
15.0092
16.2111
16.3549
14.9169
16.9936
18.6347
18.319
18.5999
17.1882
18.886
20.7647
19.5372
20.5769
21.4016
22.0924
29.1783
24.4959
26.2369
28.9004
30.5273
30.7401
34.042
32.2496
40.5535
47.5091
56.2849
68.1781
75.8468
65.6319
102.172
141.083
341.178
232.921
474.858
492.919
319.133
530.93
703.328
747.692
932.821
990.809
1053.24
1109.21
1239.68
1044.12
1177.22
1341.61
1221.93
1428.24
1325.3
1476.67
1499.87
1473.33
1523.27
1572.5
1622.94
1668.22
1837.45
1767.61
1820.37
1899.13
1940.88
1982.05
2063.34
2103.99
2141.87
2167.27
2196.89
2172.95
2301.5
2328.19
2274.93
2320.36
2343.44
2513.27
2534.68
2567.86
2598.92
2565.75
2593.34
2530.26
2559.86
2561.31
2582.47
2684.92
2707.82
2725.96
2744
2761.98
2784.93
2804.97
2823.42
2767.16
2783.94
2810.96
2836.18
2916.4
2938.89
16.0373
15.3016
16.4901
17.2583
15.651
16.3957
18.4716
17.5418
17.4475
18.6138
19.5493
22.7617
22.4446
22.0012
21.7246
22.6326
24.6742
25.4871
27.1973
26.7434
29.8724
34.7949
33.3782
46.9982
36.1918
41.3584
50.2014
65.775
73.0408
224.382
84.6366
133.224
194.225
363.267
357.144
428.399
458.813
549.211
888.504
962.485
689.657
878.309
1063.02
1118.84
1248.09
1057.85
1265.45
1302.65
1218.1
1442.27
1334.07
1480.96
1508.37
1485.44
1535.17
1584
1634.08
1678.96
1848.36
1775.51
1826.45
1980.18
2020.95
2064.13
2068.76
2109.27
2147.06
2172.38
2201.92
2180.23
2307.71
2334.29
2280.75
2328.65
2351.6
2516.69
2538.03
2571.11
2602.12
2572.21
2599.66
2536.29
2565.77
2566.5
2587.55
2689.43
2712.24
2730.34
2748.35
2766.27
2789.16
2809.1
2827.49
2772.58
2789.27
2816.13
2841.21
2918.18
2940.62
15.563
15.6473
17.8139
16.9603
16.0155
17.1772
17.7818
16.8974
18.2236
20.075
19.5666
21.8493
21.1257
22.2658
24.3034
24.3991
23.15
26.5544
26.8499
30.7617
31.3576
35.8859
36.7413
45.5438
44.8431
40.8346
51.1696
80.8435
49.1579
78.7011
207.357
112.697
314.814
212.855
409.804
447.309
388.604
558.071
903.76
977.258
673.298
740.65
1079.82
1133.29
1050.39
1051.36
1138.23
1467.94
1227.07
1458.66
1344.12
1398.86
1519.48
1501.52
1550.68
1599.09
1648.67
1693.03
1853.73
1783.1
1831.59
1988.63
2029.01
2071.96
2077.69
2117.93
2155.52
2180.71
2210.04
2184.35
2314.04
2340.38
2285.97
2318.75
2337.71
2523.08
2544.29
2577.06
2607.9
2574.39
2601.76
2541.3
2570.67
2570.11
2591.07
2693.73
2716.48
2734.54
2752.45
2770.27
2793.11
2812.96
2831.27
2775.3
2791.93
2818.65
2843.67
2923.12
2945.5
15.8761
16.855
18.2157
16.059
17.1887
16.3468
17.792
18.0579
19.7936
20.0394
19.8967
21.3381
22.4964
22.4821
22.1332
22.1616
28.2564
28.1529
26.8859
32.5
32.9796
36.1909
39.6463
39.575
36.2957
50.9713
52.8329
85.3459
79.5391
131.581
111.657
144.886
258.344
374.749
337.504
528.111
554.594
601.885
758.04
831.608
951.285
976.832
1096.15
1147.15
1088.1
1087.42
1277.14
1477.02
1240.96
1471.65
1353.83
1408.38
1535.26
1512.81
1561.6
1609.58
1658.75
1704.16
1863.71
1900.39
1938.35
1903.94
2070.4
2082.34
2121.78
2156.58
2096.26
2121.02
2159.63
2192.83
2325.69
2351.77
2278.11
2375.32
2394.06
2435.83
2459.96
2493.23
2524.22
2580.69
2607.94
2548.14
2577.39
2578.23
2599.07
2701.36
2724.04
2742.03
2759.84
2777.58
2800.31
2820.04
2838.24
2778.51
2795.08
2821.68
2846.59
2926.56
2948.84
16.0674
15.3445
16.485
15.6318
16.3258
16.9823
16.856
18.2504
19.2589
18.2802
20.346
24.1239
21.6223
22.9669
23.8615
23.7716
25.1149
28.848
32.5965
33.559
30.4858
34.9701
40.6647
36.6978
44.3383
48.7736
49.6343
47.7981
95.8262
81.3699
121.494
123.06
235.152
597.941
605.247
464.518
493.383
554.902
796.751
856.205
987.639
925.759
1115.93
1166.29
1002.76
1111.51
1055.42
1499.97
1316.86
1485.51
1364.43
1384.71
1544.2
1516.56
1565.23
1613.08
1662.09
1707.33
1801.19
1911.09
1948.84
1912.3
1989.68
2108.56
2145.32
2186.32
2228.62
2253.74
2280.85
2307.83
2338.06
2363.91
2284.55
2384.27
2402.9
2445.67
2469.63
2502.76
2533.54
2588.62
2615.65
2555.56
2584.73
2676.36
2690.17
2712.23
2734.73
2752.63
2770.32
2787.95
2810.52
2830.13
2848.2
2784.58
2801.1
2827.56
2852.36
2933.24
2955.4
16.1445
16.0881
17.0136
16.2806
16.9378
17.1833
18.2299
18.7646
18.8102
18.5384
21.1498
23.2391
22.2967
22.9486
21.4541
24.1682
25.8635
29.261
29.958
30.8946
32.3489
35.2401
37.8577
41.3105
48.4872
49.5023
60.8998
49.2708
69.4905
141.19
133.917
199.205
339.163
180.773
498.52
607.36
509.182
721.401
806.823
985.632
960.168
936.151
1136.95
987.9
1009.68
1120.63
1117.8
1418.74
1292.58
1497.5
1377.85
1388.5
1649.35
1527.46
1575.73
1623.32
1672.04
1715.64
1808.13
1919.33
1956.82
1921.89
1997.25
2120.44
2157
2197.74
2239.68
2264.61
2291.55
2318.28
2348.29
2373.96
2236.88
2262.63
2381.36
2454.15
2477.98
2510.88
2541.5
2594.15
2621.02
2560.75
2589.8
2684.5
2698.23
2720.2
2742.63
2760.46
2778.08
2795.61
2818.11
2837.63
2855.59
2787.89
2804.37
2830.77
2855.51
2940.74
2962.8
16.0844
16.2069
16.3812
17.2136
16.5264
18.3632
17.4859
18.796
20.6623
19.271
23.3931
20.9685
23.7799
21.7085
24.7645
26.7193
27.9606
29.9896
25.5075
30.4946
39.1141
31.2565
40.6346
34.3357
51.1356
58.7847
62.6158
65.0505
91.6938
105.71
271.517
438.045
247.507
458.516
425.983
405.831
545.061
605.803
724.54
787.608
1000.82
901.361
1050.82
1087.15
1187
1217.15
1152.21
1426.32
1308.3
1356.17
1390.16
1398.72
1661.35
1536.65
1584.66
1631.94
1680.33
1723.82
1816.08
1932.94
1970.17
1933.35
2003.17
2129.49
2165.87
2206.4
2248.11
2272.9
2299.68
2326.16
2356.07
2381.67
2298.37
2324.37
2344.47
2460.44
2484.08
2516.74
2547.19
2602.68
2629.39
2569.46
2598.37
2690.96
2704.54
2726.46
2748.75
2766.5
2784.06
2801.5
2823.9
2843.34
2861.2
2796.68
2813.07
2839.3
2863.93
2943.82
2965.79
15.8402
16.4403
16.7298
15.9816
17.578
17.2387
17.2016
18.7669
20.9241
18.9835
21.7208
21.3628
23.4195
23.1827
25.5143
24.049
29.8405
31.3051
32.1436
37.0927
34.2581
38.1514
40.3759
35.4207
43.9424
61.0764
74.0334
86.1711
75.5068
171.857
225.816
230.047
264.534
432.629
500.749
350.922
728.458
607.191
798.869
860.757
899.993
912.711
1060.96
1167.65
1200.04
1232.06
1170.84
1443.59
1325.73
1418.24
1405.54
1412.37
1448.36
1550.09
1597.81
1644.82
1692.78
1735.97
1901.36
1943.12
1980.04
1943.23
2009.43
2137.22
2173.35
2213.58
2254.91
2279.52
2306.07
2332.3
2362.03
2387.44
2305.44
2331.25
2351.23
2465.22
2488.71
2521.18
2551.5
2608.55
2635.08
2575.09
2603.86
2694.74
2708.25
2730.07
2752.27
2769.94
2787.42
2804.74
2827.02
2846.39
2864.13
2805.31
2821.54
2847.6
2872.11
2946.7
2968.62
17.6398
16.6563
15.8116
17.6543
17.461
17.6318
18.0943
19.3906
18.869
18.7393
19.9872
23.292
23.9252
24.2124
24.6204
24.9356
31.5155
31.0429
28.2041
31.6334
37.4006
32.9028
48.0621
45.8551
44.9409
52.2248
83.1976
166.607
102.109
202.381
261.793
164.272
445.768
500.681
453.263
494.009
752.181
654.368
981.723
870.826
929.615
997.562
1075.92
1165.88
1197.91
1299.47
1214.02
1378.06
1400.78
1431.72
1423.89
1647.87
1603.2
1561.14
1608.48
1655.12
1702.74
1745.72
1913.53
1949.98
1986.75
1967.19
2017.79
2144.01
2179.96
2219.91
2261
2285.51
2311.92
2337.98
2367.54
2392.85
2314.9
2340.45
2360.27
2470.49
2493.85
2526.18
2556.41
2612.5
2638.94
2582.13
2610.63
2699.09
2712.58
2734.32
2756.47
2774.1
2791.51
2808.74
2830.94
2850.27
2867.93
2810.7
2826.83
2852.8
2877.23
2952.38
2974.23
17.2702
17.8618
17.1702
17.7945
18.1735
17.8168
18.6954
18.7576
20.9146
18.782
22.9892
24.8464
23.6708
25.7312
24.7797
29.4871
26.5439
29.7458
35.0741
30.9456
32.3869
41.3956
41.7358
44.5536
57.1967
68.6302
150.117
76.4193
134.011
158.625
311.61
235.233
417.049
390.946
614.551
462.404
646.177
655.974
851.545
891.013
1025.41
934.081
1099.73
1178.99
1115.97
1337.92
1225.25
1343.46
1376.93
1421.88
1441
1662.16
1614.86
1570.26
1617.33
1663.6
1710.92
1753.59
1921.45
1959.24
1995.77
1979.58
2023.75
2154.77
2190.51
2230.13
2271
2295.35
2321.63
2347.45
2376.9
2402.06
2325.42
2350.78
2370.48
2478.07
2501.22
2533.37
2563.43
2617.09
2643.41
2589.57
2617.8
2706.75
2720.2
2741.79
2763.86
2781.42
2798.72
2815.87
2838
2857.21
2874.72
2815.46
2831.53
2857.41
2881.77
2955.1
2976.89
17.4592
17.3034
16.9398
17.359
17.7501
16.9404
18.512
19.3278
20.678
20.2842
20.7729
23.4201
22.8364
24.8636
25.6349
28.2967
27.7187
29.9778
29.5442
37.7758
41.8986
33.6535
38.0377
36.9569
50.1008
55.3139
75.5008
98.4447
132.438
179.707
242.678
410.57
359.093
398.441
668.549
683.894
554.332
784.553
929.287
797.183
966.485
1104.06
1010.07
1263.64
1230.06
1361.29
1322.28
1373.06
1391.23
1435.68
1455.88
1671.59
1631.44
1586.39
1632.97
1678.75
1725.7
1765.27
1929.43
1970.47
2006.8
1987.9
2034.15
2169.35
2204.86
2244.17
2284.66
2308.72
2334.79
2360.44
2389.7
2414.61
2330.67
2355.93
2375.56
2412.11
2434.42
2464.08
2489.66
2625.14
2651.31
2594.85
2623
2717.05
2730.41
2751.87
2773.8
2791.26
2808.49
2825.52
2847.51
2866.55
2883.89
2823.02
2838.98
2864.67
2888.88
2958.53
2980.29
17.2699
16.9961
17.935
16.5373
17.2345
20.2931
18.5761
18.7179
20.0764
23.5538
21.3024
23.9527
23.6136
24.8837
20.9336
26.7988
32.3257
27.8355
29.595
35.9132
32.54
49.0361
39.1102
52.5731
53.962
71.5776
62.4618
120.045
75.9909
153.131
280.004
262.567
409.147
498.885
663.447
673.357
578.956
898.182
942.749
821.643
991.894
1010.23
1047.2
1277.08
1248.6
1276.26
1334.37
1342.47
1451.84
1537.75
1472.99
1688.86
1646.5
1584.08
1630.96
1677.1
1724.09
1807.15
1945.82
1983.67
2019.57
2000.95
2049.72
2185.4
2220.43
2259.37
2299.26
2322.97
2348.73
2374.13
2403.05
2427.67
2341.63
2366.74
2386.27
2418.26
2440.45
2469.96
2495.44
2632.55
2658.55
2605.62
2633.6
2727.11
2740.37
2761.67
2783.46
2800.83
2817.97
2834.86
2856.72
2875.55
2892.66
2832.47
2848.28
2873.69
2897.73
2964.52
2986.17
16.4989
16.8293
17.7326
17.3859
20.1203
18.9401
17.8263
20.5998
19.9754
22.8281
23.5183
22.5472
25.0854
24.7248
24.4226
26.7029
27.625
29.2489
31.2402
31.6685
36.9638
37.7138
42.0199
57.6559
61.2298
96.9633
91.1027
95.9976
188.537
293.855
200.462
383.62
635.585
491.359
641.524
781.953
615.546
871.924
813.962
1024.36
983.203
1264.99
1065.07
1208.56
1235.93
1286.83
1334.21
1378.93
1468.78
1554.63
1481.96
1635.91
1660.23
1664.3
1646.06
1719.39
1796.64
1926.89
1985.53
2008.62
2034.7
2063.63
2094.88
2128.09
2208.97
2238.67
2173.58
2211.43
2245.19
2276.42
2335.3
2365.16
2349.38
2374.34
2393.76
2422.12
2444.21
2473.57
2498.94
2635.45
2661.38
2612.28
2640.04
2733.14
2746.31
2767.54
2789.28
2806.58
2823.65
2840.49
2862.3
2881.04
2897.99
2840.42
2856.15
2881.44
2905.39
2969.57
2991.12
18.6793
17.4737
17.9784
17.3891
18.4643
18.5945
19.9459
18.8185
23.5765
21.4075
20.0022
22.9807
25.2603
25.9821
26.9959
31.7366
28.7615
32.6897
33.8913
35.792
41.6327
48.7453
48.1642
50.5688
76.2668
72.9025
89.5579
97.0605
141.567
242.125
335.619
474.631
571.951
455.302
639.251
763.03
783.051
843.736
1056.22
970.657
1046.81
1077.13
1231.63
1173.36
1246.69
1298.85
1477.92
1395.68
1478.8
1459.9
1442.68
1646
1719.29
1613.33
1725.97
1772.83
1904.74
1939.15
1995
2021.42
2047.23
2077
2108.03
2140.99
2215.89
2245.31
2177.32
2271.96
2305.28
2334.08
2315.18
2338.92
2358.42
2383.23
2402.54
2424.78
2446.81
2476.11
2501.42
2640.66
2666.47
2619.92
2647.53
2739.7
2752.79
2773.96
2795.58
2812.79
2829.77
2846.51
2868.21
2886.83
2903.65
2842.69
2858.37
2883.58
2907.48
2973.54
2994.99
16.1101
16.667
18.3484
17.6767
18.1719
18.5614
19.6692
19.3333
22.0011
21.5051
20.6479
21.8059
25.8487
30.2904
24.7792
30.601
28.9747
31.6091
33.6453
39.968
36.6543
51.2097
42.6149
52.0373
89.8188
85.2001
69.8058
64.8094
156.511
254.109
295.621
334.956
480.06
654.932
723.53
719.04
671.423
875.116
1014.87
1027.07
1048.97
1050.71
1117.39
1242.58
1247.5
1288.73
1489.34
1421.25
1489.78
1477.71
1451.97
1570.32
1725.47
1623.33
1733.41
1779.94
1910.88
1949.33
1999.67
2028.08
2053.68
2088.19
2118.91
2151.6
2219.52
2248.79
2187.5
2274.01
2307.26
2335.96
2322.12
2345.68
2528.48
2558.31
2581.69
2435.59
2457.43
2486.52
2511.61
2645.47
2671.15
2625.28
2652.65
2744.46
2757.49
2778.62
2800.17
2817.34
2834.26
2850.94
2872.58
2891.14
2907.91
2848.57
2864.2
2889.19
2912.96
2977.83
2999.17
16.3427
17.7104
17.3018
19.1925
19.1713
19.2044
19.9054
20.0097
21.3939
20.3101
20.2812
24.3634
24.7305
26.645
26.4009
31.9143
30.328
32.3137
32.8697
36.8348
42.709
54.3459
59.3063
56.2662
60.6315
97.627
180.522
112.104
155.07
197.474
253.752
505.451
569.397
671.346
637.195
693.1
806.154
896.343
1020.7
987.705
1059.05
1057.68
1240.96
1072.84
1289.67
1286.49
1348.97
1425.74
1493.3
1485.99
1458.06
1577.57
1733.14
1851.09
1790.05
1832.03
1930.66
1957.42
2007.19
2034.86
2060.32
2093.39
2123.95
2156.57
2226.02
2255.08
2200.14
2277.81
2310.94
2339.53
2328.38
2351.86
2534.7
2564.43
2587.71
2446.22
2467.93
2496.87
2521.82
2647.56
2673.15
2631.67
2658.98
2747.57
2760.55
2781.65
2803.16
2820.3
2837.18
2853.82
2875.41
2893.92
2910.62
2850.87
2866.44
2891.36
2915.04
2981.05
3002.33
17.7596
17.043
18.365
17.8713
18.5062
19.3148
19.7546
20.956
20.6973
21.8318
24.0361
25.6031
26.0282
26.28
26.3077
34.009
31.8382
34.1281
35.1931
44.9014
39.1531
51.263
49.0156
53.5391
67.7327
78.5825
74.553
154.658
136.152
184.472
373.698
398.771
494.486
676.02
691.147
786.168
712.278
911.851
981.938
802.333
1120.22
970.348
1252.29
1356.64
1299.48
1295.35
1363.65
1436.78
1502.7
1497.93
1589.9
1592.65
1741.82
1864.78
1798.46
1840.2
1944.94
1970.02
2014.58
2045.78
2071.08
2096.44
2123.15
2148.68
2177.99
2209.59
2251.15
2283.65
2316.86
2298.47
2324.47
2416.8
2543.35
2572.92
2596.1
2449.11
2470.76
2499.61
2524.47
2653.83
2679.32
2635.66
2662.91
2756.7
2769.61
2790.6
2812.02
2829.08
2845.87
2862.39
2883.85
2902.18
2918.73
2857.85
2873.35
2898.19
2921.75
2988.77
3009.99
18.6325
18.4887
18.2469
17.8727
19.0281
18.5257
20.5669
21.5976
20.4428
22.5787
22.185
24.3709
24.3714
25.4696
27.4113
26.4749
33.1778
35.4845
43.2783
43.7887
45.0433
45.2384
50.1941
52.9643
91.443
85.8999
159.111
179.102
149.292
208.341
344.693
542.795
489.102
565.13
687.841
843.08
741.215
929.078
1011.32
953.511
1131.43
987.98
1258.36
1366.21
1312.45
1309.75
1375.79
1445.14
1516.25
1503.43
1602.63
1601.32
1748.69
1694.01
1804.97
1846.52
1953.14
1981.27
2020.12
2054.49
2079.62
2102.99
2129.46
2154.81
2183.95
2215.42
2256.77
2289.06
2322.17
2306.26
2332.15
2420.81
2546.92
2576.39
2599.5
2454.43
2476.01
2504.73
2529.46
2657.87
2683.28
2641.17
2668.3
2763.62
2776.44
2797.33
2818.61
2835.59
2852.23
2868.68
2890.04
2908.25
2924.72
2864.23
2879.66
2904.38
2927.85
2996.8
3017.94
17.5592
18.3379
19.8666
19.6466
19.7211
20.4642
21.1694
19.3289
21.3814
25.2803
25.2849
25.0311
26.228
26.9025
27.3176
30.448
35.5937
32.7279
34.7688
36.7158
40.0729
53.4274
47.8577
72.5146
81.0597
89.824
104.262
195.075
290.345
393.524
522.378
589.552
600.544
652.827
664.877
599.855
907.455
865.589
1015.61
1086.03
1140.64
1131.69
1269.29
1382.13
1325.23
1320.01
1383.35
1449.14
1519.27
1514.75
1522.46
1604.05
1754.89
1775.85
1812.59
1853.85
1964.49
1908.41
2024.94
2062.91
2087.82
2116.55
2142.84
2168.04
2197.03
2228.28
2269.43
2301.52
2334.42
2314.21
2340.02
2425.64
2555.71
2585.08
2608.08
2541.09
2563.98
2593.37
2622.39
2668.17
2693.45
2644.29
2671.35
2768.25
2781.01
2801.79
2822.99
2839.91
2856.51
2872.85
2894.09
2912.2
2928.56
2869.16
2884.5
2909.07
2932.45
3000.56
3021.64
15.7975
19.7293
19.3084
19.7445
20.0406
18.9494
23.675
21.695
22.0553
22.2232
24.4839
24.7231
25.7285
27.6421
30.0104
28.1723
37.4531
29.8147
39.7602
41.6649
43.7686
49.9226
56.6983
63.7998
81.9074
95.5824
121.616
166.663
283.671
362.822
409.572
780.68
587.708
517.379
797.109
650.189
770.538
966.778
1012.6
1094.4
1116.32
1210.21
1281.47
1255.24
1338.31
1329.28
1401.17
1469.88
1530.34
1525.38
1536.6
1680.09
1708.24
1664.35
1824.19
1867.18
1863.6
1912
1941.91
2106.45
2135.4
2170.63
2197.51
2227.72
2258.38
2291.17
2323.06
2356.54
2377.96
2344.18
2375.62
2399.57
2563.67
2592.95
2615.85
2546.13
2568.94
2598.28
2627.22
2674.86
2700.02
2653.27
2680.95
2774.72
2787.41
2808.11
2829.23
2846.1
2862.6
2878.86
2900.03
2918.02
2934.26
2873.67
2888.95
2913.41
2936.7
3008.88
3029.85
16.8692
18.8138
18.8447
19.8483
20.0565
21.4669
20.695
21.7313
22.411
23.5224
25.1484
25.8211
25.5699
26.1808
28.6056
27.7671
32.2594
43.0026
35.0981
45.3963
51.761
50.4564
52.8256
63.3965
94.2256
128.421
124.691
131.476
246.996
420.403
781.678
407.082
606.599
512.59
679.524
662.056
773.923
979.017
1081.35
1108.52
1193.48
1166.49
1286.9
1270.81
1347.89
1341.08
1404.83
1456.85
1542.94
1536.29
1545.68
1686.98
1718.25
1769.8
1833.68
1876.2
1866.54
1920.55
1949.7
2110.35
2139.23
2174.38
2201.11
2231.22
2261.8
2294.4
2326.14
2359.73
2381.02
2347.97
2380.43
2404.29
2567.14
2596.35
2619.16
2549.4
2572.12
2601.34
2630.16
2679.72
2704.78
2655.96
2683.54
2777.7
2790.24
2810.86
2831.85
2848.63
2865.03
2881.25
2902.35
2920.14
2936.28
2878.81
2894.02
2918.38
2941.56
3010.02
3030.97
17.9372
17.6929
17.1193
19.4215
20.4098
21.8679
22.4579
22.8341
22.3929
24.1229
25.3533
28.3916
26.6008
29.1217
27.0634
29.0615
31.2814
38.5505
49.3575
50.827
42.8568
43.7628
70.9641
79.5893
95.3995
135.275
156.673
187.778
378.493
334.356
460.184
695.871
581.868
613.008
704.321
802.02
790.412
980.909
906.975
1130.58
1207.67
1303
1305.19
1491.99
1361.58
1350.37
1418.97
1475.82
1561.95
1551.61
1553.55
1692.49
1728.09
1708.2
1836.91
1879.36
1874.06
1930.03
1959.8
2119.91
2148.69
2183.62
2210.11
2240.07
2270.42
2302.85
2334.38
2367.8
2388.94
2354.6
2389.31
2413.04
2574.49
2603.62
2626.27
2558.88
2581.45
2610.43
2639.11
2689.26
2714.22
2660.83
2688.28
2779.29
2791.82
2812.44
2833.39
2850.14
2866.54
2882.73
2903.8
2921.54
2937.69
2883.57
2898.72
2922.98
2946.07
3012.39
3033.29
17.6736
18.3821
18.4016
19.1237
20.276
23.7599
23.0792
22.5656
23.474
26.2305
23.5122
26.2432
25.6758
28.0821
28.4179
29.8339
32.346
32.1469
44.3588
42.8798
52.9882
55.0298
71.2862
72.9878
106.665
120.13
172.043
164.018
367.117
383.318
416.303
496.192
606.576
684.137
761.601
911.007
905.235
922.015
1086.67
1146.94
1220.58
1379.05
1318.18
1500.8
1374.37
1355.39
1426.48
1488.21
1567.36
1559.34
1566.6
1702.05
1734.53
1720.32
1748.98
1789.84
1885.13
1936.04
1968.77
2129.28
2157.94
2192.69
2218.98
2248.71
2278.87
2310.98
2342.21
2375.46
2396.5
2357.1
2394.6
2418.18
2580.22
2609.24
2631.78
2565.7
2588.16
2616.95
2645.45
2694.83
2719.66
2666.85
2694.19
2783.67
2796.15
2816.73
2837.64
2854.35
2870.68
2886.79
2907.78
2925.4
2941.48
2887.9
2902.99
2927.21
2950.19
3015.27
3036.12
17.9925
18.039
19.828
18.7267
20.4762
21.4379
21.4206
21.7846
22.5529
24.0846
23.9083
25.74
27.1904
27.6529
33.2397
34.6253
40.7563
35.2326
41.799
44.5742
46.0263
59.3192
50.6539
90.4846
78.5716
175.723
189.142
314.415
322.018
456.49
494.677
567.971
525.99
658.407
814.472
823.65
822.298
913.147
1061.43
1158.08
1236.28
1390.37
1333.67
1510.67
1365.53
1328.69
1442.44
1576.85
1699.38
1753.12
1628.06
1813.05
1752.25
1729.98
1760.02
1800.55
1893.48
1939.82
1975.61
2135.28
2163.77
2198.35
2224.52
2254.08
2284.09
2316.03
2347.13
2380.21
2401.22
2306.29
2331.39
2359.21
2584.02
2612.94
2635.39
2570.08
2592.47
2621.14
2649.53
2697.31
2722.1
2670.77
2698.04
2789.16
2801.55
2822.07
2842.91
2859.55
2875.81
2891.87
2912.78
2930.26
2946.24
2890.15
2905.22
2929.38
2952.32
3022.69
3043.41
18.7813
18.9777
18.8098
21.2604
21.0038
22.1017
22.6926
22.5996
24.5598
25.9462
26.3366
29.4519
28.222
25.61
30.3204
38.8426
37.1622
45.3542
39.0809
58.7603
57.3985
99.6068
60.3578
99.7437
95.423
107.041
307.832
225.212
399.91
500.869
515.867
538.712
684.043
698.388
789.411
870.628
841.609
966.554
1027.72
1163.83
1257.86
1403.64
1451.6
1505.15
1270.92
1316.89
1455.2
1586.57
1709.12
1763.17
1636.55
1825.66
1766.09
1738.81
1943.6
1975.22
1902.78
1947.09
1983.84
2146.45
2174.83
2209.11
2234.99
2264.29
2294.06
2325.64
2356.47
2390.72
2411.5
2314.27
2339.27
2366.95
2591
2619.84
2642.17
2575.25
2597.52
2626.02
2654.29
2700.66
2725.39
2677.59
2704.78
2793.82
2806.16
2826.63
2847.4
2863.99
2880.14
2896.07
2916.86
2934.26
2950.16
2893.55
2908.55
2932.55
2955.44
3025.04
3045.7
17.5783
18.9211
19.7351
20.4245
20.6263
21.7997
22.5592
23.2364
27.5064
23.3693
27.2634
26.1432
28.733
26.23
30.751
36.189
33.5072
40.7222
64.5731
47.6835
51.9843
59.7061
62.1395
113.051
81.2455
95.7515
319.032
186.955
332.255
513.616
585.221
610.065
792.356
781.313
807.536
819.075
827.511
1018.58
1038.3
1176.25
1271.89
1411.08
1458.94
1512.12
1280.02
1345.42
1466.29
1563.7
1713.55
1772.48
1648.53
1835.32
1775.23
1744.37
1950.43
1981.86
1912.74
1957.72
1989
2153.79
2182.07
2216.18
2241.78
2270.88
2300.48
2331.85
2362.56
2326.84
2361.79
2319.57
2344.44
2372
2598.26
2627.01
2649.2
2581.52
2603.64
2631.98
2660.15
2706.25
2730.87
2684.19
2711.24
2797.92
2810.19
2830.59
2851.28
2867.82
2883.9
2899.72
2920.43
2937.74
2953.56
2897.49
2912.46
2936.4
2959.23
3028.47
3049.04
18.4125
19.244
20.173
19.6855
20.1796
22.8342
23.2209
24.0562
24.4008
26.0358
25.3677
28.6397
27.2038
31.5112
32.772
47.5593
43.7606
40.5578
36.7045
46.8824
53.0628
69.1469
88.1758
169.756
160.059
157.219
224.506
199.283
504.082
351.192
609.209
748.813
717.717
721.71
711.351
754.408
826.164
1089.55
1056.41
1153.58
1382.48
1422.96
1470.5
1523.2
1292.46
1362.58
1478.93
1578.45
1722.05
1779.85
1657.29
1842.03
1877.08
1753.49
1957.41
1988.59
1918.76
1971.58
2055.49
2159.15
2187.26
2221.17
2246.68
2275.62
2304.93
2336.15
2366.72
2339.19
2373.86
2332.77
2357.47
2384.8
2605.52
2634.11
2656.11
2584.84
2606.81
2635.04
2663.07
2712.35
2736.79
2688.22
2715.15
2800.37
2812.59
2832.99
2853.64
2870.12
2886.17
2901.95
2922.65
2939.92
2955.74
2905.52
2920.4
2944.13
2966.85
3033.7
3054.16
19.0367
19.751
19.1018
18.9426
20.4635
21.8518
23.9083
23.3627
24.709
26.0112
26.6829
27.4428
31.8901
29.9444
33.1642
32.0645
41.0635
43.6781
42.0273
57.833
57.7529
81.443
81.5421
75.3169
100.849
174.504
246.029
292.189
469.99
419.852
503.628
503.712
823.667
812.865
720.525
915.11
848.761
992.992
1155.96
1164.64
1395.92
1435.95
1483.16
1535.39
1402.82
1441.67
1488.45
1584.74
1558.03
1797.6
1671.49
1852.01
1883.47
1763.74
1803.83
1866.21
1928.03
1997.08
2061.62
2167.09
2195
2228.68
2254.06
2282.78
2311.89
2342.9
2373.33
2344.33
2378.87
2337.71
2362.29
2389.5
2553.08
2585.44
2606.42
2593.34
2615.21
2643.22
2671.11
2717.78
2742.13
2655.61
2678.04
2807.16
2819.3
2839.58
2860.12
2876.49
2892.38
2908.05
2928.63
2945.75
2961.47
2908.53
2923.35
2947.01
2969.69
3035.71
3056.11
18.0059
20.2546
19.55
21.2613
21.0174
22.7817
26.086
24.4008
24.1204
27.2484
25.6918
31.4741
29.5943
31.2244
43.6398
30.1784
36.0873
39.1892
44.7396
52.9633
48.0304
109.605
79.8605
101.747
123.672
176.647
329.269
249.133
403.193
428.954
556.905
668.308
787.64
670.822
856.389
909.961
874.033
1005.19
1164.15
1174.89
1406.99
1446.77
1495.56
1547.48
1411.63
1450.29
1493.25
1589.28
1566.17
1809.46
1677.07
1863.17
1689.85
1767.63
1808.08
1868.35
1934.24
2000.49
2067.38
2176.24
2203.94
2237.44
2262.63
2291.1
2319.95
2350.81
2381
2347.85
2382.31
2341.14
2365.66
2392.8
2558.04
2590.36
2611.28
2595.83
2617.65
2645.6
2673.42
2722.24
2746.49
2657.26
2679.66
2811.98
2824.06
2844.27
2864.7
2881.01
2896.82
2912.42
2932.91
2949.98
2965.65
2913.24
2927.98
2951.53
2974.11
3040.8
3061.11
18.7543
18.4495
21.4218
22.9748
23.0413
22.4403
23.5582
22.9347
24.8712
27.9176
25.8152
27.1624
33.1937
32.7247
27.6439
37.4923
40.5515
42.9363
45.8638
60.2212
82.2847
110.576
86.5099
68.2778
203.894
293.491
343.55
420.347
406.967
515.586
610.236
698.963
798.257
828.478
892.638
863.345
990.297
913.897
1132.28
1211.74
1414.69
1454.22
1506.54
1558.14
1413.21
1450.42
1502.69
1605.35
1580.62
1819.56
1754.55
1879.84
1703.9
1780.14
1882.88
1920.88
1803.34
2011.67
2079.42
2189.87
2217.3
2250.56
2275.45
2303.52
2332.05
2362.66
2392.61
2354.18
2388.52
2347.44
2371.85
2398.88
2561.4
2593.66
2614.49
2602.59
2624.23
2652.01
2679.64
2729.38
2753.53
2664.11
2686.47
2816.02
2828.03
2848.17
2868.5
2884.76
2900.5
2916.06
2936.45
2953.48
2969.11
2919.04
2933.69
2957.13
2979.66
3043.79
3064.04
