99

0.009943
0.019804
0.029746
0.039708
0.049698
0.059372
0.069401
0.07976
0.089586
0.099557
0.109554
0.11932
0.129251
0.139438
0.149733
0.159702
0.169776
0.179549
0.189333
0.199018
0.209501
0.219666
0.229225
0.239158
0.249274
0.259202
0.269042
0.279211
0.289534
0.299507
0.309295
0.319206
0.329423
0.339268
0.348974
0.359305
0.369092
0.379139
0.38942
0.399666
0.40967
0.419763
0.429204
0.439621
0.450557
0.460054
0.47041
0.479903
0.489544
0.49945
0.500051
0.500051
0.500051
0.500051
0.500051
0.500051
0.500051
0.500051
0.500051
0.500051
0.500051
0.500051
0.500051
0.500051
0.500051
0.500051
0.500051
0.500051
0.500051
0.500051
0.500051
0.500051
0.500051
0.500051
0.500051
0.500051
0.500051
0.4999
0.4999
0.4999
0.4999
0.4999
0.4999
0.4999
0.4999
0.4999
0.4999
0.4999
0.4999
0.4999
0.4999
0.4999
0.4999
0.4999
0.4999
0.4999
0.4999
0.4999
0.4999
