99

2.51318
2.54055
2.58216
2.62108
2.66612
2.70585
2.73843
2.78008
2.82335
2.87422
2.92919
2.97923
3.03661
3.08822
3.14709
3.2124
3.28131
3.35224
3.43536
3.51349
3.61176
3.71295
3.81675
3.92016
4.04524
4.16468
4.30647
4.45785
4.62169
4.79946
4.99195
5.21846
5.46437
5.75548
6.07335
6.39253
6.79061
7.23043
7.7585
8.46772
9.29727
10.3338
11.6567
13.5779
16.2789
19.9785
26.8912
38.3613
70.71
1247.88
9558.65
19215.2
28309.7
37112.9
45386.8
53325.3
61321.2
68821.3
76169.1
83267
89895
96478.7
102820
108913
114946
120741
126501
132020
137336
142589
147723
152564
157323
162068
166649
170979
175259
179461
183546
187537
191351
195047
198725
202230
205835
209256
212609
215799
219023
222184
225316
228246
231208
234096
236811
239603
242328
244996
247553
