99

0.019742
0.039307
0.059283
0.07931
0.099594
0.118969
0.138788
0.159577
0.179156
0.199022
0.21947
0.238972
0.258956
0.279198
0.299612
0.319448
0.339623
0.359315
0.379399
0.398919
0.419999
0.440341
0.459972
0.47928
0.499922
0.520124
0.54009
0.560599
0.580841
0.60082
0.619868
0.639911
0.66006
0.680657
0.700181
0.719657
0.739502
0.759294
0.779348
0.799743
0.819894
0.84047
0.859414
0.879914
0.900547
0.919871
0.940991
0.960845
0.979339
0.999363
0.999998
0.999998
0.999998
0.999998
0.999998
0.999998
0.999998
0.999998
0.999998
0.999998
0.999998
0.999998
0.999998
0.999998
0.999998
0.999998
0.999998
0.999998
0.999998
0.999998
0.999998
0.999998
0.999998
0.999998
0.999998
0.999998
0.999998
0.999999
0.999999
0.999999
0.999999
0.999999
0.999999
0.999999
0.999999
0.999999
0.999999
0.999999
0.999999
0.999999
0.999999
0.999999
0.999999
0.999999
0.999999
0.999999
0.999999
0.999999
0.999999
