99

0.009958
0.019897
0.029985
0.040086
0.050016
0.059896
0.069687
0.079722
0.089779
0.099602
0.109454
0.119779
0.129656
0.139794
0.149975
0.159866
0.170012
0.179907
0.189765
0.199834
0.210052
0.220167
0.230398
0.239907
0.250053
0.260345
0.270386
0.28051
0.290463
0.300032
0.310536
0.320267
0.323181
0.32432
0.323439
0.324023
0.323512
0.323969
0.323334
0.323769
0.323751
0.323716
0.323166
0.323451
0.323491
0.324054
0.324403
0.32415
0.323406
0.324143
0.323589
0.32368
0.324034
0.323816
0.32393
0.324086
0.323593
0.323985
0.323441
0.323408
0.323398
0.32405
0.324324
0.323506
0.323292
0.324398
0.323426
0.324081
0.324081
0.324324
0.324041
0.323032
0.323032
0.323688
0.323688
0.323688
0.323872
0.323423
0.324067
0.324067
0.323027
0.323027
0.323027
0.323027
0.323027
0.323027
0.323027
0.323876
0.323621
0.323443
0.323443
0.323443
0.323983
0.323983
0.32362
0.324117
0.324117
0.323718
0.323718
