99

0.039973
0.081096
0.123842
0.167722
0.212394
0.257795
0.3058
0.354867
0.406388
0.45795
0.515019
0.574825
0.635199
0.699848
0.767224
0.846696
0.923847
1.01073
1.09257
1.19578
1.31452
1.4393
1.58749
1.72676
1.92251
2.18252
2.46083
2.9401
3.41274
4.19545
5.86639
9.55918
19.5947
19.9085
19.899
19.9552
19.9311
19.9605
19.9722
19.9825
19.9857
19.9853
19.9913
19.9928
19.994
19.9928
19.9949
19.9955
19.997
19.9964
19.9964
19.9974
19.9973
19.9976
19.9985
19.9984
19.9986
19.9984
19.9985
19.9985
19.9984
19.9982
19.9988
19.9984
19.9989
19.9984
19.9984
19.9987
19.9987
19.9987
19.9987
19.9991
19.9991
19.9992
19.9992
19.9992
19.9989
19.9989
19.9989
19.9989
19.9992
19.9992
19.9992
19.9992
19.9992
19.9992
19.9992
19.9989
19.9991
19.9992
19.9992
19.9992
19.9993
19.9993
19.9995
19.9993
19.9993
19.9992
19.9992
