99

4.51948
4.58423
4.64254
4.70199
4.77261
4.83498
4.92707
4.99701
5.07983
5.16296
5.28502
5.38993
5.50783
5.63218
5.75971
5.9704
6.13114
6.34724
6.5203
6.80878
7.14863
7.5238
7.99495
8.41328
9.12993
10.1558
11.3184
14.0189
16.4038
21.7416
37.114
110.164
10240
23618.4
38247
51025.6
64436.4
73987.2
86079.8
95472.1
105396
113613
124523
133394
141998
147342
155819
162647
170216
175868
182742
189517
193701
200290
205640
210638
216444
220578
226413
230426
235245
238681
242761
248103
250884
255051
259399
261974
265536
268717
271999
276024
279131
281106
284041
286837
290283
293070
294995
297524
300876
303272
305602
307919
310194
312449
314639
316439
318508
320975
322905
324908
326126
327892
329782
331028
332798
335498
337135
