9801

0.0099
0.0164
0.023
0.0332
0.0419
0.0527
0.0587
0.0732
0.0807
0.0932
0.1104
0.1325
0.1516
0.1618
0.1837
0.1893
0.2217
0.2743
0.2875
0.3352
0.3667
0.3679
0.4299
0.4094
0.4817
0.5372
0.5993
0.6406
0.8283
0.8547
1.0127
1.0878
1.0459
1.5384
1.6345
1.6201
1.7106
2.6771
2.4828
3.1119
2.5253
4.3684
6.7788
5.0248
6.3114
8.945
9.2977
9.581
9.2625
9.5263
9.6506
9.6265
9.7484
9.8066
9.7624
9.7624
9.6466
9.8134
9.8521
9.8662
9.909
9.813
9.8466
9.8357
9.949
9.9387
9.9394
9.9174
9.9183
9.931
9.931
9.931
9.9282
9.9272
9.9115
9.9368
9.9368
9.9363
9.9379
9.9379
9.9379
9.9416
9.9479
9.9692
9.9692
9.9692
9.9692
9.9639
9.9781
9.9781
9.9781
9.9781
9.9781
9.9795
9.9795
9.9795
9.9795
9.9795
9.9795
0.012
0.0185
0.0255
0.0343
0.0485
0.0549
0.0609
0.0715
0.0841
0.0965
0.1137
0.1425
0.1583
0.1752
0.1881
0.2181
0.2272
0.2942
0.2776
0.3174
0.3589
0.3679
0.4076
0.4602
0.4718
0.5368
0.5401
0.6494
0.8001
0.9357
1.0013
1.1587
1.0676
1.5487
1.5872
1.6188
1.7466
2.1587
2.1972
2.9651
2.5922
4.6119
8.0398
6.3861
7.6448
8.5773
8.7943
9.6659
9.6745
9.685
9.4795
9.722
9.7484
9.8634
9.7912
9.774
9.6466
9.7905
9.8512
9.8692
9.909
9.813
9.8466
9.8415
9.949
9.9387
9.9394
9.9243
9.9183
9.931
9.931
9.931
9.9282
9.9272
9.9115
9.9368
9.9368
9.9363
9.9379
9.9379
9.9379
9.9479
9.9479
9.9692
9.9692
9.9692
9.9692
9.9639
9.9781
9.9781
9.9781
9.9781
9.9781
9.9795
9.9795
9.9795
9.9795
9.9795
9.9795
0.0134
0.0207
0.0281
0.0381
0.0475
0.0587
0.0615
0.0737
0.0852
0.102
0.1188
0.1414
0.1586
0.1774
0.1992
0.2108
0.2121
0.2886
0.2594
0.3068
0.3383
0.3754
0.4133
0.4646
0.4773
0.5412
0.598
0.701
0.8428
0.971
1.1117
1.1248
1.1515
1.543
1.7209
1.6167
1.9623
2.004
2.485
2.9014
2.8131
7.4462
7.8562
6.4219
8.2748
8.731
9.2226
9.4527
9.6039
9.5193
9.6626
9.769
9.8095
9.8095
9.7194
9.7471
9.6706
9.8144
9.7959
9.8571
9.8571
9.813
9.8466
9.8415
9.949
9.9387
9.9394
9.9323
9.9364
9.9364
9.9364
9.9411
9.9411
9.9272
9.9115
9.9368
9.9368
9.9386
9.9386
9.9386
9.9386
9.9479
9.9479
9.9692
9.9692
9.9692
9.9692
9.9639
9.9781
9.9781
9.9781
9.9781
9.9781
9.9795
9.9795
9.9795
9.9795
9.9795
9.9795
0.0147
0.0228
0.0294
0.0403
0.0471
0.0602
0.0653
0.0726
0.0876
0.1165
0.1255
0.1414
0.1519
0.173
0.2003
0.2184
0.2395
0.2765
0.2754
0.3097
0.3186
0.36
0.3951
0.4434
0.494
0.57
0.5522
0.6734
0.8919
0.9626
1.1309
1.0667
1.168
1.4132
1.6379
1.7595
1.8875
1.8932
2.8949
2.6179
4.4422
4.5056
7.0851
8.2358
9.2947
9.1125
9.0651
9.7163
9.734
9.663
9.6996
9.8676
9.7799
9.8333
9.7339
9.7484
9.6706
9.7838
9.8022
9.8571
9.8571
9.8183
9.8466
9.8415
9.949
9.9387
9.9394
9.9323
9.9364
9.9364
9.9364
9.9411
9.9411
9.9272
9.9115
9.9368
9.9368
9.9386
9.9386
9.9386
9.9386
9.9479
9.9479
9.9724
9.9724
9.9724
9.9724
9.9736
9.9781
9.9781
9.9781
9.9781
9.9781
9.9795
9.9795
9.9795
9.9795
9.9795
9.9795
0.0182
0.0251
0.034
0.0396
0.0504
0.0609
0.0692
0.0781
0.0948
0.1242
0.1211
0.1436
0.1597
0.1752
0.2061
0.2338
0.2362
0.261
0.2798
0.3141
0.3352
0.3555
0.4222
0.4718
0.4917
0.5578
0.5723
0.7021
0.8807
0.8996
1.0927
1.0477
1.2732
1.4867
1.6356
1.6628
1.7927
2.0931
3.0153
2.7543
5.9924
4.0144
7.3139
8.1161
9.3762
9.1174
9.0395
9.0918
9.734
9.7119
9.6598
9.8676
9.8333
9.8333
9.7474
9.7479
9.6387
9.8075
9.7567
9.8571
9.8571
9.8183
9.859
9.8415
9.949
9.9387
9.9394
9.9323
9.9364
9.9364
9.9364
9.9411
9.9411
9.9272
9.9115
9.9368
9.9368
9.9386
9.9386
9.9386
9.9386
9.9479
9.9479
9.9724
9.9724
9.9724
9.9724
9.9736
9.9781
9.9781
9.9781
9.9781
9.9781
9.9795
9.9795
9.9795
9.9795
9.9795
9.9795
0.0205
0.0298
0.0405
0.0438
0.0565
0.0664
0.0731
0.0819
0.0917
0.111
0.1249
0.1491
0.1708
0.1904
0.2193
0.2283
0.235
0.2643
0.2942
0.3085
0.3364
0.3645
0.4321
0.4579
0.4624
0.5593
0.5715
0.701
0.8854
0.9834
1.1061
1.0757
1.2699
1.4521
1.7422
1.8163
2.035
1.9831
2.6997
2.5794
3.9622
6.7658
7.6903
8.8607
9.3665
9.0354
9.0863
9.66
9.6313
9.8122
9.51
9.8119
9.8332
9.7681
9.7474
9.7479
9.6559
9.8075
9.7954
9.7691
9.7748
9.9163
9.9163
9.8683
9.9196
9.9364
9.9364
9.9364
9.9364
9.9364
9.9364
9.9419
9.9419
9.9272
9.9115
9.9368
9.9368
9.9386
9.9386
9.9386
9.9386
9.9479
9.9479
9.9724
9.9724
9.9724
9.9724
9.9736
9.9781
9.9781
9.9781
9.9781
9.9781
9.9795
9.9795
9.9795
9.9795
9.9795
9.9795
0.0255
0.0353
0.0431
0.0471
0.06
0.0642
0.0775
0.0831
0.0961
0.1077
0.1227
0.1463
0.1596
0.1982
0.2149
0.2294
0.2294
0.2743
0.2886
0.3085
0.3622
0.3767
0.4646
0.494
0.4255
0.5982
0.5915
0.7493
0.8556
0.9738
1.0927
1.0656
1.2141
1.4117
1.7264
1.8351
1.9948
3.0667
3.2822
3.1356
4.3209
7.4121
8.4999
9.2394
8.6521
9.301
9.5258
9.4012
9.7553
9.7152
9.7008
9.8041
9.7246
9.7846
9.7744
9.7745
9.736
9.8075
9.8913
9.7691
9.7748
9.9163
9.9163
9.8683
9.9196
9.9364
9.9364
9.9364
9.9364
9.9364
9.9364
9.9419
9.9419
9.9272
9.9115
9.9368
9.9368
9.9386
9.9386
9.9386
9.9386
9.9479
9.9492
9.9724
9.9724
9.9724
9.9724
9.9736
9.9781
9.9781
9.9781
9.9781
9.9781
9.9795
9.9795
9.9795
9.9795
9.9795
9.9795
0.0249
0.0364
0.0409
0.0471
0.0615
0.0666
0.0765
0.0842
0.1038
0.1143
0.1282
0.1475
0.1651
0.2072
0.2149
0.225
0.2373
0.2555
0.2853
0.3008
0.3511
0.4364
0.474
0.5006
0.4321
0.6373
0.6599
0.6844
0.8208
0.9301
1.1095
1.0198
1.2966
1.3722
1.6509
2.0147
2.2074
2.8238
3.098
3.1299
5.1923
6.3888
5.6877
7.6527
8.7002
9.1061
9.3551
9.5272
9.6221
9.3666
9.7791
9.6224
9.7703
9.7271
9.89
9.9141
9.8188
9.8772
9.8999
9.9244
9.9509
9.889
9.8983
9.9051
9.9088
9.9391
9.9391
9.9391
9.9473
9.9473
9.9473
9.9473
9.9661
9.9661
9.9487
9.9611
9.9611
9.9611
9.9611
9.9415
9.9383
9.9724
9.9724
9.9724
9.9724
9.9724
9.9724
9.9736
9.9781
9.9781
9.9781
9.9781
9.9781
9.9795
9.9795
9.9795
9.9795
9.9795
9.9795
0.0278
0.037
0.0438
0.0562
0.0642
0.0688
0.0837
0.0967
0.1104
0.1226
0.1326
0.1604
0.183
0.2039
0.2116
0.2239
0.2494
0.2632
0.2897
0.3202
0.356
0.4331
0.4718
0.4984
0.4546
0.6561
0.6505
0.7844
0.8196
0.9208
1.166
1.0498
1.3086
1.6262
1.8328
2.1335
2.6107
3.1395
4.4831
5.5133
6.8154
7.2343
6.133
8.1329
7.8424
9.3592
9.3201
9.5787
9.6244
9.3983
9.6679
9.5408
9.7206
9.7282
9.89
9.9141
9.8201
9.8772
9.8999
9.9244
9.9509
9.8903
9.8983
9.9051
9.9088
9.9391
9.9391
9.9391
9.9473
9.9473
9.9473
9.9473
9.9661
9.9661
9.9487
9.9611
9.9611
9.9611
9.9611
9.9415
9.9383
9.9724
9.9724
9.9724
9.9724
9.9724
9.9724
9.9736
9.9781
9.9781
9.9781
9.9781
9.9781
9.9795
9.9795
9.9795
9.9795
9.9795
9.9795
0.0302
0.037
0.0449
0.0551
0.0764
0.071
0.0866
0.096
0.1071
0.1152
0.1315
0.1571
0.1863
0.205
0.2094
0.2184
0.2494
0.2688
0.2953
0.3235
0.3793
0.4762
0.4568
0.5006
0.4658
0.6811
0.6988
0.9095
0.9221
0.8785
1.1103
1.0198
1.4275
1.68
1.919
2.0915
2.9514
3.6745
4.9434
4.4341
6.6385
7.1209
7.0376
8.3424
8.9726
8.7094
8.9052
9.6824
9.6244
9.2831
9.6121
9.5955
9.7269
9.7282
9.89
9.9141
9.855
9.8772
9.8999
9.9244
9.9509
9.8903
9.8983
9.9051
9.9088
9.9391
9.9391
9.9391
9.9473
9.9473
9.9473
9.9473
9.9661
9.9661
9.9487
9.9611
9.9611
9.9611
9.9611
9.9415
9.9383
9.9724
9.9724
9.9724
9.9724
9.9724
9.9724
9.9736
9.9781
9.9781
9.9781
9.9781
9.9781
9.9795
9.9795
9.9795
9.9795
9.9795
9.9795
0.0315
0.0381
0.0476
0.0642
0.0865
0.0791
0.0847
0.1038
0.1064
0.1252
0.1371
0.1615
0.1952
0.2039
0.216
0.2406
0.255
0.2732
0.2953
0.3324
0.3493
0.4309
0.4423
0.4784
0.4917
0.6944
0.6944
0.9604
0.8818
0.9783
1.1114
0.9822
1.3694
1.6196
2.6638
2.7655
2.4442
3.3321
6.0653
5.8611
8.4274
8.2443
7.9027
8.8398
9.2254
9.0205
9.0481
9.4795
9.6026
9.3239
9.7491
9.6841
9.7269
9.7076
9.89
9.9141
9.8741
9.8772
9.8889
9.9509
9.9509
9.8903
9.9246
9.9246
9.9088
9.9391
9.9391
9.9391
9.9473
9.9473
9.9473
9.9473
9.9661
9.9661
9.9487
9.9289
9.9289
9.9596
9.9526
9.9415
9.9383
9.9724
9.9724
9.9724
9.9724
9.9724
9.9724
9.9736
9.9781
9.9781
9.9781
9.9781
9.9781
9.9795
9.9795
9.9795
9.9795
9.9795
9.9795
0.037
0.0425
0.0559
0.0642
0.0742
0.0746
0.086
0.0994
0.1142
0.1242
0.1448
0.1671
0.1964
0.1958
0.2225
0.2668
0.2583
0.2711
0.3002
0.3495
0.3823
0.4528
0.4644
0.4951
0.5618
0.6542
0.6977
0.9592
0.8765
0.9132
1.2629
0.9285
1.4905
1.5728
1.752
2.6922
2.7281
3.1823
3.2973
5.5312
4.8578
7.4137
7.3773
9.1762
9.2247
9.3034
9.4588
9.6193
9.5964
9.6762
9.5801
9.5479
9.7269
9.7453
9.89
9.9141
9.892
9.8772
9.8798
9.8643
9.9379
9.9106
9.9425
9.943
9.9617
9.9286
9.9391
9.9391
9.9391
9.9499
9.9499
9.9499
9.9661
9.9661
9.9487
9.9289
9.9289
9.9596
9.9526
9.9503
9.9592
9.9724
9.9724
9.9724
9.9724
9.9724
9.9724
9.9736
9.9781
9.9781
9.9781
9.9781
9.9781
9.9795
9.9795
9.9795
9.9795
9.9795
9.9795
0.0458
0.0414
0.0564
0.0631
0.0798
0.0757
0.0917
0.0983
0.1186
0.1264
0.143
0.1697
0.193
0.1947
0.2203
0.2478
0.2594
0.2843
0.3011
0.3278
0.3703
0.4735
0.474
0.5541
0.5806
0.6588
0.6701
0.873
0.9364
0.9963
1.6052
1.0824
1.3431
1.6237
1.8152
2.5628
3.3893
3.2826
4.8369
6.4431
6.1714
7.8338
8.8041
8.9664
9.6027
9.6681
9.2528
9.7126
9.7661
9.7887
9.7186
9.7628
9.7628
9.8148
9.8218
9.802
9.7834
9.8142
9.8299
9.8946
9.9089
9.8719
9.9068
9.9068
9.9385
9.9212
9.9525
9.9547
9.9547
9.913
9.913
9.913
9.944
9.9293
9.9265
9.9265
9.9265
9.9255
9.9323
9.9381
9.9381
9.9718
9.9314
9.9562
9.9562
9.9669
9.9669
9.9669
9.9669
9.9669
9.9669
9.9669
9.9669
9.9715
9.9616
9.967
9.967
9.967
9.967
0.0513
0.045
0.0597
0.0615
0.0776
0.0917
0.0978
0.1016
0.1319
0.1386
0.1569
0.1774
0.1905
0.1981
0.2377
0.2671
0.2694
0.2832
0.3066
0.3582
0.3922
0.4743
0.4555
0.5129
0.5553
0.6216
0.6414
0.8841
0.94
1.0764
1.3701
1.1572
1.4523
1.7095
2.0915
2.8626
4.0935
4.2546
6.0973
7.5725
7.7654
7.283
8.1655
8.9014
8.8421
9.0477
9.3446
9.599
9.5695
9.7532
9.7471
9.7637
9.7663
9.8148
9.875
9.875
9.8914
9.8747
9.889
9.8946
9.9089
9.8719
9.9068
9.9068
9.9385
9.9212
9.9525
9.9547
9.9547
9.913
9.913
9.913
9.944
9.9293
9.9332
9.9332
9.9332
9.9365
9.9365
9.9426
9.9426
9.9718
9.9314
9.9562
9.9562
9.9407
9.9407
9.9407
9.9407
9.9407
9.9619
9.9619
9.965
9.965
9.965
9.965
9.965
9.965
9.965
0.0604
0.0505
0.0608
0.07
0.0934
0.095
0.0994
0.1115
0.1386
0.1364
0.1643
0.1716
0.205
0.2189
0.2499
0.2782
0.2751
0.2821
0.3033
0.3401
0.3922
0.5009
0.4441
0.4928
0.6211
0.6306
0.6734
0.9208
0.9913
1.2673
1.4172
1.2893
1.3512
1.5964
2.2899
2.5143
2.8111
3.7932
7.3298
5.3012
8.6399
8.4637
8.2103
8.8078
9.0353
9.3931
9.5374
9.618
9.6594
9.7532
9.8228
9.7645
9.7191
9.8148
9.875
9.875
9.8914
9.8747
9.889
9.8946
9.9089
9.8719
9.9068
9.9068
9.9385
9.9212
9.9525
9.9547
9.9547
9.9203
9.9203
9.9203
9.944
9.9293
9.9332
9.9332
9.9332
9.9365
9.9365
9.9426
9.9426
9.9718
9.9314
9.9562
9.9562
9.9407
9.9407
9.9407
9.9407
9.9407
9.9619
9.9619
9.965
9.965
9.965
9.965
9.965
9.965
9.965
0.0561
0.0586
0.0733
0.0834
0.0922
0.095
0.1104
0.1203
0.1441
0.143
0.1643
0.186
0.1993
0.2182
0.2436
0.2727
0.2895
0.2944
0.3177
0.3582
0.4283
0.5206
0.4441
0.5028
0.5881
0.6921
0.7574
0.9945
0.9846
1.1738
1.2698
1.2734
1.4112
1.5027
2.2065
2.213
3.3022
2.8546
7.4052
3.6355
7.3121
8.8009
7.6257
9.2097
8.9373
9.3723
9.686
9.7975
9.641
9.6421
9.8228
9.8474
9.7545
9.8148
9.875
9.875
9.8914
9.8747
9.889
9.8946
9.9089
9.9022
9.9068
9.9068
9.9388
9.9212
9.9525
9.9547
9.9547
9.9203
9.9203
9.9203
9.944
9.9293
9.9332
9.9332
9.9332
9.9365
9.9365
9.9426
9.9426
9.9718
9.9323
9.9562
9.9562
9.9737
9.9737
9.9636
9.9636
9.9618
9.962
9.962
9.962
9.962
9.962
9.962
9.962
9.9583
9.9683
0.0539
0.0575
0.0744
0.0811
0.0889
0.0917
0.1071
0.1359
0.1555
0.1419
0.1708
0.1842
0.1987
0.2193
0.2455
0.2738
0.3073
0.3211
0.3233
0.3969
0.4305
0.513
0.4285
0.513
0.6155
0.7268
0.8062
1.1005
0.9925
1.2717
1.2523
1.4415
1.4258
1.5847
2.0646
2.1601
3.0766
2.8261
5.7871
7.0225
9.0896
9.1784
9.3658
9.1199
9.0931
9.6702
9.7991
9.6758
9.6489
9.6421
9.8228
9.8474
9.7854
9.8148
9.875
9.875
9.8914
9.8747
9.889
9.8946
9.9236
9.9068
9.9068
9.9068
9.9388
9.9212
9.9525
9.9436
9.9457
9.9203
9.9203
9.9203
9.944
9.9293
9.9332
9.9332
9.9332
9.9365
9.9365
9.9426
9.9426
9.9718
9.9323
9.9562
9.9562
9.9737
9.9737
9.9636
9.9636
9.9618
9.962
9.962
9.962
9.962
9.962
9.962
9.962
9.9583
9.9683
0.0616
0.0675
0.0678
0.0889
0.1033
0.1071
0.1176
0.1386
0.1595
0.1452
0.1886
0.1931
0.1953
0.2072
0.2549
0.2762
0.3152
0.3133
0.3445
0.3835
0.4059
0.4718
0.4693
0.5457
0.6874
0.691
0.7957
1.1106
1.0033
1.1618
1.4606
1.4786
1.3626
1.6266
2.3633
2.4565
6.519
3.4071
3.7383
6.9062
8.6709
9.0794
9.4073
9.5931
9.6281
9.4835
9.4942
9.6505
9.6489
9.7914
9.8228
9.8474
9.7854
9.7841
9.875
9.875
9.8914
9.8747
9.889
9.8946
9.9236
9.9068
9.9068
9.9068
9.9388
9.9212
9.9525
9.9436
9.9457
9.9203
9.9203
9.9203
9.944
9.9293
9.9332
9.9332
9.9332
9.9365
9.9365
9.9426
9.9426
9.9718
9.9323
9.9562
9.9562
9.9713
9.9713
9.9788
9.9788
9.9788
9.9788
9.9788
9.9788
9.9788
9.9788
9.9788
9.9788
9.9788
9.9788
0.0634
0.0744
0.0744
0.0934
0.1121
0.1148
0.1203
0.1419
0.1677
0.16
0.1882
0.1942
0.1998
0.2092
0.2591
0.2782
0.2864
0.3481
0.3646
0.415
0.4261
0.5039
0.513
0.549
0.695
0.6723
0.8698
0.9121
0.9054
1.294
1.3853
1.3771
1.4476
1.4654
2.4978
2.6162
4.6911
4.0919
4.3872
6.1676
8.8753
9.2226
9.4647
9.4364
9.5858
9.6066
9.5901
9.6364
9.6916
9.7597
9.8049
9.8049
9.7772
9.7912
9.875
9.875
9.8914
9.8747
9.889
9.8946
9.9236
9.9068
9.9068
9.9068
9.9388
9.9212
9.9525
9.9436
9.9457
9.9316
9.9316
9.9316
9.944
9.9293
9.9332
9.9332
9.9332
9.9365
9.9365
9.9426
9.9426
9.9718
9.9323
9.9562
9.9562
9.9713
9.9713
9.9788
9.9788
9.9788
9.9788
9.9788
9.9788
9.9788
9.9788
9.9788
9.9788
9.9788
9.9788
0.0733
0.0766
0.0733
0.0922
0.1165
0.1203
0.1237
0.1452
0.1799
0.1888
0.1993
0.192
0.2021
0.2301
0.2779
0.286
0.2908
0.3239
0.3621
0.4003
0.4327
0.4879
0.516
0.5412
0.6049
0.6668
0.8276
0.9674
0.9933
1.3065
1.4677
1.4629
1.356
1.5685
2.8177
3.6018
5.4543
4.253
5.1817
7.7046
8.9589
9.1374
9.2382
9.2955
9.4612
9.4801
9.6001
9.5891
9.6916
9.7597
9.8049
9.8049
9.7772
9.745
9.8495
9.8495
9.8914
9.8747
9.889
9.8946
9.9236
9.9068
9.9068
9.9068
9.9388
9.9212
9.9525
9.9436
9.9457
9.9316
9.9316
9.9316
9.944
9.9293
9.9332
9.9332
9.9332
9.9365
9.9365
9.9426
9.9426
9.9718
9.9323
9.9562
9.9562
9.9713
9.9713
9.9788
9.9788
9.9788
9.9788
9.9788
9.9788
9.9788
9.9788
9.9788
9.9788
9.9788
9.9788
0.0755
0.0766
0.0722
0.0889
0.1187
0.1159
0.1215
0.1503
0.1711
0.1811
0.2035
0.192
0.1953
0.2334
0.2691
0.2837
0.3016
0.347
0.3909
0.4139
0.4285
0.5123
0.516
0.6082
0.5365
0.6767
0.8641
1.0306
0.9628
1.3555
1.3286
1.5149
1.7388
2.3834
2.3801
3.3951
4.4843
6.0671
6.1968
6.4229
9.4197
8.9394
9.3353
9.0726
9.7705
9.5252
9.5064
9.7286
9.8047
9.8371
9.8277
9.7881
9.8003
9.8064
9.8495
9.8495
9.8914
9.8747
9.889
9.8946
9.8967
9.9068
9.9068
9.9068
9.9315
9.9212
9.9525
9.9503
9.9503
9.9316
9.9316
9.9316
9.944
9.9293
9.9332
9.9332
9.9332
9.9365
9.9365
9.9426
9.9426
9.9718
9.9323
9.9562
9.9562
9.9713
9.9713
9.9788
9.9788
9.9788
9.9788
9.9788
9.9788
9.9788
9.9788
9.9788
9.9788
9.9788
9.9788
0.0766
0.0811
0.08
0.1011
0.1176
0.1137
0.1259
0.156
0.1595
0.1643
0.1933
0.201
0.1942
0.2435
0.2691
0.2885
0.3484
0.368
0.4045
0.4284
0.4632
0.561
0.5877
0.6082
0.5936
0.7642
0.8596
1.1129
0.972
1.1753
1.276
1.6338
1.787
2.7413
2.6927
2.9851
4.1648
4.8872
8.122
8.4799
9.0538
8.5632
9.1016
9.6676
9.2986
9.7836
9.6144
9.8211
9.668
9.7543
9.8277
9.7881
9.8003
9.8064
9.8733
9.8733
9.8914
9.8747
9.889
9.8943
9.8967
9.9068
9.9068
9.9068
9.9315
9.923
9.9525
9.9503
9.9503
9.9235
9.9235
9.9235
9.944
9.9293
9.9332
9.9332
9.9332
9.9365
9.9365
9.9426
9.9426
9.9718
9.9286
9.9562
9.9562
9.9713
9.9713
9.9788
9.9788
9.9788
9.9788
9.9788
9.9788
9.9788
9.9788
9.9788
9.9788
9.9788
9.9788
0.0845
0.0889
0.0922
0.1121
0.1231
0.1237
0.1365
0.1592
0.1569
0.1677
0.1989
0.2044
0.2066
0.2457
0.2691
0.2708
0.3317
0.3798
0.4277
0.4129
0.4341
0.5629
0.5751
0.5967
0.5903
0.7517
0.8265
1.1783
0.8634
1.1798
1.1648
1.6139
2.0518
2.3261
2.8898
3.8414
3.9542
8.6328
6.82
8.7706
9.56
9.6251
9.5636
9.4888
9.7813
9.6558
9.4567
9.7986
9.7383
9.7241
9.7298
9.8898
9.7318
9.8789
9.8628
9.8669
9.8496
9.8844
9.8868
9.8418
9.9066
9.9237
9.9092
9.9092
9.9537
9.9424
9.9348
9.9417
9.9417
9.9417
9.9436
9.9551
9.9285
9.9285
9.968
9.968
9.968
9.968
9.968
9.9674
9.9674
9.9651
9.9651
9.9651
9.9651
9.9699
9.9699
9.9744
9.9697
9.9582
9.9582
9.9707
9.9707
9.9707
9.9707
9.9707
9.9707
9.9707
9.9707
0.0867
0.0966
0.1165
0.1253
0.1408
0.1487
0.1548
0.1736
0.1716
0.1944
0.2101
0.2397
0.2308
0.2895
0.2906
0.3041
0.3681
0.3983
0.4321
0.4252
0.4264
0.5352
0.5809
0.654
0.626
0.8028
0.8769
1.1918
1.1136
1.2583
1.224
1.526
1.7948
2.1521
4.5853
5.1642
5.5302
4.6578
6.5592
8.2208
8.9933
9.403
9.5544
9.729
9.815
9.7165
9.8223
9.8638
9.8475
9.9128
9.7143
9.8923
9.8354
9.9463
9.9206
9.9206
9.8776
9.9058
9.9049
9.8734
9.9593
9.9593
9.9512
9.9438
9.9634
9.9678
9.9733
9.9733
9.9733
9.9733
9.9733
9.9733
9.9783
9.9783
9.9329
9.9566
9.9566
9.9605
9.9617
9.9607
9.9607
9.9764
9.9764
9.9665
9.9665
9.9736
9.9736
9.981
9.987
9.9891
9.9891
9.9891
9.9891
9.9891
9.9891
9.9891
9.9891
9.9891
9.9891
0.1011
0.1077
0.1187
0.1297
0.1498
0.1522
0.1548
0.1769
0.1827
0.1976
0.206
0.2608
0.2346
0.2571
0.3181
0.3897
0.3611
0.4356
0.448
0.4632
0.5016
0.4944
0.5647
0.6293
0.6553
0.8033
0.833
1.1964
1.1952
1.46
1.4195
1.4629
1.8506
2.2328
3.9208
3.1953
3.9272
6.5015
7.9323
8.9499
9.3981
9.1491
9.582
9.7371
9.5647
9.7214
9.7677
9.752
9.787
9.769
9.8751
9.8793
9.9321
9.8908
9.97
9.97
9.97
9.97
9.97
9.9753
9.9403
9.9403
9.9447
9.9438
9.9634
9.9678
9.9733
9.9733
9.9733
9.9733
9.9733
9.9733
9.9783
9.9783
9.9329
9.9605
9.9605
9.9617
9.9283
9.9607
9.9607
9.9764
9.9764
9.9665
9.9665
9.9736
9.9736
9.981
9.987
9.9891
9.9891
9.9891
9.9891
9.9891
9.9891
9.9891
9.9891
9.9891
9.9891
0.0988
0.1132
0.1253
0.1308
0.1486
0.1559
0.1691
0.1868
0.1916
0.2066
0.2159
0.2733
0.2733
0.266
0.3259
0.375
0.3709
0.4241
0.4755
0.452
0.5261
0.5577
0.588
0.6506
0.7224
0.8538
0.8964
1.3144
1.1768
1.4634
1.5237
1.5565
2.3545
2.5573
4.2682
4.0775
3.2479
8.495
8.6824
9.3962
9.2112
9.4214
9.3479
9.4977
9.702
9.5464
9.8359
9.8432
9.9009
9.8355
9.8751
9.8793
9.9321
9.9549
9.97
9.97
9.97
9.97
9.97
9.9753
9.9458
9.9347
9.9447
9.9438
9.9634
9.9678
9.9733
9.9733
9.9733
9.9733
9.9733
9.9733
9.9783
9.9783
9.9428
9.9572
9.9572
9.9642
9.9565
9.9565
9.9565
9.9565
9.9565
9.9693
9.9714
9.9736
9.9736
9.9817
9.987
9.9891
9.9891
9.9891
9.9891
9.9891
9.9891
9.9891
9.9891
9.9891
9.9891
0.0904
0.1121
0.1235
0.1297
0.1592
0.1665
0.1676
0.1935
0.1938
0.2242
0.2293
0.2778
0.2671
0.2671
0.3181
0.393
0.3737
0.4351
0.4666
0.443
0.5112
0.6293
0.6059
0.635
0.7969
0.964
1.0876
1.3471
1.3035
1.6233
1.516
1.6756
2.5165
2.3654
4.2354
5.1753
5.1221
8.3138
9.1639
8.9856
9.555
9.3594
9.6678
9.67
9.702
9.6977
9.6778
9.8432
9.9009
9.8298
9.8751
9.8793
9.9321
9.9549
9.97
9.97
9.97
9.97
9.97
9.9753
9.9274
9.9274
9.9447
9.9438
9.9634
9.9678
9.9733
9.9733
9.9733
9.9733
9.9733
9.9733
9.9783
9.9783
9.9428
9.9572
9.9572
9.9642
9.9565
9.9565
9.9565
9.9565
9.9565
9.9693
9.9714
9.9736
9.9736
9.9817
9.987
9.9891
9.9891
9.9891
9.9891
9.9891
9.9891
9.9891
9.9891
9.9891
9.9891
0.1014
0.1242
0.1158
0.1308
0.1532
0.1654
0.171
0.1896
0.1938
0.2165
0.2159
0.2718
0.2718
0.3137
0.3267
0.3964
0.4099
0.4385
0.4855
0.4509
0.5296
0.6146
0.6749
0.7437
0.8143
0.8934
1.3658
1.206
1.3936
1.7087
1.5953
1.9039
4.3238
3.1965
3.6605
3.1875
4.2672
8.4106
8.8098
8.7798
9.6197
9.4594
9.4491
9.67
9.6604
9.6677
9.729
9.841
9.9009
9.8298
9.818
9.8484
9.9321
9.9549
9.97
9.97
9.97
9.97
9.97
9.9753
9.9274
9.9274
9.9447
9.9438
9.9634
9.9678
9.9733
9.9733
9.9733
9.9733
9.9733
9.9733
9.9783
9.9783
9.9428
9.9572
9.9572
9.9642
9.9565
9.9565
9.9565
9.9565
9.9565
9.9693
9.9714
9.9736
9.9736
9.9817
9.987
9.9891
9.9891
9.9891
9.9891
9.9891
9.9891
9.9891
9.9891
9.9891
9.9891
0.1091
0.1334
0.1231
0.1419
0.1625
0.1721
0.1821
0.2164
0.2249
0.2354
0.2238
0.2849
0.2837
0.3271
0.3662
0.3874
0.4087
0.4329
0.4855
0.6017
0.5229
0.6461
0.7087
0.7021
0.873
0.9674
1.0866
1.639
1.4597
2.007
1.7424
2.4298
2.4032
3.5673
4.3705
4.5259
5.3235
6.9364
8.7942
9.1892
9.5162
9.4711
9.4052
9.6552
9.7147
9.6346
9.6682
9.841
9.9009
9.8798
9.8037
9.8022
9.9321
9.9196
9.97
9.97
9.97
9.97
9.97
9.9753
9.9274
9.9274
9.9687
9.9438
9.9634
9.9678
9.9733
9.9733
9.9733
9.9733
9.9733
9.9733
9.9783
9.9783
9.9358
9.9572
9.9572
9.9642
9.9565
9.9565
9.9565
9.9565
9.9565
9.9693
9.9714
9.9736
9.9736
9.9817
9.987
9.9891
9.9891
9.9891
9.9891
9.9891
9.9891
9.9891
9.9891
9.9891
9.9891
0.1334
0.1319
0.1419
0.1687
0.1805
0.1927
0.1916
0.2081
0.226
0.2238
0.2425
0.2876
0.3181
0.3359
0.3773
0.4231
0.4321
0.4845
0.5407
0.624
0.5618
0.6425
0.7167
0.7807
0.8521
0.9607
1.0726
1.6733
1.6344
2.0602
1.7557
2.9953
3.3726
3.5125
4.7858
5.0329
8.7085
7.6427
8.8311
9.3404
8.0279
9.6409
9.5889
9.7471
9.7394
9.643
9.6682
9.8886
9.8886
9.8798
9.805
9.8191
9.9321
9.9196
9.97
9.97
9.97
9.97
9.97
9.9753
9.9274
9.9274
9.9687
9.9732
9.9732
9.9678
9.9733
9.9733
9.9733
9.9733
9.9733
9.9733
9.9783
9.9783
9.9358
9.9572
9.9572
9.9642
9.9565
9.9565
9.9565
9.9565
9.9565
9.9693
9.9714
9.9736
9.9736
9.9817
9.987
9.9891
9.9891
9.9891
9.9891
9.9891
9.9891
9.9891
9.9891
9.9891
9.9891
0.1267
0.1433
0.151
0.1621
0.1714
0.196
0.1905
0.2126
0.2238
0.2227
0.256
0.2826
0.3028
0.3507
0.3798
0.3908
0.4424
0.4996
0.5546
0.6204
0.5982
0.6261
0.7492
0.8185
0.9097
1.0413
1.1728
1.9389
1.6222
1.7152
2.2447
2.9009
4.1854
3.3612
4.5818
4.7785
7.5141
8.4839
9.3765
9.2688
9.2925
9.5995
9.59
9.7304
9.7394
9.6182
9.8759
9.8886
9.8886
9.7715
9.8867
9.9012
9.9321
9.9196
9.97
9.97
9.97
9.97
9.97
9.9753
9.9274
9.9274
9.9687
9.9732
9.9732
9.9678
9.9733
9.9733
9.9733
9.9733
9.9733
9.9733
9.9783
9.9783
9.9358
9.9572
9.9572
9.9642
9.9565
9.9565
9.9565
9.9565
9.9565
9.9693
9.9714
9.9736
9.9736
9.9817
9.987
9.9891
9.9891
9.9891
9.9891
9.9891
9.9891
9.9891
9.9891
9.9891
9.9891
0.1278
0.1478
0.1533
0.1687
0.1824
0.1982
0.1905
0.2148
0.2238
0.2537
0.2961
0.3139
0.315
0.3655
0.4267
0.3934
0.4514
0.5892
0.6367
0.6026
0.633
0.6705
0.8232
0.9192
0.9684
1.0306
1.1542
1.5214
1.4158
1.8036
1.9572
2.2859
2.8014
3.3619
4.5815
6.5478
7.7857
8.0992
8.6469
9.4984
9.5439
9.6069
9.7768
9.7009
9.6904
9.6553
9.8583
9.8964
9.863
9.7715
9.8867
9.9012
9.9321
9.9196
9.9753
9.9753
9.9753
9.9753
9.9753
9.9753
9.9274
9.9274
9.9687
9.9732
9.9732
9.9678
9.9733
9.9733
9.9733
9.9733
9.9733
9.9733
9.9783
9.9783
9.9358
9.9572
9.9572
9.9642
9.9627
9.9627
9.9627
9.9627
9.9627
9.9693
9.9714
9.9736
9.9736
9.9817
9.987
9.9891
9.9891
9.9891
9.9891
9.9891
9.9891
9.9891
9.9891
9.9891
9.9891
0.1523
0.1556
0.1627
0.1756
0.199
0.2212
0.2421
0.2337
0.2594
0.2583
0.2804
0.2826
0.3416
0.3842
0.4203
0.3611
0.4604
0.6405
0.6228
0.6355
0.6638
0.7492
0.7992
0.8346
1.0091
1.0496
1.194
1.473
1.5824
2.016
2.4802
2.1325
3.9008
3.1277
5.7331
6.556
5.5194
6.8113
9.5894
9.4064
9.224
9.6249
9.7894
9.4976
9.7276
9.6553
9.8406
9.8964
9.863
9.7715
9.8878
9.8613
9.9321
9.9196
9.9753
9.9753
9.9753
9.9753
9.9753
9.9753
9.9274
9.9274
9.9687
9.9732
9.9732
9.9678
9.9733
9.9733
9.9733
9.9733
9.9733
9.9733
9.9783
9.9783
9.9358
9.9572
9.9572
9.9642
9.9627
9.9627
9.9627
9.9627
9.9627
9.9693
9.9714
9.9736
9.9736
9.9817
9.987
9.9891
9.9891
9.9891
9.9891
9.9891
9.9891
9.9891
9.9891
9.9891
9.9891
0.1511
0.1594
0.1606
0.1782
0.2134
0.2267
0.2749
0.2549
0.2649
0.2705
0.2815
0.3083
0.3813
0.4119
0.4433
0.4289
0.5172
0.5981
0.6367
0.5903
0.6568
0.8411
0.86
0.7936
0.9259
1.0011
1.1355
1.4396
1.4698
1.9651
2.3653
2.2939
4.1107
3.397
6.0163
7.7969
8.2831
8.3266
8.9104
9.4489
9.0195
9.5252
9.7894
9.5472
9.6762
9.6074
9.8406
9.8724
9.863
9.8156
9.8902
9.8613
9.9321
9.9175
9.9753
9.9753
9.9753
9.9753
9.9753
9.9753
9.9274
9.9274
9.9687
9.9732
9.9732
9.9381
9.9733
9.9733
9.9733
9.9733
9.9733
9.9733
9.9783
9.9783
9.9358
9.9572
9.9572
9.9642
9.9627
9.9627
9.9627
9.9627
9.9627
9.9693
9.9714
9.9736
9.9736
9.9817
9.987
9.9892
9.9892
9.9892
9.9892
9.9891
9.9891
9.9891
9.9891
9.9891
9.9891
0.1562
0.1649
0.186
0.1805
0.2287
0.241
0.2929
0.2729
0.2795
0.2718
0.2839
0.3297
0.3584
0.4496
0.4307
0.4536
0.5217
0.5947
0.65
0.5936
0.6827
0.8865
0.8455
0.7821
0.9376
1.1079
1.1358
1.5781
1.8642
2.4186
2.1061
2.4376
2.5863
5.6285
7.329
8.4525
8.5651
7.8453
9.6764
9.4731
9.5634
9.5252
9.5785
9.8009
9.7441
9.7524
9.8406
9.8994
9.7869
9.8551
9.8902
9.8613
9.9321
9.9175
9.9753
9.9753
9.9753
9.9753
9.9753
9.9753
9.9274
9.9274
9.9687
9.9732
9.9732
9.9381
9.9733
9.9733
9.9733
9.9733
9.9733
9.9733
9.9783
9.9783
9.9358
9.9572
9.9572
9.9642
9.9627
9.9627
9.9627
9.9627
9.9627
9.9693
9.9714
9.9736
9.9736
9.9817
9.987
9.9892
9.9892
9.9892
9.9892
9.9891
9.9891
9.9891
9.9891
9.9891
9.9891
0.1706
0.1638
0.1998
0.1879
0.2447
0.2525
0.3105
0.3017
0.2973
0.305
0.3017
0.3275
0.3569
0.4747
0.4377
0.4972
0.5425
0.585
0.6611
0.6029
0.7358
0.7684
0.9065
0.8735
1.0061
1.2389
1.1418
1.5264
2.114
1.9438
2.6356
2.7153
3.7324
5.1969
5.8753
8.7841
8.9445
7.5671
9.07
9.2747
9.2651
9.7293
9.582
9.8715
9.8024
9.7043
9.7682
9.7723
9.9076
9.8747
9.8902
9.8613
9.9321
9.9175
9.9753
9.9753
9.9753
9.9753
9.9753
9.9753
9.9274
9.9274
9.9687
9.9732
9.9732
9.9381
9.9733
9.9733
9.9733
9.9733
9.9733
9.9733
9.9783
9.9783
9.9358
9.9572
9.9572
9.9642
9.9627
9.9627
9.9627
9.9627
9.9627
9.9693
9.9714
9.9736
9.9736
9.9817
9.987
9.9892
9.9892
9.9892
9.9892
9.9891
9.9891
9.9891
9.9891
9.9891
9.9891
0.1872
0.1827
0.2043
0.1979
0.2421
0.2647
0.2885
0.3172
0.3039
0.315
0.2918
0.3108
0.3443
0.4747
0.5174
0.5711
0.585
0.6101
0.6782
0.6035
0.7169
0.8085
0.9021
0.8776
0.9523
1.2136
1.3073
1.5559
1.8159
2.117
2.5997
3.8967
4.7871
4.169
6.7
8.4537
8.3738
8.0907
9.4185
9.6925
9.6435
9.7293
9.8196
9.8715
9.8024
9.8079
9.7248
9.7723
9.8456
9.865
9.8845
9.8613
9.9321
9.9196
9.9753
9.9753
9.9753
9.9753
9.9753
9.9753
9.9274
9.9274
9.9687
9.9732
9.9732
9.9329
9.9688
9.9749
9.9749
9.9764
9.977
9.977
9.9783
9.9783
9.9358
9.9572
9.9572
9.9642
9.9627
9.9627
9.9627
9.9627
9.9627
9.9693
9.9714
9.9736
9.9736
9.9817
9.987
9.9892
9.9892
9.9892
9.9892
9.9891
9.9891
9.9891
9.9891
9.9891
9.9891
0.1949
0.1895
0.2121
0.2111
0.2421
0.2592
0.2896
0.2786
0.2839
0.3028
0.305
0.3376
0.4045
0.4177
0.495
0.5512
0.5637
0.6135
0.6738
0.679
0.7441
0.8018
1.0049
0.9607
1.1123
1.3146
1.3556
1.7424
1.8014
1.9145
3.129
3.1504
4.9152
7.591
5.91
8.2293
8.2057
8.358
9.0189
9.6113
9.7004
9.6608
9.727
9.9187
9.8052
9.7081
9.8023
9.8059
9.8966
9.9095
9.8887
9.8613
9.916
9.8853
9.9753
9.9753
9.9753
9.9753
9.9753
9.9753
9.9449
9.9306
9.9687
9.9732
9.9732
9.9329
9.9688
9.9749
9.9749
9.9764
9.977
9.977
9.9783
9.9783
9.9358
9.9572
9.9572
9.9642
9.9627
9.9627
9.9627
9.9627
9.9627
9.9693
9.9714
9.9736
9.9736
9.9817
9.987
9.9892
9.9892
9.9892
9.9892
9.9891
9.9891
9.9891
9.9891
9.9891
9.9891
0.1838
0.1895
0.222
0.2321
0.2658
0.268
0.2817
0.2962
0.2896
0.3095
0.3139
0.3264
0.377
0.4188
0.5878
0.6134
0.645
0.6887
0.7031
0.6931
0.8418
0.7968
0.8694
1.0491
1.0794
1.4046
1.4879
1.8277
1.7898
2.4012
2.4846
3.624
3.6339
8.3794
6.4668
6.1215
8.9951
8.9979
9.3037
9.671
9.6918
9.5468
9.6871
9.8808
9.8317
9.8408
9.8383
9.8844
9.8844
9.8844
9.8159
9.8637
9.8637
9.8522
9.7279
9.7718
9.881
9.9013
9.8964
9.8964
9.8964
9.9247
9.9247
9.9268
9.9177
9.9144
9.9481
9.9481
9.9481
9.935
9.935
9.9182
9.9196
9.9482
9.9418
9.9682
9.9682
9.9682
9.9627
9.9627
9.9627
9.9627
9.9627
9.9693
9.9714
9.9736
9.9736
9.9796
9.9793
9.9892
9.9892
9.9892
9.9892
9.9891
9.9891
9.9891
9.9891
9.9891
9.9891
0.2032
0.1998
0.2352
0.2387
0.2735
0.2757
0.2873
0.305
0.305
0.336
0.3567
0.3556
0.4045
0.4581
0.5922
0.6436
0.6635
0.6693
0.6804
0.7109
0.8642
0.8515
0.9289
0.9584
1.2701
1.5882
1.482
2.1967
1.6067
1.8179
2.9425
5.6862
3.9291
5.0769
7.4965
6.4136
7.8708
8.7441
9.4437
9.3778
9.505
9.6987
9.7793
9.8829
9.8198
9.8622
9.889
9.8844
9.8844
9.8844
9.8159
9.8637
9.8637
9.8522
9.7646
9.7718
9.881
9.9013
9.8964
9.8964
9.8964
9.9247
9.9247
9.9268
9.9177
9.9144
9.9481
9.9481
9.9481
9.935
9.935
9.9447
9.9522
9.9482
9.9418
9.9682
9.9682
9.9682
9.9627
9.9627
9.9627
9.9627
9.9627
9.9693
9.9714
9.9736
9.9736
9.9796
9.9793
9.9892
9.9892
9.9892
9.9892
9.9891
9.9891
9.9891
9.9891
9.9891
9.9891
0.211
0.2231
0.2473
0.2533
0.2832
0.2734
0.2979
0.3056
0.3354
0.3343
0.3617
0.3856
0.4239
0.4824
0.624
0.6405
0.6181
0.692
0.7076
0.6998
0.8028
0.9346
0.9872
1.0525
1.2999
1.7429
1.4214
2.1345
1.8848
2.2117
3.1767
4.646
7.8783
6.7201
8.8056
8.1382
9.4542
8.7514
9.534
9.672
9.7164
9.6336
9.4908
9.7226
9.8175
9.6714
9.7795
9.7187
9.7436
9.8168
9.8421
9.8637
9.8637
9.8543
9.7646
9.7718
9.8713
9.9302
9.8964
9.8964
9.8964
9.9247
9.9247
9.9268
9.9177
9.9144
9.9481
9.9481
9.9481
9.935
9.935
9.9447
9.9614
9.9482
9.9418
9.9682
9.9682
9.9682
9.9627
9.9627
9.9627
9.9627
9.9627
9.9693
9.9714
9.9736
9.9736
9.9796
9.9793
9.9892
9.9892
9.9892
9.9892
9.9891
9.9891
9.9891
9.9891
9.9891
9.9891
0.2009
0.2088
0.2396
0.2544
0.2876
0.2723
0.3056
0.3045
0.3466
0.3288
0.3623
0.4102
0.4196
0.4905
0.5989
0.6548
0.6681
0.6616
0.7358
0.7662
0.8216
0.9144
0.9864
1.084
1.4023
1.6392
1.7998
2.0326
1.8122
2.4628
2.7984
3.148
4.936
7.1326
8.7491
9.1601
9.359
9.0266
9.2899
9.4641
9.7484
9.6311
9.5946
9.7226
9.8175
9.8269
9.7795
9.7187
9.7436
9.8168
9.8421
9.8637
9.8637
9.8543
9.7646
9.7718
9.8713
9.9302
9.8964
9.8964
9.8964
9.9268
9.9268
9.9158
9.9177
9.9144
9.9501
9.9518
9.9518
9.935
9.935
9.9447
9.9614
9.9482
9.9418
9.9682
9.9682
9.9682
9.9627
9.9627
9.9627
9.9627
9.9627
9.9693
9.9714
9.9736
9.9736
9.9796
9.9793
9.981
9.9891
9.9891
9.9891
9.9891
9.9891
9.9891
9.9891
9.9891
9.9891
0.1973
0.2076
0.2484
0.251
0.3041
0.2922
0.299
0.3078
0.3443
0.3466
0.4545
0.4766
0.4834
0.5801
0.6652
0.6951
0.6355
0.7167
0.7945
0.84
0.8751
0.9686
1.1475
1.183
1.3911
1.5086
1.7607
2.0066
2.1603
2.318
2.7998
3.3181
6.6381
9.2463
8.9286
8.1928
9.2366
9.0775
9.1446
9.4662
9.6312
9.7256
9.7207
9.6353
9.8175
9.8269
9.8007
9.8
9.8
9.8168
9.8421
9.8637
9.8637
9.8543
9.7827
9.76
9.8713
9.9302
9.8964
9.8964
9.8964
9.9268
9.9268
9.9254
9.9177
9.9144
9.9501
9.9518
9.9518
9.935
9.935
9.9447
9.9614
9.9482
9.9454
9.9682
9.9682
9.9682
9.9627
9.9627
9.9627
9.9627
9.9627
9.9693
9.9714
9.9736
9.9736
9.9796
9.9793
9.981
9.9891
9.9891
9.9891
9.9891
9.9891
9.9891
9.9891
9.9891
9.9891
0.2132
0.2352
0.2451
0.2742
0.3106
0.315
0.3217
0.3107
0.3496
0.3474
0.4196
0.4511
0.5111
0.5961
0.6951
0.7028
0.7412
0.7357
0.8091
0.8774
0.9811
1.0415
1.1574
1.3397
1.4267
1.9396
1.7642
2.2425
2.5908
2.1426
2.8272
3.5309
8.2454
8.4049
9.3762
8.0398
9.4071
9.2896
9.5865
9.4681
9.668
9.7873
9.6766
9.739
9.8802
9.8802
9.8007
9.7625
9.7978
9.9052
9.9052
9.8649
9.8649
9.8543
9.7827
9.76
9.8609
9.9302
9.9133
9.9133
9.9133
9.9268
9.9268
9.9254
9.9177
9.9144
9.9409
9.9409
9.9409
9.935
9.935
9.9447
9.9614
9.9482
9.9454
9.9682
9.9682
9.9682
9.9649
9.9649
9.9649
9.9649
9.9649
9.9693
9.9714
9.9736
9.9736
9.9796
9.9793
9.981
9.9891
9.9891
9.9891
9.9891
9.9891
9.9891
9.9891
9.9891
9.9891
0.211
0.2275
0.2554
0.2642
0.3106
0.3139
0.3471
0.3485
0.3629
0.3549
0.4218
0.4014
0.539
0.5738
0.6527
0.688
0.6953
0.7793
0.8282
0.8628
0.9637
0.945
1.0689
1.344
1.547
1.8719
1.6358
2.0992
2.5641
2.8393
3.878
3.2824
7.14
7.9196
9.1843
9.5184
9.0001
9.2073
9.6218
9.55
9.7862
9.8717
9.8567
9.8169
9.8802
9.8802
9.645
9.8164
9.8539
9.9052
9.9052
9.8649
9.8649
9.8424
9.8124
9.8057
9.8598
9.9302
9.9133
9.9133
9.9133
9.9268
9.9268
9.9254
9.9186
9.9144
9.9409
9.9409
9.9409
9.935
9.935
9.9447
9.9614
9.9482
9.9454
9.9682
9.9682
9.9682
9.9649
9.9649
9.9649
9.9649
9.9649
9.9693
9.9714
9.9736
9.9736
9.9796
9.9793
9.981
9.9891
9.9891
9.9891
9.9891
9.9891
9.9891
9.9891
9.9891
9.9891
0.2253
0.2308
0.2473
0.2731
0.3239
0.3349
0.3621
0.3632
0.4039
0.3567
0.4422
0.4292
0.4917
0.5889
0.6831
0.7434
0.7564
0.7958
0.884
0.8951
0.9546
1.1278
1.1662
1.2829
1.3804
2.4478
2.0646
1.7932
3.1805
3.3467
3.6541
5.5418
8.2565
8.0306
9.3649
8.9735
9.074
9.3936
9.391
9.4697
9.8151
9.8717
9.8567
9.8169
9.8802
9.8802
9.7328
9.8497
9.8522
9.9052
9.9052
9.8565
9.8543
9.8967
9.8718
9.889
9.8372
9.9302
9.9133
9.9133
9.9133
9.9268
9.9268
9.9254
9.9186
9.9144
9.9375
9.9114
9.9114
9.935
9.935
9.9447
9.9614
9.9482
9.9454
9.9682
9.9682
9.9682
9.9649
9.9649
9.9649
9.9649
9.9649
9.9693
9.9714
9.9736
9.9736
9.9796
9.9793
9.981
9.9891
9.9891
9.9891
9.9891
9.9891
9.9891
9.9891
9.9891
9.9891
0.2484
0.2631
0.2709
0.2951
0.3305
0.3371
0.3575
0.3987
0.4269
0.3912
0.4467
0.4229
0.5112
0.5922
0.6735
0.7513
0.7833
0.8907
1.0087
0.9762
1.0126
1.1487
1.2969
1.3754
1.8529
2.2381
1.8788
1.9409
2.7297
3.0167
4.1724
4.9622
9.1459
9.2966
9.5879
9.3072
9.4317
9.2022
9.2767
9.4214
9.8403
9.8717
9.8567
9.7729
9.8802
9.8802
9.7328
9.8497
9.8271
9.9052
9.9052
9.8565
9.8543
9.8967
9.8718
9.889
9.8372
9.9302
9.9133
9.9133
9.9133
9.9268
9.9268
9.9299
9.906
9.9144
9.9375
9.9114
9.9114
9.935
9.935
9.9447
9.9614
9.9482
9.9454
9.9682
9.9682
9.9682
9.9649
9.9649
9.9649
9.9649
9.9649
9.9693
9.9714
9.9736
9.9736
9.9796
9.9793
9.981
9.9891
9.9891
9.9891
9.9891
9.9891
9.9891
9.9891
9.9891
9.9891
0.2587
0.2797
0.3106
0.3139
0.346
0.3426
0.3599
0.3706
0.4588
0.4266
0.46
0.4433
0.5338
0.6469
0.7183
0.868
0.9028
0.8818
1.0653
1.1217
1.0469
1.2329
1.4129
1.4407
1.7115
1.9422
2.5325
2.3962
3.8135
3.6832
4.5323
5.7849
7.5214
8.8255
8.9327
9.0462
9.4233
9.2366
9.5189
9.551
9.8403
9.8717
9.8567
9.8129
9.8802
9.8802
9.7533
9.8497
9.8271
9.9052
9.9052
9.8655
9.8543
9.8967
9.8718
9.889
9.8372
9.9302
9.9133
9.9133
9.9133
9.9268
9.9268
9.9299
9.9039
9.9144
9.9375
9.9114
9.9114
9.935
9.935
9.9447
9.9411
9.9639
9.9639
9.9619
9.9619
9.9619
9.9619
9.9619
9.9619
9.9758
9.9758
9.9693
9.9714
9.9736
9.9736
9.9796
9.9793
9.981
9.9891
9.9891
9.9891
9.9891
9.9891
9.9891
9.9891
9.9891
9.9891
0.2951
0.3239
0.3195
0.3371
0.396
0.3809
0.4125
0.4114
0.4521
0.428
0.4738
0.5415
0.6005
0.6649
0.7016
0.8522
0.9083
0.8807
0.9762
1.2123
1.0355
1.1966
1.3192
1.4656
1.7955
1.9107
2.6271
2.6326
3.482
3.5966
4.0334
6.6123
7.7069
8.3477
9.0429
8.8814
9.6518
9.4209
9.6791
9.6088
9.8119
9.8717
9.8567
9.8129
9.8802
9.8802
9.6978
9.8497
9.8271
9.9052
9.9052
9.8667
9.8543
9.8967
9.8718
9.889
9.8372
9.9302
9.9173
9.9173
9.9173
9.9268
9.9268
9.9299
9.9039
9.9144
9.9375
9.9114
9.9114
9.935
9.935
9.9447
9.9411
9.9639
9.9639
9.9619
9.9619
9.9619
9.9619
9.9619
9.9619
9.9758
9.9758
9.9693
9.9714
9.9736
9.9736
9.9796
9.9793
9.981
9.9891
9.9891
9.9891
9.9891
9.9891
9.9891
9.9891
9.9891
9.9891
0.3095
0.3228
0.3228
0.3393
0.3798
0.3866
0.4232
0.4644
0.4929
0.4636
0.5125
0.5786
0.6359
0.7189
0.7027
0.6935
0.756
0.9708
0.9877
1.1233
1.1153
1.1498
1.1739
1.6636
1.8719
1.9423
2.0933
3.7693
3.8905
3.3702
3.9744
4.8499
4.97
8.2939
8.6947
9.1678
9.6805
8.8555
9.7241
9.5802
9.8263
9.8717
9.8567
9.8129
9.8802
9.8802
9.8056
9.8497
9.8271
9.9052
9.9052
9.8667
9.8543
9.8967
9.8718
9.889
9.8522
9.9302
9.9173
9.9173
9.9173
9.943
9.943
9.9299
9.9039
9.9144
9.9375
9.9114
9.9114
9.935
9.935
9.9447
9.9411
9.9639
9.9639
9.9619
9.9619
9.9619
9.9619
9.9619
9.9619
9.9758
9.9758
9.9693
9.9714
9.9736
9.9736
9.9796
9.9793
9.981
9.9891
9.9891
9.9891
9.9891
9.9891
9.9891
9.9891
9.9891
9.9891
0.304
0.315
0.3206
0.3562
0.3908
0.417
0.4398
0.4411
0.4862
0.4473
0.5049
0.5526
0.6159
0.7009
0.7051
0.6573
0.8484
1.0126
0.9206
1.1372
1.192
1.2543
1.2434
1.5916
2.0713
2.0911
1.9734
2.9551
3.0645
6.8946
8.0179
6.0442
8.6025
8.6785
8.859
9.3836
9.5313
9.234
9.7037
9.6306
9.8263
9.8717
9.8567
9.8129
9.8802
9.8802
9.7977
9.8587
9.8528
9.9052
9.9052
9.8617
9.8543
9.8852
9.876
9.889
9.8522
9.9302
9.9173
9.9173
9.9173
9.943
9.943
9.9299
9.9039
9.9144
9.9375
9.9114
9.9114
9.935
9.935
9.9447
9.9411
9.9639
9.9639
9.9619
9.9619
9.9619
9.9619
9.9619
9.9619
9.9758
9.9758
9.9693
9.9714
9.9736
9.9736
9.9796
9.9793
9.981
9.9891
9.9891
9.9891
9.9891
9.9891
9.9891
9.9891
9.9891
9.9891
0.3106
0.3426
0.3562
0.3909
0.4068
0.4465
0.4711
0.47
0.5493
0.4783
0.5518
0.6092
0.6059
0.6192
0.6428
0.7098
0.8848
0.9372
0.9581
1.1862
1.5032
1.2643
1.3045
1.9203
1.8021
1.7977
2.992
2.9818
5.0869
5.0531
5.9658
5.487
8.2443
9.1598
9.571
8.4855
9.3634
9.2689
9.7904
9.8607
9.857
9.8717
9.8567
9.8129
9.8802
9.8802
9.7977
9.8587
9.8528
9.8084
9.8066
9.8885
9.8885
9.8852
9.876
9.889
9.8396
9.9302
9.9173
9.9173
9.9173
9.943
9.943
9.9299
9.9144
9.9308
9.9135
9.9135
9.9135
9.935
9.935
9.9447
9.9411
9.9639
9.9639
9.9619
9.9619
9.9619
9.9619
9.9619
9.9619
9.9758
9.9758
9.9693
9.9714
9.9736
9.9736
9.9796
9.9793
9.981
9.9891
9.9891
9.9891
9.9891
9.9891
9.9891
9.9891
9.9891
9.9891
0.3349
0.3857
0.4103
0.4454
0.4642
0.4642
0.5078
0.5062
0.5482
0.5693
0.5646
0.5998
0.6897
0.6816
0.7591
0.7103
0.9304
0.9394
0.8194
1.1383
1.3646
1.4778
1.2807
1.8216
2.4569
2.4662
3.7638
4.336
5.3612
8.6372
4.8841
7.2726
8.333
9.4172
8.9646
9.3424
9.4617
9.3296
9.824
9.8369
9.857
9.8717
9.8567
9.8129
9.8802
9.8802
9.8591
9.8587
9.8528
9.8084
9.8066
9.8671
9.8797
9.9055
9.9055
9.9092
9.9238
9.9302
9.9173
9.9173
9.9173
9.943
9.943
9.9299
9.9144
9.9308
9.9135
9.9135
9.9135
9.935
9.935
9.9447
9.9411
9.9639
9.9639
9.9619
9.9619
9.9619
9.9619
9.9619
9.9619
9.9758
9.9758
9.9693
9.9714
9.9736
9.9736
9.9796
9.9793
9.981
9.9891
9.9891
9.9891
9.9891
9.9891
9.9891
9.9891
9.9891
9.9891
0.355
0.3606
0.3979
0.4114
0.4807
0.4664
0.5133
0.5437
0.5537
0.5771
0.7073
0.7027
0.7268
0.7109
0.8014
0.8446
0.9249
0.9438
0.9492
1.098
1.2293
1.6596
1.384
2.4513
2.161
2.5938
3.9724
3.4501
3.3638
4.7739
5.204
8.7341
8.6548
9.2282
9.5535
9.174
9.627
9.6042
9.7953
9.8369
9.857
9.8717
9.8567
9.8129
9.8802
9.8802
9.8591
9.8587
9.8528
9.8084
9.8066
9.8462
9.8797
9.9055
9.9055
9.9092
9.9238
9.9302
9.9173
9.9173
9.9173
9.943
9.943
9.9299
9.9144
9.9308
9.9135
9.9135
9.9135
9.935
9.935
9.9447
9.9411
9.9639
9.9639
9.9619
9.9619
9.9619
9.9619
9.9619
9.9619
9.9758
9.9758
9.9693
9.9714
9.9736
9.9736
9.9796
9.9793
9.981
9.9891
9.9891
9.9891
9.9891
9.9891
9.9891
9.9891
9.9891
9.9891
0.3427
0.3438
0.4002
0.451
0.4807
0.462
0.5531
0.5288
0.6095
0.604
0.651
0.6471
0.6703
0.7777
0.8625
0.8825
0.9537
0.9962
1.1219
1.098
1.2563
1.5082
1.4332
2.5481
1.8322
3.1058
2.8643
3.3392
3.9402
4.9792
7.2683
7.8939
9.1857
9.2679
9.5914
9.3845
9.4881
9.4817
9.5525
9.8369
9.7385
9.7725
9.7083
9.8129
9.8802
9.8802
9.8574
9.9496
9.9688
9.9688
9.9578
9.9634
9.9751
9.9751
9.9802
9.9802
9.9151
9.973
9.9646
9.947
9.959
9.959
9.959
9.9478
9.9478
9.9301
9.9301
9.9598
9.9598
9.958
9.9574
9.9574
9.9603
9.9603
9.9603
9.9619
9.9619
9.9619
9.9619
9.9619
9.9619
9.9758
9.9758
9.9693
9.9714
9.9736
9.9736
9.9796
9.9793
9.981
9.9891
9.9891
9.9891
9.9891
9.9891
9.9891
9.9891
9.9891
9.9891
0.4078
0.4058
0.3968
0.4148
0.4716
0.4761
0.5603
0.502
0.5765
0.6389
0.6363
0.6416
0.635
0.7246
0.7811
0.8446
0.9813
1.0237
1.1463
1.3114
1.4185
1.3893
1.4413
1.869
2.0872
2.5397
3.7649
4.1536
3.9274
8.6791
7.2812
8.4942
8.5542
9.1042
9.6399
9.3777
9.3252
9.3876
9.6777
9.894
9.6334
9.7316
9.7083
9.8129
9.8151
9.8404
9.8824
9.9496
9.9688
9.9688
9.9578
9.9652
9.9751
9.9751
9.9802
9.9802
9.9151
9.973
9.9646
9.9117
9.9574
9.9336
9.9336
9.9615
9.9615
9.9257
9.9257
9.9598
9.9598
9.958
9.9574
9.9574
9.9603
9.9603
9.9603
9.9619
9.9619
9.9619
9.9619
9.9619
9.9619
9.9758
9.9758
9.9693
9.9714
9.9736
9.9736
9.9796
9.9793
9.981
9.9891
9.9891
9.9891
9.9891
9.9891
9.9891
9.9891
9.9891
9.9891
0.4293
0.4357
0.4368
0.4456
0.5112
0.515
0.574
0.5331
0.5844
0.651
0.6538
0.6638
0.736
0.7879
0.8879
0.831
0.9636
1.0188
1.2259
1.3014
1.5327
1.4649
1.7113
1.9001
2.6126
2.4305
4.6501
3.5458
6.2379
8.4196
8.3234
8.4113
8.9758
9.5054
9.4957
9.4386
9.3251
9.5307
9.6777
9.894
9.6496
9.7316
9.7734
9.8348
9.8315
9.8466
9.8824
9.9325
9.9688
9.9688
9.9578
9.9652
9.9751
9.9751
9.9802
9.9802
9.9151
9.973
9.9646
9.9117
9.9574
9.9336
9.9336
9.9615
9.9615
9.9588
9.9588
9.949
9.949
9.9532
9.9532
9.9532
9.9603
9.9603
9.9603
9.9619
9.9619
9.9619
9.9619
9.9619
9.9619
9.9758
9.9758
9.9693
9.9714
9.9736
9.9736
9.9796
9.9793
9.981
9.9891
9.9891
9.9891
9.9891
9.9891
9.9891
9.9891
9.9891
9.9891
0.4001
0.4237
0.4335
0.4837
0.555
0.5366
0.6149
0.584
0.5998
0.7164
0.7347
0.7077
0.8109
0.828
0.8915
0.8131
1.0177
1.146
1.1668
1.2932
1.5577
1.4536
1.7878
1.8911
2.4365
3.794
4.1063
6.1092
7.4501
6.6499
8.5552
9.1439
8.6051
9.2915
9.3715
9.5501
9.4403
9.5172
9.2225
9.7873
9.7745
9.7613
9.7886
9.8734
9.8315
9.8466
9.8905
9.9325
9.9688
9.9688
9.9578
9.9652
9.9751
9.9751
9.9802
9.9802
9.9151
9.973
9.9646
9.9166
9.9574
9.9336
9.9336
9.9615
9.9615
9.9588
9.9588
9.949
9.949
9.9532
9.9532
9.9532
9.9603
9.9603
9.9603
9.9736
9.9736
9.9736
9.9736
9.9736
9.9736
9.9758
9.9758
9.9693
9.9714
9.9736
9.9736
9.9796
9.9793
9.981
9.9891
9.9891
9.9891
9.9891
9.9891
9.9891
9.9891
9.9891
9.9891
0.4169
0.4533
0.4467
0.4995
0.5524
0.575
0.6354
0.6151
0.618
0.6652
0.7882
0.7569
0.8631
0.8063
0.808
0.9081
1.0539
1.2741
1.1807
1.3657
1.4926
1.5599
1.8252
2.0473
2.5917
4.8104
5.3895
6.0966
5.6295
7.3664
7.9352
9.3815
9.063
9.0626
9.6225
9.7037
9.4194
9.6147
9.6943
9.7982
9.8666
9.7275
9.7433
9.8734
9.8315
9.8466
9.8905
9.9353
9.9688
9.9688
9.9578
9.96
9.9751
9.9751
9.9802
9.9802
9.9151
9.973
9.9646
9.9166
9.9453
9.9453
9.9453
9.9453
9.9453
9.9588
9.9588
9.949
9.949
9.9479
9.9484
9.9484
9.9603
9.9603
9.9603
9.9736
9.9736
9.9736
9.9736
9.9736
9.9736
9.9758
9.9758
9.9693
9.9714
9.9736
9.9736
9.9796
9.9793
9.981
9.9891
9.9891
9.9891
9.9891
9.9891
9.9891
9.9891
9.9891
9.9891
0.4169
0.4423
0.4621
0.5483
0.5233
0.5829
0.6564
0.6317
0.6325
0.6908
0.8364
0.8931
0.9587
0.8404
0.8474
0.8927
1.0726
1.1527
1.1843
1.4279
1.5766
1.5964
2.1617
2.2881
3.6759
4.9112
3.8964
5.4086
6.454
6.3137
8.5325
9.0396
9.0782
9.0578
9.6732
9.8399
9.6783
9.7529
9.8106
9.7927
9.8023
9.788
9.888
9.8466
9.8025
9.7706
9.8905
9.9353
9.9688
9.9688
9.9578
9.96
9.9751
9.9751
9.9802
9.9802
9.954
9.973
9.9646
9.9166
9.9453
9.9453
9.9453
9.9453
9.9453
9.9588
9.9588
9.949
9.949
9.9479
9.9484
9.9484
9.9603
9.9603
9.9603
9.9736
9.9736
9.9736
9.9736
9.9736
9.9736
9.9758
9.9758
9.9693
9.9714
9.9736
9.9736
9.9796
9.9793
9.981
9.9891
9.9891
9.9891
9.9891
9.9891
9.9891
9.9891
9.9891
9.9891
0.4511
0.4434
0.4423
0.4984
0.5548
0.5649
0.626
0.6726
0.6552
0.7332
0.801
0.962
0.9827
0.812
0.9427
0.9859
1.1046
1.2714
1.2268
1.7079
1.6614
2.7481
2.4636
1.9903
3.2481
3.6174
3.7229
5.141
8.1716
8.47
8.2795
9.2815
9.1249
9.6592
9.51
9.842
9.6675
9.7137
9.7391
9.7927
9.7543
9.8287
9.888
9.8447
9.8025
9.7905
9.8913
9.9353
9.9688
9.9688
9.9578
9.96
9.9751
9.9751
9.9802
9.9802
9.9469
9.973
9.9646
9.9166
9.9453
9.9453
9.9453
9.9453
9.9453
9.9588
9.9588
9.949
9.949
9.9479
9.9484
9.9484
9.9603
9.9603
9.9603
9.9736
9.9736
9.9736
9.9736
9.9736
9.9736
9.9758
9.9758
9.9693
9.9714
9.9736
9.9736
9.9796
9.9793
9.981
9.9891
9.9891
9.9891
9.9891
9.9891
9.9891
9.9891
9.9891
9.9891
0.4323
0.4445
0.4533
0.4929
0.5483
0.5762
0.6273
0.6726
0.6636
0.7475
0.863
0.9952
0.9284
0.8025
0.9724
1.0151
1.1373
1.2992
1.36
1.7056
1.7418
1.9971
1.8364
2.2364
3.1007
3.6779
4.7874
6.2228
7.8502
9.3192
9.0171
9.2747
9.3299
9.8486
9.523
9.842
9.6822
9.7464
9.8735
9.8171
9.8133
9.8456
9.8572
9.879
9.8496
9.9101
9.7891
9.9353
9.9688
9.9688
9.9578
9.96
9.9751
9.9751
9.9802
9.9802
9.9607
9.9738
9.9646
9.9674
9.9453
9.9453
9.9453
9.9453
9.9453
9.9588
9.9588
9.949
9.949
9.9479
9.9484
9.9484
9.9603
9.9603
9.9603
9.9736
9.9736
9.9736
9.9736
9.9736
9.9736
9.9758
9.9758
9.9868
9.9868
9.9854
9.9854
9.9796
9.9793
9.981
9.9891
9.9891
9.9891
9.9891
9.9891
9.9891
9.9891
9.9891
9.9891
0.4689
0.4335
0.4522
0.4984
0.5061
0.5535
0.6284
0.6196
0.6281
0.7287
0.8887
0.9772
0.9542
0.7926
1.0103
1.0678
1.2013
1.2881
1.4034
1.7299
1.6645
2.0286
2.6823
2.3171
3.2819
4.5188
3.399
7.204
7.4017
9.2235
7.7725
9.1837
9.2938
9.7596
9.5897
9.842
9.5536
9.5751
9.8735
9.8171
9.8133
9.8456
9.8348
9.879
9.8496
9.9101
9.7891
9.9353
9.9688
9.9688
9.9578
9.96
9.9751
9.9751
9.9802
9.9802
9.9607
9.9738
9.9646
9.9674
9.9453
9.9453
9.9453
9.9453
9.9453
9.9588
9.9588
9.949
9.949
9.9622
9.9622
9.967
9.9603
9.9603
9.9603
9.9736
9.9736
9.9736
9.9736
9.9736
9.9736
9.9758
9.9758
9.9868
9.9868
9.9854
9.9854
9.9796
9.9793
9.981
9.9891
9.9891
9.9891
9.9891
9.9891
9.9891
9.9891
9.9891
9.9891
0.47
0.4312
0.4951
0.5632
0.557
0.5773
0.6837
0.6616
0.6696
0.7321
0.8805
0.9689
0.9472
0.8542
0.9398
1.0795
1.1474
1.2154
1.3012
1.6555
1.9944
2.4805
2.9704
5.2172
3.496
3.1547
4.1865
8.0493
7.3063
9.3752
8.9583
9.299
9.7558
9.7785
9.5376
9.6929
9.5533
9.6968
9.824
9.8461
9.8133
9.8141
9.8907
9.8586
9.8496
9.9101
9.7891
9.9088
9.9688
9.9688
9.9578
9.9537
9.9751
9.9751
9.9802
9.9802
9.9596
9.9738
9.9646
9.9674
9.9453
9.9453
9.9453
9.9453
9.9453
9.9284
9.9447
9.9505
9.9505
9.9622
9.9622
9.967
9.9603
9.9603
9.9603
9.9736
9.9736
9.9736
9.9736
9.9736
9.9736
9.9758
9.9758
9.9868
9.9868
9.9854
9.9854
9.9796
9.9793
9.981
9.9891
9.9891
9.9891
9.9891
9.9891
9.9891
9.9891
9.9891
9.9891
0.505
0.5028
0.5514
0.6
0.5865
0.6204
0.7785
0.6715
0.7018
0.7345
0.8349
0.9284
0.9716
0.9262
1.14
1.3576
1.257
1.311
1.4765
1.6489
1.6711
1.9684
3.332
2.9367
4.3969
2.8689
3.4638
4.6754
8.6661
7.8127
9.352
9.4357
9.548
9.5144
9.7746
9.6646
9.7683
9.6422
9.7963
9.8461
9.9234
9.8831
9.8831
9.9234
9.9234
9.9326
9.8164
9.9653
9.9688
9.9688
9.9578
9.9642
9.9751
9.9751
9.9802
9.9802
9.9774
9.971
9.9646
9.9674
9.9453
9.9453
9.9453
9.9453
9.9453
9.9289
9.9447
9.9505
9.9505
9.9622
9.9622
9.967
9.9372
9.9574
9.9574
9.9736
9.9736
9.9736
9.9736
9.9736
9.9736
9.9758
9.9758
9.9824
9.9824
9.9718
9.9718
9.9796
9.9793
9.981
9.9891
9.9891
9.9891
9.9891
9.9891
9.9891
9.9891
9.9891
9.9891
0.5486
0.5204
0.5625
0.6321
0.6295
0.6083
0.7928
0.6804
0.6974
0.7186
0.7915
0.9306
0.905
0.8984
1.311
1.3222
1.3217
1.3775
1.5511
1.5643
1.6848
2.1811
3.3998
3.3508
3.8355
3.1903
3.9153
5.1807
8.4847
8.3093
9.0912
9.1407
9.5633
9.5503
9.4351
9.6453
9.76
9.6599
9.7704
9.6502
9.9234
9.8831
9.8831
9.9234
9.9234
9.9326
9.8496
9.9655
9.951
9.9751
9.9679
9.976
9.9751
9.9751
9.9802
9.9802
9.9773
9.9711
9.9711
9.9674
9.9453
9.9453
9.9453
9.9453
9.9453
9.9532
9.9447
9.9505
9.9505
9.9622
9.9622
9.967
9.9372
9.9574
9.9574
9.9758
9.9758
9.9758
9.9758
9.9758
9.9758
9.9758
9.9758
9.9747
9.9747
9.9747
9.9747
9.9796
9.9793
9.981
9.9891
9.9891
9.9891
9.9891
9.9891
9.9891
9.9891
9.9891
9.9891
0.5407
0.5349
0.5941
0.6431
0.6174
0.6249
0.7404
0.723
0.7252
0.7586
0.8728
0.9128
1.0031
0.9757
1.2547
1.2536
1.4593
1.2581
1.4147
2.0174
1.9841
3.2492
2.8211
3.4584
3.9557
4.2601
4.0741
7.7973
8.8762
8.3487
8.606
8.7676
9.7156
9.523
9.5902
9.6453
9.6821
9.6599
9.7704
9.7835
9.9234
9.8831
9.8831
9.9234
9.9234
9.9326
9.8496
9.9769
9.9641
9.9526
9.9751
9.9751
9.9751
9.9751
9.9802
9.9802
9.9773
9.9711
9.9711
9.9674
9.9453
9.9453
9.9453
9.9453
9.9453
9.9532
9.9447
9.9505
9.9505
9.9622
9.9622
9.967
9.9372
9.9574
9.9574
9.9758
9.9758
9.9758
9.9758
9.9758
9.9758
9.9758
9.9758
9.9747
9.9747
9.9747
9.9747
9.9796
9.9793
9.981
9.9891
9.9891
9.9891
9.9891
9.9891
9.9891
9.9891
9.9891
9.9891
0.5394
0.513
0.5986
0.579
0.603
0.5995
0.8224
0.7153
0.8057
0.8896
0.8143
0.8428
0.9017
1.212
1.0453
1.3621
1.3874
1.5036
1.4748
1.7501
2.0301
2.393
2.9046
2.4445
3.6484
4.0202
6.5693
8.804
8.7488
8.7403
9.3327
9.5194
9.5367
9.6621
9.6532
9.7029
9.6821
9.4234
9.7567
9.7089
9.8936
9.8831
9.8831
9.9234
9.9234
9.9326
9.865
9.9769
9.9641
9.9526
9.9751
9.9751
9.9751
9.9751
9.9802
9.9802
9.9773
9.9711
9.9711
9.9674
9.9453
9.9453
9.9453
9.9453
9.9453
9.9566
9.9566
9.9505
9.9505
9.9622
9.9622
9.967
9.9372
9.9574
9.9574
9.9758
9.9758
9.9758
9.9758
9.9758
9.9758
9.9758
9.9758
9.9747
9.9747
9.9747
9.9747
9.9796
9.9793
9.981
9.9891
9.9891
9.9891
9.9891
9.9891
9.9891
9.9891
9.9891
9.9891
0.5664
0.5389
0.5986
0.6011
0.648
0.6783
0.8301
0.7073
0.7901
0.9331
0.8292
0.9085
0.9376
1.1651
1.1046
1.3476
1.3891
1.5019
1.6815
1.9539
2.2327
2.4845
2.9207
3.3553
4.1825
4.1262
8.2119
5.4128
8.6178
8.8696
8.9182
9.4891
9.7247
9.7446
9.7067
9.7493
9.5835
9.7935
9.8047
9.7113
9.921
9.921
9.9106
9.9401
9.9401
9.9398
9.865
9.9769
9.9641
9.9526
9.9751
9.9751
9.9751
9.9751
9.9802
9.9802
9.9711
9.9819
9.9819
9.9674
9.965
9.965
9.965
9.965
9.965
9.9566
9.9566
9.9505
9.9505
9.9622
9.9622
9.967
9.9372
9.9574
9.9574
9.9758
9.9758
9.9758
9.9758
9.9758
9.9758
9.9758
9.9758
9.9747
9.9747
9.9747
9.9747
9.9796
9.9887
9.981
9.9891
9.9891
9.9891
9.9891
9.9891
9.9891
9.9891
9.9891
9.9891
0.5354
0.5592
0.5952
0.6055
0.6571
0.6861
0.8323
0.8291
0.8336
0.9096
0.9757
1.0768
1.1874
1.1627
1.267
1.59
1.4949
1.408
1.8983
2.0404
2.6286
3.0614
3.5247
3.5096
6.0607
6.1475
6.9237
8.7466
8.8186
9.2098
9.3397
9.4938
9.8067
9.6403
9.7088
9.6981
9.7044
9.7163
9.8047
9.7204
9.921
9.921
9.9106
9.9401
9.9401
9.9398
9.8714
9.9769
9.9641
9.9526
9.9751
9.9751
9.9751
9.9751
9.9802
9.9802
9.9711
9.9819
9.9819
9.9674
9.965
9.965
9.965
9.965
9.965
9.9566
9.9566
9.9505
9.9505
9.9622
9.9622
9.967
9.9372
9.9574
9.9574
9.9758
9.9758
9.9758
9.9758
9.9758
9.9758
9.9758
9.9758
9.9747
9.9747
9.9747
9.9747
9.9881
9.9887
9.981
9.9891
9.9891
9.9891
9.9891
9.9891
9.9891
9.9891
9.9891
9.9891
0.5709
0.5986
0.6118
0.6577
0.6891
0.7051
0.8301
0.8224
0.8418
0.8665
0.9562
1.0546
1.1894
1.1902
1.3014
1.6968
1.4872
1.5503
2.1628
2.4472
2.3184
2.4914
3.4517
2.9506
5.1678
6.0992
6.2446
9.0173
8.832
9.1234
9.3435
9.5626
9.6918
9.5483
9.6994
9.7778
9.6429
9.7163
9.8047
9.7978
9.921
9.921
9.9106
9.9401
9.9401
9.9398
9.8845
9.9769
9.9641
9.975
9.9751
9.9751
9.9751
9.9751
9.9802
9.9802
9.9711
9.9819
9.9819
9.9615
9.965
9.965
9.965
9.965
9.965
9.9566
9.9566
9.9505
9.9505
9.9622
9.9622
9.967
9.9372
9.9574
9.9574
9.9758
9.9758
9.9758
9.9758
9.9758
9.9758
9.9726
9.9726
9.9747
9.9747
9.9747
9.9747
9.9881
9.9887
9.981
9.9891
9.9891
9.9891
9.9891
9.9891
9.9891
9.9891
9.9891
9.9891
0.6306
0.6825
0.677
0.7241
0.7707
0.7687
0.8684
0.843
0.8995
0.9603
0.9201
1.0609
1.3124
1.2209
1.3154
1.728
1.5294
1.6081
2.2327
2.2994
2.6256
2.5003
3.3255
3.2292
4.4884
6.765
6.8108
8.4714
8.2029
9.3297
9.5648
9.6417
9.6508
9.6575
9.5899
9.7957
9.8335
9.7868
9.8047
9.7978
9.921
9.921
9.8682
9.9401
9.9401
9.9398
9.8845
9.9769
9.9641
9.975
9.9751
9.9751
9.9751
9.9751
9.9802
9.9802
9.9711
9.9819
9.9819
9.9615
9.965
9.965
9.965
9.965
9.965
9.9566
9.9566
9.9505
9.9505
9.9622
9.9622
9.967
9.9372
9.9574
9.9574
9.9758
9.9758
9.9758
9.9758
9.9758
9.9758
9.9726
9.9726
9.9747
9.9747
9.9747
9.9747
9.9881
9.9887
9.981
9.9891
9.9891
9.9891
9.9891
9.9891
9.9891
9.9891
9.9891
9.9891
0.6536
0.7225
0.7303
0.7432
0.7961
0.7853
0.9072
0.8684
0.9643
0.971
0.9587
1.0722
1.3351
1.2351
1.2401
1.7393
1.5432
1.6599
2.538
2.5311
2.5656
2.589
3.5844
3.1124
5.8958
8.613
8.7711
8.5442
9.3493
9.3481
9.6561
9.797
9.6761
9.7146
9.7176
9.7957
9.8465
9.7936
9.9339
9.8984
9.9005
9.9389
9.9173
9.9299
9.911
9.911
9.8403
9.9769
9.9641
9.975
9.9759
9.9768
9.9751
9.9751
9.9802
9.9802
9.9711
9.9819
9.9819
9.9615
9.965
9.965
9.965
9.965
9.965
9.9566
9.9566
9.9505
9.9505
9.9622
9.9622
9.967
9.9372
9.9574
9.9574
9.9758
9.9758
9.9758
9.9758
9.9758
9.9758
9.9726
9.9726
9.9747
9.9747
9.9747
9.9747
9.9881
9.9887
9.981
9.9891
9.9891
9.9891
9.9891
9.9891
9.9891
9.9891
9.9891
9.9891
0.6781
0.7807
0.7548
0.7343
0.7729
0.7573
0.8487
0.8046
0.9248
0.9648
1.0075
1.1432
1.2401
1.4476
1.4795
1.6177
1.7816
2.1349
2.7708
2.4771
2.5728
2.3862
4.2282
4.6668
4.1823
6.85
8.9248
9.3259
9.7369
9.807
9.7917
9.7354
9.7038
9.7251
9.7228
9.809
9.8465
9.7895
9.9181
9.9157
9.9196
9.9196
9.9196
9.9275
9.9433
9.9433
9.8403
9.9769
9.9778
9.9778
9.9778
9.9778
9.9806
9.9806
9.9824
9.9824
9.9711
9.9819
9.9819
9.9674
9.965
9.965
9.965
9.965
9.965
9.9579
9.9579
9.9579
9.9579
9.9622
9.9622
9.967
9.9485
9.9574
9.9574
9.9612
9.9612
9.9612
9.9612
9.9612
9.9612
9.9726
9.9726
9.9747
9.9747
9.9747
9.9747
9.9881
9.9887
9.981
9.9891
9.9891
9.9891
9.9891
9.9891
9.9891
9.9891
9.9891
9.9891
0.677
0.7752
0.7937
0.7862
0.8074
0.7851
0.8984
0.8816
0.9609
0.9581
1.1671
1.1255
1.3109
1.5845
1.4863
1.7276
1.7783
2.1422
2.2771
2.3701
2.4766
3.5227
3.3965
3.8573
7.1852
8.8565
9.0279
9.5284
9.5975
9.7029
9.7058
9.7207
9.6448
9.7319
9.8915
9.9098
9.8203
9.7895
9.9276
9.9157
9.9196
9.9196
9.9196
9.9275
9.9433
9.9433
9.8403
9.9769
9.9778
9.9778
9.9778
9.9778
9.9806
9.9806
9.9824
9.9824
9.9819
9.9815
9.9815
9.9674
9.965
9.965
9.965
9.965
9.965
9.9579
9.9579
9.9579
9.9579
9.9622
9.9622
9.967
9.9485
9.9574
9.9574
9.9612
9.9612
9.9612
9.9612
9.9612
9.9612
9.9734
9.9734
9.9747
9.9747
9.9747
9.9747
9.9881
9.9887
9.981
9.9891
9.9891
9.9891
9.9891
9.9891
9.9891
9.9891
9.9891
9.9891
0.6947
0.7619
0.7659
0.7648
0.8118
0.8851
0.9513
0.9689
1.0408
1.0188
1.1739
1.285
1.442
1.7387
1.4818
1.6552
2.1287
1.8453
2.2917
2.3055
2.2411
3.237
3.3827
7.2982
4.8108
8.7766
8.7247
8.0591
9.3363
9.6843
9.3008
9.8586
9.8429
9.648
9.8742
9.8742
9.8539
9.7895
9.9276
9.9157
9.9196
9.9196
9.9196
9.9314
9.9433
9.9433
9.8523
9.9769
9.9778
9.9778
9.9778
9.9778
9.9806
9.9806
9.9824
9.9824
9.9819
9.9815
9.9815
9.9674
9.965
9.965
9.965
9.965
9.965
9.9579
9.9579
9.9579
9.9579
9.9622
9.9622
9.967
9.9485
9.9574
9.9574
9.9612
9.9612
9.9612
9.9612
9.9612
9.9612
9.9734
9.9734
9.9747
9.9747
9.9747
9.9747
9.9881
9.9887
9.981
9.9891
9.9891
9.9891
9.9891
9.9891
9.9891
9.9891
9.9891
9.9891
0.7346
0.7391
0.7247
0.7451
0.8462
0.8561
0.973
1.0299
1.0787
1.094
1.1683
1.3668
1.5411
1.8855
1.4533
1.4872
1.9292
1.8005
2.441
2.7653
2.8413
3.8398
4.713
8.2901
5.5828
8.9139
8.4663
8.9281
9.0582
9.7173
9.3813
9.7793
9.8147
9.6971
9.8543
9.8742
9.844
9.7895
9.9276
9.9157
9.9263
9.9263
9.9191
9.9314
9.9433
9.9433
9.8814
9.9769
9.9778
9.9778
9.9778
9.9778
9.9806
9.9806
9.9824
9.9824
9.9819
9.9815
9.9815
9.9674
9.965
9.965
9.965
9.965
9.965
9.9579
9.9579
9.9579
9.9579
9.9622
9.9622
9.967
9.9485
9.9574
9.9574
9.9612
9.9612
9.9612
9.9612
9.9612
9.9612
9.9734
9.9734
9.9747
9.9747
9.9747
9.9747
9.9881
9.9887
9.981
9.9891
9.9891
9.9891
9.9891
9.9891
9.9891
9.9891
9.9891
9.9891
0.7797
0.8228
0.7759
0.7681
0.9138
1.0145
0.9693
1.0358
1.099
1.1725
1.3799
1.4262
1.4287
1.8343
1.4936
1.5174
1.8814
1.9686
2.5607
2.6471
3.983
4.1869
4.4569
5.9263
6.9726
8.2634
8.836
9.4492
9.0781
9.5633
9.6337
9.7245
9.7774
9.6209
9.8543
9.9111
9.7531
9.701
9.8781
9.9157
9.9263
9.9263
9.9191
9.9314
9.9433
9.9433
9.8814
9.9769
9.9778
9.9778
9.9778
9.9778
9.9806
9.9806
9.9824
9.9824
9.9819
9.9815
9.9815
9.9674
9.965
9.965
9.965
9.965
9.965
9.9579
9.9579
9.9579
9.9579
9.9622
9.9622
9.967
9.9485
9.9574
9.9574
9.9612
9.9612
9.9612
9.9612
9.9612
9.9612
9.9734
9.9734
9.9747
9.9747
9.9747
9.9747
9.9881
9.9887
9.981
9.9891
9.9891
9.9891
9.9891
9.9891
9.9891
9.9891
9.9891
9.9891
0.7369
0.7962
0.7853
0.8007
0.9382
1.0926
1.1065
1.0797
1.1641
1.1432
1.4353
1.4684
1.2696
1.6195
1.4108
1.5822
2.1209
2.2094
2.514
2.6132
3.179
5.3809
4.7353
4.567
8.5598
6.9363
8.9123
9.3654
9.0375
9.5277
9.6524
9.6492
9.7774
9.6217
9.8972
9.9111
9.7994
9.7732
9.9213
9.9157
9.9263
9.9263
9.9191
9.9278
9.9433
9.9433
9.8056
9.9769
9.9778
9.9778
9.9778
9.9778
9.9806
9.9806
9.9824
9.9824
9.9819
9.9815
9.9815
9.9674
9.965
9.965
9.965
9.965
9.965
9.9579
9.9579
9.9579
9.9579
9.9622
9.9622
9.967
9.9485
9.9574
9.9574
9.9612
9.9612
9.9612
9.9612
9.9612
9.9612
9.9734
9.9734
9.9747
9.9747
9.9747
9.9747
9.9881
9.9887
9.981
9.9891
9.9891
9.9891
9.9891
9.9891
9.9891
9.9891
9.9891
9.9891
0.7592
0.8364
0.8739
0.844
0.938
1.0321
1.0275
1.1087
1.2646
1.2844
1.7959
1.4416
1.2301
1.7517
1.5908
1.7574
2.2032
2.0118
2.2472
2.8448
2.7596
4.0474
4.6185
5.9362
6.8538
9.0376
8.2142
8.399
9.3203
9.681
9.6659
9.6226
9.7666
9.7844
9.907
9.9111
9.7994
9.7972
9.9213
9.9157
9.9263
9.9263
9.9191
9.9278
9.9433
9.9433
9.8309
9.9816
9.9778
9.9778
9.9778
9.9778
9.9806
9.9806
9.9824
9.9824
9.9819
9.9815
9.9815
9.9608
9.965
9.965
9.965
9.965
9.965
9.9579
9.9579
9.9579
9.9579
9.9622
9.9622
9.967
9.9485
9.9574
9.9574
9.9612
9.9612
9.9612
9.9612
9.9612
9.9612
9.9782
9.9782
9.9747
9.9747
9.9747
9.9747
9.9881
9.9887
9.991
9.991
9.991
9.991
9.991
9.991
9.991
9.991
9.991
9.991
0.9175
0.9033
0.9306
0.9044
1.0854
1.1603
1.3377
1.4184
1.4801
1.4733
1.8746
1.4469
1.1955
1.5081
1.6908
1.7428
2.4926
2.613
2.9329
3.0245
3.5511
8.152
6.9458
9.4073
8.7601
9.1567
9.3548
9.1855
9.2772
9.5964
9.734
9.5718
9.8756
9.7613
9.8607
9.9148
9.7957
9.7781
9.8616
9.8338
9.8813
9.9213
9.9213
9.894
9.9128
9.9253
9.8309
9.9816
9.9778
9.9778
9.9778
9.9778
9.9806
9.9806
9.9824
9.9824
9.9819
9.9815
9.9815
9.9608
9.965
9.965
9.965
9.965
9.965
9.9579
9.9579
9.9579
9.9579
9.9622
9.9622
9.967
9.9485
9.9574
9.9574
9.9612
9.9612
9.9612
9.9612
9.9612
9.9612
9.9782
9.9782
9.9747
9.9747
9.9747
9.9747
9.9881
9.9887
9.991
9.991
9.991
9.991
9.991
9.991
9.991
9.991
9.991
9.991
0.9259
0.9217
0.9461
0.9804
1.165
1.194
1.3119
1.3564
1.3503
1.2174
1.8273
1.4824
1.5148
1.9641
1.8244
2.1534
2.1004
2.3653
2.4062
2.8345
3.8737
4.9371
6.5027
8.4466
8.7208
9.302
9.3085
9.3875
9.7769
9.7851
9.6033
9.7863
9.8565
9.8024
9.7709
9.8084
9.8183
9.8384
9.8595
9.8629
9.8813
9.9213
9.9213
9.894
9.9128
9.9366
9.8376
9.9816
9.9778
9.9778
9.9778
9.9778
9.9806
9.9806
9.9824
9.9824
9.9819
9.9815
9.9815
9.9608
9.965
9.965
9.965
9.965
9.965
9.9492
9.9492
9.9549
9.9549
9.9622
9.9622
9.9617
9.9656
9.968
9.968
9.9633
9.9633
9.9633
9.9633
9.9633
9.9633
9.9782
9.9782
9.9747
9.9747
9.9747
9.9747
9.9881
9.9887
9.991
9.991
9.991
9.991
9.991
9.991
9.991
9.991
9.991
9.991
0.9724
0.9702
0.8986
0.9714
1.0962
1.0837
1.2343
1.2959
1.3351
1.4305
1.8695
1.6215
1.5834
2.2298
2.4334
2.3721
2.4329
2.5289
2.5972
3.2249
5.8819
3.9184
5.4988
5.9173
8.4618
9.5364
9.2203
9.6212
9.266
9.6401
9.6655
9.7863
9.8482
9.777
9.7709
9.8067
9.7995
9.8687
9.8734
9.8693
9.8629
9.9213
9.9222
9.8295
9.9025
9.9366
9.857
9.9816
9.9778
9.9778
9.9778
9.9778
9.9806
9.9806
9.9824
9.9824
9.9819
9.9815
9.9815
9.9608
9.965
9.965
9.965
9.965
9.965
9.9501
9.9501
9.9549
9.9549
9.9622
9.9622
9.9617
9.9656
9.968
9.968
9.9633
9.9633
9.9633
9.9633
9.9633
9.9633
9.9782
9.9782
9.9747
9.9747
9.9747
9.9747
9.9881
9.9887
9.991
9.991
9.991
9.991
9.991
9.991
9.991
9.991
9.991
9.991
0.9834
1.023
0.9351
0.8874
1.0868
1.1015
1.2409
1.1263
1.2357
1.3362
1.8734
1.8922
1.6731
2.2103
1.989
2.5726
2.2637
2.3494
2.9093
4.7988
4.1011
4.342
8.576
5.7672
9.3684
9.1786
8.9659
9.6837
9.4746
9.6361
9.8158
9.8578
9.8482
9.7869
9.7709
9.7903
9.8183
9.8687
9.8734
9.8693
9.865
9.9213
9.9222
9.8295
9.9025
9.9366
9.8659
9.9816
9.9778
9.9778
9.9778
9.9778
9.9806
9.9806
9.9824
9.9824
9.9819
9.9815
9.9815
9.9608
9.965
9.965
9.965
9.965
9.965
9.9501
9.9501
9.9549
9.9549
9.9622
9.9622
9.9617
9.9656
9.968
9.968
9.9633
9.9633
9.9633
9.9633
9.9633
9.9633
9.9782
9.9782
9.9747
9.9747
9.9747
9.9747
9.9881
9.9887
9.991
9.991
9.991
9.991
9.991
9.991
9.991
9.991
9.991
9.991
0.9655
0.9478
0.993
0.9252
1.1034
1.1195
1.3292
1.3295
1.282
1.4797
1.7834
1.6431
1.8023
2.0664
1.9922
2.429
2.4125
2.5715
3.5143
4.4376
3.4349
5.6054
8.8426
7.7348
8.8338
9.2955
9.1005
9.8101
9.5264
9.5166
9.8578
9.8578
9.7941
9.7869
9.7709
9.8675
9.8183
9.8687
9.8741
9.9292
9.9292
9.9292
9.9292
9.9154
9.8916
9.8979
9.8659
9.9816
9.9778
9.9778
9.9778
9.9778
9.9806
9.9806
9.9824
9.9824
9.9819
9.9815
9.9815
9.9608
9.965
9.965
9.965
9.965
9.965
9.9501
9.9501
9.9549
9.9549
9.9622
9.9622
9.9617
9.9656
9.968
9.968
9.9633
9.9633
9.9633
9.9633
9.9633
9.9633
9.9782
9.9782
9.9747
9.9747
9.9747
9.9747
9.9881
9.9887
9.991
9.991
9.991
9.991
9.991
9.991
9.991
9.991
9.991
9.991
0.8914
0.934
1.0002
0.9329
1.0039
1.1072
1.1115
1.2467
1.3731
1.5005
1.725
1.9265
1.8669
1.9833
2.0326
2.4711
2.5552
2.4113
3.0597
3.8891
4.6469
4.6929
8.5385
8.4825
9.1782
8.5031
9.4329
9.7802
9.4727
9.6299
9.8788
9.9266
9.8293
9.8341
9.842
9.865
9.8331
9.8687
9.8741
9.9292
9.9292
9.9292
9.9292
9.9154
9.8916
9.8979
9.8659
9.9816
9.9778
9.9778
9.9778
9.9778
9.9806
9.9806
9.9824
9.9824
9.9819
9.9815
9.9815
9.9608
9.965
9.965
9.965
9.965
9.965
9.9501
9.9501
9.9549
9.9549
9.9622
9.9622
9.9617
9.9656
9.968
9.968
9.9408
9.9408
9.9507
9.9507
9.9507
9.98
9.98
9.98
9.9747
9.9747
9.9747
9.9747
9.9881
9.9887
9.991
9.991
9.991
9.991
9.991
9.991
9.991
9.991
9.991
9.991
0.8675
0.9678
1.053
1.0697
1.0783
1.1391
1.1081
1.2754
1.3215
1.5941
1.7816
1.762
1.7944
1.8067
2.0943
2.6724
2.6793
2.335
3.5059
3.7194
4.6447
6.0878
8.3162
8.7851
8.4017
9.4767
9.0861
9.7193
9.2723
9.6016
9.8788
9.9266
9.8153
9.8787
9.7958
9.865
9.8331
9.8687
9.8458
9.9292
9.9292
9.9292
9.9292
9.9154
9.8937
9.9
9.9227
9.9816
9.9778
9.9778
9.9778
9.9778
9.9806
9.9806
9.9824
9.9824
9.9819
9.9815
9.9815
9.9608
9.965
9.965
9.965
9.965
9.965
9.9501
9.9501
9.9549
9.9549
9.9622
9.9622
9.9567
9.9656
9.968
9.968
9.9408
9.9408
9.9507
9.9507
9.9507
9.98
9.98
9.98
9.9747
9.9747
9.9747
9.9747
9.9881
9.9887
9.991
9.991
9.991
9.991
9.991
9.991
9.991
9.991
9.991
9.991
0.8432
0.9744
1.0044
1.1399
1.0613
1.2798
1.213
1.2479
1.2529
1.538
1.7545
1.825
1.7754
1.6107
2.0069
2.4091
2.7082
2.7249
2.9232
3.1877
5.0856
4.8361
8.584
9.1097
9.6659
9.7163
9.5419
9.5052
9.7348
9.7917
9.8749
9.9266
9.8153
9.8787
9.858
9.865
9.8331
9.8687
9.8374
9.9292
9.9292
9.9292
9.9292
9.9154
9.8937
9.9
9.9166
9.9816
9.9778
9.9778
9.9778
9.9778
9.9806
9.9806
9.9824
9.9824
9.9819
9.9815
9.9815
9.9623
9.965
9.965
9.965
9.965
9.965
9.9501
9.9501
9.9549
9.9549
9.9622
9.9622
9.9567
9.9428
9.9428
9.9532
9.9408
9.9408
9.9507
9.9507
9.9507
9.98
9.98
9.98
9.9792
9.9792
9.9792
9.9792
9.9881
9.9887
9.991
9.991
9.991
9.991
9.991
9.991
9.991
9.991
9.991
9.991
0.8652
1.0393
1.0296
1.1865
1.2584
1.368
1.3482
1.5252
1.4129
1.7068
1.8545
1.8897
2.0528
1.8156
2.1838
2.8432
2.867
3.1967
3.6031
3.3853
5.7562
8.1509
8.7484
7.1963
8.9271
9.747
9.6658
9.7118
9.441
9.6933
9.8004
9.8718
9.8552
9.8406
9.8023
9.865
9.8018
9.8736
9.8374
9.9292
9.9292
9.9292
9.9292
9.9154
9.8937
9.9
9.8623
9.9731
9.9806
9.9806
9.9806
9.9806
9.9778
9.9778
9.9824
9.9824
9.9819
9.9815
9.9815
9.9623
9.965
9.965
9.965
9.965
9.965
9.9501
9.9501
9.9549
9.9549
9.9622
9.9622
9.9567
9.9428
9.9428
9.9532
9.9408
9.9408
9.9507
9.9507
9.9507
9.98
9.98
9.98
9.9792
9.9792
9.9792
9.9792
9.9881
9.9887
9.991
9.991
9.991
9.991
9.991
9.991
9.991
9.991
9.991
9.991
0.9192
0.9711
0.9566
1.0341
1.1555
1.2905
1.4615
1.5816
1.4998
1.6177
1.8239
2.1106
2.1621
2.4057
2.9631
3.5543
2.6335
3.6404
3.9085
3.1247
4.4972
8.0817
7.9462
9.2838
9.1802
9.5984
9.5097
9.735
9.7561
9.7981
9.8275
9.8153
9.8447
9.8227
9.7868
9.8855
9.8588
9.829
9.8374
9.9137
9.9105
9.9105
9.9105
9.9154
9.8937
9.9
9.915
9.9731
9.9806
9.9806
9.9806
9.9806
9.9778
9.9778
9.9824
9.9824
9.9819
9.9815
9.9815
9.9623
9.965
9.965
9.965
9.965
9.965
9.9501
9.9501
9.9549
9.9549
9.9622
9.9622
9.9567
9.9428
9.9428
9.9532
9.9408
9.9408
9.9507
9.9507
9.9507
9.98
9.98
9.98
9.9792
9.9792
9.9792
9.9792
9.9881
9.9887
9.991
9.991
9.991
9.991
9.991
9.991
9.991
9.991
9.991
9.991
0.9103
1.0056
0.9823
0.9646
1.238
1.3305
1.6616
1.5419
1.5317
1.8734
1.9099
1.8071
1.8387
2.0943
2.5692
3.5309
3.0397
2.7101
3.9528
5.1339
6.1627
8.5062
8.7067
8.4714
9.1982
9.4788
9.5333
9.8735
9.7313
9.8067
9.8067
9.8774
9.8488
9.8132
9.7868
9.8855
9.8411
9.829
9.8374
9.9137
9.9105
9.9105
9.9105
9.9318
9.936
9.936
9.915
9.9731
9.9806
9.9806
9.9806
9.9806
9.9778
9.9778
9.9824
9.9824
9.9819
9.9815
9.9815
9.9623
9.965
9.965
9.965
9.965
9.965
9.9501
9.9501
9.9549
9.9549
9.9622
9.9622
9.96
9.9428
9.9428
9.9532
9.9408
9.9408
9.9507
9.9507
9.9507
9.98
9.98
9.98
9.9787
9.9787
9.9787
9.9787
9.9881
9.9887
9.991
9.991
9.991
9.991
9.991
9.991
9.991
9.991
9.991
9.991
0.9059
1.037
1.0238
0.9716
1.1895
1.2872
1.7152
1.5039
1.5419
1.8832
1.9087
1.8082
1.8156
2.3398
2.4181
3.9
3.1287
3.0546
5.1616
4.7051
5.2446
9.0678
7.7876
9.2605
9.2518
9.3042
9.5228
9.8735
9.6408
9.8067
9.8067
9.8384
9.8488
9.8132
9.8226
9.8918
9.8173
9.829
9.8374
9.9137
9.9105
9.9105
9.9105
9.9318
9.936
9.936
9.915
9.9731
9.9806
9.9806
9.9806
9.9806
9.9778
9.9778
9.9824
9.9824
9.9819
9.9815
9.9815
9.9623
9.965
9.965
9.965
9.965
9.965
9.9501
9.9501
9.9549
9.9549
9.9622
9.9622
9.96
9.9581
9.9581
9.9532
9.9408
9.9408
9.9507
9.9507
9.9507
9.98
9.98
9.98
9.9787
9.9787
9.9787
9.9787
9.9881
9.9887
9.991
9.991
9.991
9.991
9.991
9.991
9.991
9.991
9.991
9.991
0.9487
1.0772
1.0451
1.0161
1.3925
1.3297
1.5307
1.592
1.6273
1.9113
2.0348
1.684
2.1118
2.6216
2.9792
3.2039
3.1583
3.552
5.0585
4.3008
7.3221
9.5036
6.9361
9.1679
9.5049
9.7248
9.4818
9.7348
9.6044
9.7748
9.8094
9.8305
9.8636
9.8132
9.8847
9.9061
9.8173
9.829
9.8509
9.9137
9.9105
9.9105
9.9105
9.936
9.9369
9.9369
9.915
9.9731
9.9806
9.9806
9.9806
9.9806
9.9778
9.9778
9.9824
9.9824
9.9819
9.9815
9.9815
9.9623
9.965
9.965
9.965
9.965
9.965
9.9501
9.9501
9.9534
9.9534
9.9622
9.9622
9.96
9.9581
9.9581
9.9532
9.9408
9.9408
9.9507
9.9507
9.9507
9.98
9.98
9.98
9.9787
9.9787
9.9787
9.9787
9.9881
9.9887
9.991
9.991
9.991
9.991
9.991
9.991
9.991
9.991
9.991
9.991
0.9542
1.1136
1.1371
1.0949
1.2595
1.4387
1.5002
1.6206
1.7011
1.7318
1.9725
1.9079
2.1521
2.3576
2.8715
3.1829
4.9281
3.8029
5.6921
5.0786
4.9312
7.4592
8.7263
9.0097
9.7353
9.4545
9.5847
9.6277
9.6802
9.7748
9.7371
9.8764
9.8785
9.8132
9.8847
9.8947
9.8173
9.829
9.8509
9.9137
9.9105
9.9105
9.9105
9.936
9.9369
9.9369
9.915
9.9731
9.9806
9.9806
9.9806
9.9806
9.9778
9.9778
9.9824
9.9824
9.9819
9.9815
9.9815
9.9623
9.965
9.965
9.965
9.965
9.965
9.9501
9.9501
9.9534
9.9534
9.9622
9.9622
9.96
9.9581
9.9581
9.9532
9.9408
9.9408
9.9507
9.9507
9.9507
9.98
9.98
9.98
9.9787
9.9787
9.9787
9.9787
9.9881
9.9887
9.991
9.991
9.991
9.991
9.991
9.991
9.991
9.991
9.991
9.991
0.9834
1.1147
1.1586
1.1371
1.2657
1.533
1.6171
1.5643
1.513
1.7398
2.3044
2.4432
2.0802
2.4896
2.7837
3.6607
4.4845
5.3704
4.6885
4.4866
6.0062
8.0202
8.5466
9.058
9.646
9.6678
9.6555
9.8204
9.6989
9.6356
9.7087
9.8764
9.8785
9.8407
9.8826
9.8947
9.839
9.829
9.8509
9.9137
9.9105
9.9105
9.9105
9.936
9.9369
9.9369
9.9266
9.9731
9.9806
9.9806
9.9806
9.9806
9.9778
9.9778
9.9824
9.9824
9.9819
9.9815
9.9815
9.9623
9.965
9.965
9.965
9.965
9.965
9.9501
9.9501
9.9534
9.9534
9.9622
9.9622
9.96
9.9581
9.9581
9.9532
9.9408
9.9408
9.9507
9.9507
9.9507
9.98
9.98
9.98
9.9787
9.9787
9.9787
9.9787
9.9881
9.9887
9.991
9.991
9.991
9.991
9.991
9.991
9.991
9.991
9.991
9.991
1.0549
1.1994
1.3963
1.3484
1.4116
1.5522
1.5258
1.604
1.6582
1.716
2.4413
2.4365
2.5622
2.5533
2.7238
3.6866
4.5204
4.9963
7.5259
5.1036
7.2788
8.7673
8.4798
9.107
9.4865
9.8267
9.7959
9.7943
9.9306
9.9296
9.9527
9.9533
9.9533
9.9436
9.9436
9.8968
9.839
9.8215
9.8509
9.9137
9.9112
9.9112
9.9112
9.936
9.9369
9.9369
9.9266
9.9731
9.9806
9.9806
9.9806
9.9806
9.9778
9.9778
9.9824
9.9824
9.9819
9.9815
9.9815
9.9623
9.965
9.965
9.965
9.965
9.965
9.9501
9.9501
9.9534
9.9534
9.9622
9.9622
9.96
9.9581
9.9581
9.9532
9.9408
9.9408
9.9507
9.9507
9.9507
9.98
9.98
9.98
9.9787
9.9787
9.9787
9.9787
9.9881
9.9887
9.991
9.991
9.991
9.991
9.991
9.991
9.991
9.991
9.991
9.991
1.148
1.3129
1.4194
1.6446
1.3657
1.7249
1.5247
1.6921
1.8161
1.9606
2.1652
2.4794
2.2924
2.5357
2.576
3.2324
4.303
4.387
8.0186
8.0577
8.3497
8.5437
8.7404
9.1119
9.3289
9.8602
9.7959
9.8142
9.9306
9.9296
9.9527
9.9533
9.9533
9.9436
9.9436
9.8728
9.839
9.8215
9.8509
9.9137
9.9112
9.9112
9.9112
9.936
9.9369
9.9369
9.9266
9.9731
9.9806
9.9806
9.9806
9.9806
9.9778
9.9778
9.9824
9.9824
9.9819
9.9841
9.9841
9.9623
9.965
9.965
9.965
9.965
9.965
9.9501
9.9501
9.9534
9.9534
9.9622
9.9622
9.96
9.9581
9.9581
9.9532
9.9408
9.9408
9.9507
9.9507
9.9507
9.98
9.98
9.98
9.981
9.981
9.981
9.981
9.9881
9.9887
9.991
9.991
9.991
9.991
9.991
9.991
9.991
9.991
9.991
9.991
1.1628
1.1504
1.4857
1.6706
1.4365
1.431
1.4595
1.7571
1.7353
1.9999
2.2797
2.413
2.6262
2.6193
3.2752
3.2655
4.1523
4.5852
6.3928
8.1844
8.0696
8.5897
8.5712
9.591
9.7075
9.8602
9.8494
9.8163
9.9306
9.9296
9.9527
9.9533
9.9533
9.9436
9.9436
9.8728
9.839
9.8215
9.8509
9.9137
9.9112
9.9112
9.9112
9.936
9.9369
9.9369
9.9266
9.9731
9.9806
9.9806
9.9806
9.9806
9.9778
9.9778
9.9824
9.9824
9.9819
9.9841
9.9841
9.9623
9.965
9.965
9.965
9.965
9.965
9.9501
9.9501
9.9534
9.9534
9.9622
9.9622
9.96
9.9581
9.9581
9.9532
9.9408
9.9408
9.9507
9.9507
9.9507
9.98
9.98
9.98
9.981
9.981
9.981
9.981
9.9881
9.9887
9.991
9.991
9.991
9.991
9.991
9.991
9.991
9.991
9.991
9.991
1.2323
1.3229
1.5907
1.5486
1.5616
1.3803
1.5136
1.7571
1.8925
1.9122
2.2784
2.2295
2.8377
2.5423
2.809
3.6464
3.8694
4.9028
6.3639
7.8162
8.849
8.8258
8.792
9.5308
9.6138
9.8606
9.8494
9.8718
9.9306
9.9527
9.9527
9.9533
9.9533
9.9436
9.9436
9.9102
9.8373
9.7935
9.8884
9.8884
9.9113
9.9427
9.9427
9.9048
9.9397
9.9354
9.9182
9.9731
9.9802
9.9802
9.9802
9.9802
9.9778
9.9778
9.9824
9.9824
9.9841
9.9841
9.9841
9.9623
9.965
9.965
9.965
9.965
9.965
9.9627
9.9627
9.9627
9.9569
9.9622
9.9622
9.96
9.9581
9.9581
9.9532
9.9408
9.9408
9.9507
9.9507
9.9507
9.98
9.98
9.98
9.981
9.981
9.981
9.981
9.9881
9.9887
9.991
9.991
9.991
9.991
9.991
9.991
9.991
9.991
9.991
9.991
