9801

1.5
1.5061
1.50435
1.62121
1.63477
1.70548
1.61553
1.69576
1.70685
1.72674
1.84751
1.96456
2.07202
2.03853
2.12209
2.12833
2.28295
2.68001
2.66211
2.90238
2.90741
2.88952
3.28476
2.94291
3.36026
3.52123
3.88345
3.86494
4.79224
4.73692
5.9871
6.14453
5.46038
8.79737
9.92894
9.94729
9.45634
21.9402
16.9879
21.0663
12.98
36.9325
77.0496
41.1038
85.5069
342.673
540.192
668.261
569.547
628.224
777.687
893.808
911.491
1002.89
1104.15
1163.16
1239.91
1260.29
1482.96
1427.24
1579.68
1449.21
1564.6
1630.34
1877.25
1791.11
1760.49
1911.15
1845.6
1853.78
1894.91
1928.86
2037.28
2140.2
2180.08
2297.42
2329.28
2355.4
2335.21
2383.81
2424.89
2306.09
2363.75
2515.36
2537.44
2570.57
2595.99
2693.93
2715.83
2738.61
2759.82
2790.37
2811.82
2695.35
2718.65
2754.44
2779.68
2794.44
2813.56
1.5
1.52198
1.52811
1.58861
1.72362
1.67735
1.6616
1.61664
1.70028
1.73852
1.84155
2.0597
2.10576
2.11623
2.14249
2.33958
2.29664
2.84967
2.5131
2.73303
2.89259
2.88415
2.98708
3.24987
3.29621
3.45669
3.36961
3.96642
4.53201
5.20958
5.86679
6.61615
5.58471
9.01395
9.36625
9.59857
9.73217
13.7772
12.1624
17.9192
14.5223
42.2306
224.055
100.48
220.999
335.057
333.89
775.069
792.138
693.744
743.172
968.997
925.421
1167
1175.08
1202.12
1248.53
1221.45
1436.08
1631.84
1586.7
1456.06
1569.76
1643.98
1890.48
1800.65
1771.74
1867.08
1854.64
1865.61
1906.39
1940.04
2044.91
2146.54
2186.78
2311.54
2343.02
2361.03
2343.08
2391.47
2432.35
2297.56
2369.53
2521.83
2543.74
2576.74
2602.02
2698.53
2721.83
2744.5
2765.56
2795.84
2817.18
2699.12
2722.36
2758.02
2783.18
2797.88
2816.97
1.5
1.53483
1.54059
1.62353
1.65496
1.71946
1.63838
1.64907
1.70934
1.78805
1.86854
2.01566
2.05256
2.10107
2.21814
2.22386
2.1354
2.75974
2.3756
2.62993
2.73609
2.87919
2.97386
3.28471
3.32219
3.51249
3.78183
4.3746
5.04747
5.41052
6.62339
6.31628
6.47773
9.08896
10.0848
9.52671
11.7371
12.518
14.5917
17.838
16.2376
197.024
147.172
80.5077
233.322
342.674
497.19
437.261
700.424
697.894
898.862
992.987
948.956
1021.11
1244.09
1195.66
1161.58
1447.1
1413.64
1553.51
1607.75
1473.16
1578.93
1652.97
1904.63
1814.72
1782.81
1958.01
2146.82
2192.26
2238.6
2101.58
2141.62
2151.1
2203.18
2318.06
2349.37
2352.78
2391.94
2442.76
2479.61
2304.27
2378.94
2525.44
2547.32
2580.27
2605.48
2704.23
2732.05
2754.62
2775.45
2805.41
2826.62
2708.43
2731.55
2767.03
2791.95
2806.59
2825.54
1.52083
1.54091
1.5424
1.61911
1.59491
1.68431
1.65114
1.60287
1.69918
1.91667
1.92022
1.96414
1.9603
2.03606
2.17763
2.26466
2.35522
2.58411
2.45986
2.55073
2.53108
2.72588
2.83556
3.11448
3.44826
3.66257
3.39778
4.04242
5.34967
5.49449
6.55188
5.97375
6.5243
8.10136
9.54504
10.3766
10.1519
11.4026
19.6357
15.5465
38.7686
39.133
116.538
242.958
482.68
411.474
481.113
652.709
726.29
785.111
829.073
1176.04
948.616
1076.05
1106.44
1160.23
1190.6
1287.16
1463.96
1575.04
1628.66
1410.62
1598
1659.59
1919.09
1833.24
1800.43
1971.3
2156.59
2201.72
2247.75
2117.28
2156.8
2159.6
2216.18
2330.16
2361.19
2363.25
2402.21
2452.59
2489.21
2313.15
2383.41
2479.68
2498.21
2525.59
2548.43
2598.76
2742.92
2765.35
2786.05
2815.83
2836.88
2712.95
2735.97
2771.16
2795.94
2810.52
2829.41
1.53409
1.50797
1.6
1.57297
1.617
1.65501
1.65474
1.67718
1.73187
1.9637
1.79947
1.94766
2.02465
2.05247
2.21569
2.3658
2.30176
2.4139
2.4526
2.56131
2.61747
2.68878
2.92524
3.18589
3.33585
3.54167
3.52873
4.23495
5.25109
5.02973
6.25284
5.91183
7.00995
8.36667
9.56531
9.7914
9.30581
13.6304
19.6077
16.4485
84.8608
44.3718
141.272
174.482
552.379
389.311
484.239
468.995
744.455
710.053
786.038
1200.14
1029.67
1090.81
1182.02
1248.48
1151.69
1399.41
1280.24
1591.89
1645.01
1420.29
1625.28
1665.67
1926.21
1847.61
1814.52
1981.03
2160.88
2205.86
2251.74
2128.29
2167.54
2166.38
2220.67
2333.23
2364.14
2372.58
2411.16
2461.06
2497.38
2322.54
2392.71
2485.25
2503.69
2531.01
2553.78
2602.55
2745.37
2767.72
2788.34
2818.05
2839.07
2717.64
2740.58
2775.59
2800.27
2814.79
2833.61
1.61413
1.6203
1.70833
1.59204
1.69368
1.71533
1.67468
1.68615
1.67798
1.78868
1.8093
1.95463
2.08053
2.14983
2.27143
2.30456
2.2931
2.42308
2.4871
2.52441
2.60276
2.6969
2.96084
3.04758
3.12512
3.49664
3.44249
4.20199
5.27493
5.55995
6.39046
6.0793
6.8313
8.1043
10.25
11.0977
11.8353
10.8511
16.1427
14.8009
27.7938
100.025
151.387
249.718
584.384
478.383
438.749
674.486
697.265
910.421
782.663
1116.95
1161.23
1208.74
1192.34
1264.6
1200.28
1413.9
1425.72
1383.55
1610.41
1584.8
1639.63
1636.82
1984.84
2036.31
2087.05
2124.49
2168.04
2212.73
2258.34
2147.9
2185.16
2177.75
2225.2
2341.58
2372.34
2380.39
2418.77
2468.23
2504.39
2329.34
2399.28
2487.14
2505.54
2532.82
2555.54
2606.27
2752.05
2774.29
2794.82
2824.41
2845.33
2720.66
2743.53
2778.29
2802.92
2817.37
2836.11
1.71429
1.66393
1.73782
1.64286
1.7016
1.62195
1.7217
1.66179
1.7005
1.7363
1.76591
1.92637
1.94812
2.17164
2.25635
2.28706
2.21047
2.48818
2.43166
2.48768
2.74087
2.74816
3.17807
3.23736
2.80415
3.74241
3.60037
4.41529
4.9714
5.52378
6.04396
5.82507
6.49278
7.70735
10.0349
11.0349
11.5216
21.3405
20.3815
20.1066
34.2726
148.83
341.846
435.732
277.742
474.582
556.577
653.248
896.392
739.274
934.062
1169.6
1025.25
1101.82
1215.83
1302.62
1249.7
1426.23
1363.04
1399.61
1621.4
1601.03
1655.43
1649.37
1996.79
2046.7
2097.17
2134.26
2177.55
2221.93
2267.2
2153.55
2190.51
2190.93
2242.79
2352.58
2383.04
2384.88
2423.14
2472.41
2508.48
2340.45
2573.09
2500.33
2518.55
2545.61
2568.18
2615.36
2757.17
2779.36
2799.85
2829.31
2850.02
2729.47
2752.23
2786.65
2811.14
2825.49
2844.02
1.58696
1.65823
1.65126
1.61294
1.70039
1.65146
1.66012
1.6528
1.75298
1.79101
1.80544
1.90849
1.971
2.22023
2.22349
2.2194
2.24518
2.32167
2.36312
2.39957
2.63551
3.14337
3.20148
3.31612
2.84474
3.95114
4.02761
4.10778
4.76888
5.14682
6.14087
5.32897
6.95264
7.35688
9.06078
12.0294
13.6503
20.0181
18.8037
23.5912
48.8839
73.1039
65.7143
166.86
340.321
461.891
498.523
756.729
820.178
605.905
1040.1
987.744
1162.63
1020.07
1315.89
1352.46
1394.59
1451.08
1535.28
1638.17
1710.58
1638.44
1747.4
1826.81
1860.84
1850.29
1900.22
1941.83
2052.79
2106.69
2140.97
2178.57
2193.23
2234.94
2317.19
2212.9
2258.16
2293.6
2333.41
2307.49
2538.58
2454.04
2481.24
2505.9
2524.05
2551.05
2573.54
2624.37
2762.24
2784.34
2804.72
2834
2854.46
2732.94
2755.61
2789.95
2814.34
2828.66
2847.1
1.65353
1.67778
1.66711
1.75166
1.70149
1.64191
1.73212
1.7893
1.83019
1.86304
1.82937
1.98987
2.11453
2.15385
2.16925
2.18603
2.28354
2.36512
2.38973
2.48429
2.63964
3.14488
3.19649
3.26667
2.93824
4.09343
4.02114
4.7814
4.7359
5.01011
6.48184
5.5742
7.18548
9.25574
10.6418
12.3843
17.1025
20.8808
50.9127
77.2805
103.35
107.649
87.1411
274.864
283.629
514.982
501.415
795.428
849.014
711.85
963.504
993.328
1026.18
1201.59
1325.17
1368.29
1368.16
1457.29
1549.19
1650.2
1721.7
1750.15
1767.96
1840.3
1872.88
1862.69
1912.29
1953.63
2064.41
2118.04
2152.1
2189.39
2202.83
2244.19
2327.97
2227.51
2272.32
2307.46
2346.87
2316.21
2544.06
2460.17
2487.25
2511.76
2529.78
2556.69
2579.07
2629.38
2769.72
2791.59
2811.78
2840.79
2861.06
2740.41
2762.96
2797.04
2821.31
2835.49
2853.79
1.61439
1.61078
1.65345
1.67511
1.82241
1.65559
1.7404
1.73718
1.7623
1.72848
1.78558
1.94394
2.12479
2.17013
2.1319
2.11494
2.27953
2.3714
2.40789
2.46209
2.83164
3.45603
3.10956
3.29612
2.97765
4.20816
4.28673
5.38301
5.43716
4.81046
6.11419
5.43295
7.8288
10.0979
11.6288
11.8465
21.2332
29.0204
51.4435
47.7188
96.8895
119.023
175.221
316.796
472.834
267.071
496.065
772.851
857.473
817.851
850.698
967.798
1049.07
1213.12
1337.68
1384.14
1398.47
1469.13
1560.72
1663.97
1732.16
1761.66
1780.13
1848.54
1884.37
1876.47
1925.78
1966.76
2080.38
2133.45
2167.01
2203.97
2213.69
2254.61
2336.08
2238.17
2282.63
2317.39
2356.53
2324
2551.22
2467.12
2494.1
2518.4
2536.32
2563.11
2585.31
2634.27
2775.9
2797.58
2817.69
2846.57
2866.75
2746.97
2769.42
2803.37
2827.51
2841.58
2859.75
1.6049
1.63988
1.67778
1.80181
1.97368
1.75862
1.6841
1.77941
1.74767
1.8295
1.84375
1.96566
2.1804
2.1322
2.13474
2.26634
2.28229
2.38985
2.41136
2.49121
2.57314
3.02345
2.98643
3.09688
3.13403
4.34953
4.1533
5.65492
5.20232
5.55085
6.07568
5.21726
7.18177
9.16512
24.4359
23.3882
14.5609
24.0939
80.0627
77.9554
217.057
195.998
297.268
438.073
573.362
462.2
474.409
715.205
765.556
738.633
914.331
1133.44
1065.67
1185.38
1351.39
1397.49
1366.08
1486.2
1569.71
1713.03
1748.06
1773.49
1768.93
1817.17
1890.58
1881.58
1930.73
1971.59
2094.68
2147.19
2180.44
2217.15
2221.83
2262.46
2340.66
2168.21
2199.69
2390.26
2281.98
2334.94
2559.09
2475.18
2502.06
2526.26
2544.06
2570.76
2592.86
2641.27
2779.02
2800.63
2820.67
2849.39
2869.53
2752.14
2774.49
2808.14
2832.1
2846.06
2864.09
1.68095
1.64785
1.71861
1.78431
1.7521
1.67337
1.6712
1.71602
1.79966
1.79059
1.87642
1.99824
2.15868
2.0446
2.20896
2.40377
2.29545
2.31877
2.41379
2.59651
2.74009
3.11302
3.01854
3.18878
3.55281
4.03405
4.18478
5.68373
5.17072
4.93723
6.92008
4.90392
8.24078
9.07687
10.0271
25.9189
17.2775
22.9045
21.3144
64.0063
42.1844
180.024
173.836
451.108
635.163
474.642
676.43
896.496
820.879
920.419
978.164
994.485
1081.99
1380.53
1366.26
1415.15
1408.82
1504.83
1594.24
1596.43
1689.09
1728.28
1799.33
1788.92
1977.71
1943.43
1985.28
2023.25
2070.08
2052.58
2086.89
2120.57
2230.95
2271.32
2346.4
2177.04
2208.36
2392.65
2288.95
2433.46
2541.13
2483.53
2510.26
2534.31
2551.99
2578.56
2600.53
2647.84
2781.57
2803.12
2823.1
2851.7
2871.73
2760.41
2782.62
2816.13
2839.97
2853.82
2871.74
1.83721
1.60904
1.72103
1.74266
1.8289
1.65326
1.71579
1.68652
1.83112
1.78934
1.83705
1.98576
2.0878
2.01863
2.16716
2.25173
2.27294
2.34659
2.37815
2.43696
2.62637
3.23581
3.06984
3.59566
3.70851
3.93947
3.85667
5.04091
5.6084
5.27942
9.59864
5.81766
7.25421
9.39621
10.1347
16.7718
25.7614
24.5028
48.8526
100.101
81.7106
181.219
330.467
366.081
711.54
648.383
593.091
977.176
950.531
978.95
1125.74
1115.38
1171.89
1315.27
1335.09
1422.48
1354.16
1516.45
1524.21
1796.52
1668.81
1721.38
1863.52
1916.43
2022.2
1867.64
1958.1
1948.6
1991.4
2090.8
2122.61
2152.44
2235.69
2235.23
2257.01
2297.72
2325.37
2421.73
2435.02
2541.56
2573.05
2598.55
2535.86
2492.06
2513.21
2596.42
2621.99
2654.71
2693.16
2715.36
2744.62
2771.33
2792.82
2776.17
2964.35
2801.31
2826.52
2842.44
2863.46
1.9691
1.60488
1.73967
1.67424
1.76667
1.83916
1.76248
1.70165
1.93804
1.87897
1.92144
2.01824
2.06476
2.03298
2.27874
2.39754
2.32777
2.31915
2.38152
2.59729
2.77784
3.20184
2.91971
3.2637
3.38512
3.66866
3.67655
5.10729
5.60874
5.88491
7.28342
6.2638
8.04189
9.51694
12.1345
19.1685
32.1364
34.5547
82.5657
201.831
200.655
155.79
271.327
324.592
434.932
449.552
670.819
703.126
863.255
917.834
1155.15
1221.61
1371.32
1330.98
1322.32
1389.88
1479.96
1644.23
1635.05
1810.72
1676.53
1739.01
1872.84
1925.48
2033.55
1880.48
1970.04
1964.5
2006.97
2096.2
2127.91
2157.57
2245.93
2243.86
2215.15
2251.8
2284.8
2405.77
2443.91
2549
2576.03
2602.56
2544.88
2499.17
2520.25
2631.05
2656.27
2678.45
2694.27
2716.22
2720.73
2741.17
2833.84
2848.2
2865.61
2898.56
2921.81
2938.19
2960.93
2.15782
1.72356
1.7572
1.77667
1.93272
1.83801
1.79103
1.77708
1.97096
1.83627
1.96631
1.98101
2.15601
2.19697
2.31215
2.46133
2.32796
2.3005
2.36068
2.49661
2.68906
3.36091
2.87151
3.05113
3.75592
3.67631
3.93829
5.20898
5.35219
7.10122
7.59603
6.8988
7.10755
8.86277
14.0282
16.712
17.0146
31.9038
143.078
58.3334
259.39
361.964
244.326
435.087
398.438
605.914
781.639
687.307
908.8
928.014
1133.08
1176.39
1005.33
1343.63
1330.47
1397.47
1499.91
1653.68
1647.08
1819.43
1691.87
1748.15
1886.94
1939.12
2043.28
1883.38
1979.36
1974.66
2016.89
2041.69
2078.11
2109.58
2250.38
2248.39
2225.9
2262.34
2295.11
2415.63
2453.6
2554.7
2581.67
2609.01
2548.14
2508.43
2529.25
2637.89
2663.03
2685.11
2700.8
2722.64
2726.5
2746.78
2836.59
2850.89
2868.24
2901.12
2924.29
2940.64
2963.29
2.02561
1.84091
1.97868
1.93271
1.90091
1.80464
1.91919
1.85045
1.9938
1.89884
1.95391
2.05319
2.10578
2.18441
2.26896
2.41062
2.44872
2.39561
2.43739
2.60088
2.89128
3.50877
2.8576
3.09148
3.57935
4.12271
4.39966
5.70049
5.34509
6.50415
6.6458
6.7654
7.50495
8.3945
13.5757
14.689
29.1621
18.4881
149.296
24.5865
199.264
419.526
143.912
513.354
454.743
543.989
849.071
999.75
945.278
947.274
1143.24
1238.4
1188.94
1349.96
1344.9
1411.36
1513.21
1667.96
1657.36
1827.16
1697.66
1686.87
1892.29
1944.21
1906.27
1893.56
1990.1
1986.13
2027.98
2048.65
2084.9
2116.25
2257.08
2254.87
2234.13
2270.33
2302.99
2419.83
2457.68
2562.9
2589.69
2613.14
2548.07
2514.35
2534.99
2598.03
2627.12
2751.85
2772.74
2844.97
2848.13
2867.28
2887.13
2909.27
2933.42
2957.47
2974.98
2860.72
3028.69
1.93651
1.77313
1.92963
1.90893
1.83782
1.75749
1.8482
2.02328
2.08793
1.85646
2.0122
2.0141
2.06116
2.14945
2.28088
2.39072
2.57414
2.55266
2.49416
2.85699
2.95277
3.41696
2.74387
3.13589
3.59195
4.40331
4.60162
6.40731
5.38012
7.27288
6.56204
7.97901
7.23272
8.68141
12.0186
12.4522
21.2306
18.2557
92.9526
118.104
378.792
448.275
588.039
352.842
450.067
832.149
879.187
960.065
763.818
972.062
1154.51
1247.9
1278.44
1360.13
1365.09
1430.78
1530.96
1681.19
1670.88
1839.79
1734.73
1855.84
1902.58
1954.23
1918.49
1904.71
1997.99
1985.33
2034.46
2054.83
2090.9
2122.08
2260.93
2258.73
2245.45
2281.21
2313.67
2427.79
2465.4
2570.31
2596.96
2620.32
2554.93
2525.1
2545.61
2602.87
2631.83
2758.23
2779.05
2849.34
2853.16
2872.23
2891.97
2914.05
2938.11
2962.09
2979.53
2867.81
3033.12
2.01345
1.87728
1.77188
1.97954
2.0036
1.91656
1.94836
2.03611
2.09478
1.86926
2.15897
2.08587
2.02494
2.04242
2.32069
2.38469
2.605
2.48606
2.60423
2.70955
2.76514
3.01224
2.99074
3.32915
4.03755
4.06107
4.65875
6.51685
5.66083
6.69925
8.15505
8.0602
6.83357
9.42022
17.0191
15.2675
100.145
23.2097
29.93
106.946
283.021
416.679
526.226
736.691
869.032
656.925
702.467
840.483
781.167
958.883
1165.67
1259.63
1289.8
1407.78
1371.3
1436.51
1546.82
1691.7
1677.53
1847.51
1743.93
1862.6
1909.07
1960.4
1926.56
1907.95
2005.37
1992.62
2041.55
2066.36
2102.11
2133.05
2267.73
2268.39
2249.96
2285.54
2317.87
2435.04
2472.43
2577.88
2604.43
2622.77
2559.74
2530.19
2550.6
2698.23
2722.58
2818.48
2847.81
2865.2
2887.38
2906.32
2925.96
2949.66
2974.76
2996.15
3013.72
3029.01
3051.08
2.04612
2.00602
1.80716
1.99449
2.06985
1.99483
1.96043
2.03255
2.13408
1.97315
2.12089
2.0396
2.02302
2.0277
2.32497
2.35504
2.33941
2.68241
2.68563
2.88317
2.85093
3.22968
3.28565
3.32673
4.04056
3.89983
5.11468
5.17913
4.90031
7.43796
7.92143
7.35193
7.25392
8.21881
20.8713
16.8629
54.3321
36.3027
43.7065
98.3063
288.682
509.35
590.961
471.019
731.193
740.2
708.8
760.087
1004.82
1103.87
1144.81
1208.18
1069.79
1344.46
1383.12
1447.69
1564.91
1700.11
1683.68
1858.54
1756.56
1869.07
1915.34
1966.34
1932.24
1917.68
2013.19
2000.43
2049.04
2067.99
2109
2133.29
2272.02
2275.97
2257.05
2292.46
2324.63
2440.71
2477.94
2585.76
2612.08
2633.07
2564.67
2534.02
2554.39
2702.53
2726.8
2822.3
2851.55
2868.86
2890.92
2909.82
2929.41
2953.03
2978.01
2999.3
3016.85
3032.09
3054.08
2.20481
2.02372
1.77461
1.96215
2.12603
2.02771
1.99466
2.07585
2.24713
2.2308
2.15881
2.01703
2.00445
2.16737
2.45138
2.40275
2.35784
2.49765
2.60815
2.77263
2.86275
3.20392
3.21496
3.25892
3.45932
3.76701
4.67953
5.4653
5.32087
7.81137
8.22903
7.80969
6.50627
8.80328
23.8289
34.0314
87.7015
42.902
56.0892
199.09
310.409
422.482
494.175
517.243
685.125
822.058
890.154
770.35
1022.03
1121.49
1159.88
1222.59
1083.54
1343.52
1421.09
1480.8
1571.49
1711.31
1694.61
1869.83
1764.59
1874.84
1920.81
1971.6
1949.45
1929.06
2018.83
2011.55
2059.78
2073.97
2114.96
2139.13
2278.94
2281.44
2262.81
2298.05
2330.04
2450.87
2487.92
2595.91
2621.91
2641.96
2573.5
2542.56
2562.86
2706.39
2730.52
2831.89
2860.89
2878.1
2899.97
2918.69
2938.19
2961.56
2986.28
3007.39
3024.81
3039.94
3061.82
2.11088
1.99323
1.76923
1.90787
2.13957
1.98223
1.92724
2.10316
2.14605
2.14164
2.16267
1.9973
1.95948
2.17882
2.36333
2.36629
2.39616
2.61659
2.7655
2.86145
2.8623
3.37605
3.1865
3.66552
3.09814
3.87585
4.79069
5.63849
5.06688
8.2156
7.30658
8.40151
9.10262
14.3109
15.4879
29.8165
49.0514
74.1631
77.0435
114.866
551.724
436.834
492.845
421.472
859.163
703.679
783.996
933.447
1105.58
1128.14
1298.05
1262.88
1360.76
1405.85
1430.64
1489.89
1581.72
1723.31
1704.5
1878.04
1887.43
1891.94
1937.39
1987.85
1923.15
1939.68
2027.74
2104.67
2148.96
2077.93
2118.8
2142.88
2285.36
2289.05
2273.25
2308.23
2339.89
2457.44
2494.35
2603.88
2629.69
2646
2579.2
2546.73
2567.01
2712.37
2736.42
2838.2
2867.03
2884.11
2905.82
2924.45
2943.81
2966.97
2991.56
3012.58
3029.85
3044.92
3066.67
2.17941
2.06522
1.90489
2.04476
2.075
1.91038
1.91287
2.11336
2.02336
1.96714
2.06648
2.05994
1.94018
2.2183
2.32705
2.37845
2.71623
2.73593
2.84031
2.92228
3.04582
3.53627
3.58559
3.68839
3.44154
4.46993
4.88802
6.14186
5.00802
6.26974
6.17422
9.14122
8.95612
15.8497
17.8206
25.3378
32.5275
63.7071
187.255
237.223
397.794
273.388
487.268
764.563
595.477
1032.69
809.25
1103.01
1055.14
1089.78
1314.66
1271.15
1376.74
1415.16
1464.34
1525.74
1588.38
1739.42
1714.27
1839.91
1895.18
1897.71
1943.01
1993.15
1936.12
2083.95
2038.35
2120.45
2164.2
2122.28
2159.11
2190.54
2297.35
2302.34
2278.77
2313.58
2345.05
2464.41
2501.2
2612.16
2637.8
2652.24
2541.52
2554.46
2574.68
2724.07
2747.9
2844.44
2873.1
2890.06
2911.63
2930.08
2949.36
2972.32
2996.68
3017.5
3034.68
3049.67
3071.35
2.18472
2.13016
2.07841
2.1701
2.14173
2.01087
2.01856
2.14408
1.98493
1.96354
2.07031
2.05007
2.00543
2.2021
2.29909
2.22377
2.59462
2.79379
2.97396
2.80631
2.86364
3.55036
3.50187
3.61126
3.42063
4.38107
4.65666
6.62437
4.4122
6.26248
5.61366
8.69369
11.2584
13.4377
20.9943
34.3018
31.2975
211.088
118.285
235.962
622.293
596.036
572.9
809.565
755.94
798.053
839.35
978.623
992.953
998.443
1170.39
1199.82
1270.55
1432.27
1471.43
1516.64
1606.12
1667.39
1680.26
1760.5
1819.81
1949.22
1904.83
1955.17
1993.38
2025.49
2067.16
2031.65
2077.1
2120.74
2158.03
2320.23
2324.66
2357.33
2366.18
2402.33
2430.45
2467.43
2501.11
2443.15
2470.27
2575.18
2613.98
2641.38
2664.72
2784.82
2813.39
2838.25
2851.71
2770.95
2796.84
2826.25
2841.37
2861.61
2886.69
2911.63
2931.87
2945.46
2971.73
2.18491
2.21304
2.40016
2.3
2.24056
2.19854
2.17368
2.26149
2.1723
2.19082
2.19555
2.31919
2.17496
2.53911
2.43934
2.46173
2.80617
2.87937
2.99603
2.83316
2.76637
3.27825
3.44569
3.97257
3.57584
4.56969
4.8755
7.15091
6.49479
6.67465
6.31179
8.47483
9.3466
12.2509
47.6358
50.6777
64.708
54.3404
103.062
206.852
406.836
373.668
641.75
818.96
830.422
895.819
938.194
983.572
1057.49
1071.18
1065.74
1477.85
1360.06
1383.58
1451.71
1500.68
1560.22
1607.41
1789.67
1917.38
1857.32
1903.61
1877.23
1886.25
2010.85
2162.32
2049.59
2088.1
2133.88
2173.07
2211.55
2241.1
2400.79
2440.41
2321.1
2397.3
2424.7
2398.67
2522.88
2440.32
2483.53
2673.96
2699.6
2602.14
2625.7
2684.16
2710.19
2773.74
2861.24
2897.41
2916.9
2933.78
2955.25
2983
3009.07
3031.64
3048.8
3063.38
3083.98
2.29758
2.28537
2.38
2.34605
2.36308
2.25936
2.15931
2.2443
2.21079
2.21213
2.1711
2.40909
2.20274
2.27932
2.64528
2.99495
2.68689
3.16538
3.03385
3.10837
3.17333
3.04207
3.29683
3.72119
3.71277
4.37622
4.49402
6.54784
6.49815
8.1844
8.01624
8.08293
9.57071
13.6719
33.6713
24.3258
32.5012
75.0306
195.15
359.641
437.332
494.717
724.778
741.71
848.344
873.557
952.677
1012.75
948.554
1165
1257.6
1305.4
1452.14
1357.9
1673.53
1737.78
1784.29
1844.1
1895.53
1739.83
1831.25
1881.05
1933.71
1910.37
2033.75
2179.96
2062.8
2100.91
2146.25
2185.11
2223.14
2252.34
2412.25
2451.66
2330.23
2337.12
2368.14
2495.73
2499.13
2448.84
2491.76
2680.35
2705.86
2613.3
2636.69
2687.02
2712.95
2778.98
2866.09
2902.16
2921.59
2938.39
2959.77
2987.39
3013.33
3035.83
3052.93
3067.46
3088.01
2.27526
2.30343
2.39971
2.34669
2.29667
2.22817
2.2697
2.31562
2.26075
2.27585
2.22588
2.46184
2.40408
2.32665
2.65261
2.80024
2.68583
2.99703
3.1499
2.95116
3.26402
3.43464
3.57647
3.7962
4.0403
4.59476
4.76483
7.70182
6.39708
8.24946
8.55919
8.63363
14.568
15.5051
43.9846
34.4612
22.9869
325.773
291.672
468.941
367.708
529.149
596.24
679.598
908.615
728.051
1034.48
1133.27
1285.49
1212.85
1285.91
1332.95
1469.47
1371.29
1694.19
1757.57
1803.55
1862.76
1913.59
1751.78
1781.12
1952.75
1943.53
1926.54
2051.16
2191.54
2068.99
2106.88
2151.9
2190.6
2228.34
2257.39
2421.87
2461.06
2399.91
2471.3
2497.84
2479.05
2480.13
2511.26
2550.84
2576.17
2606.01
2614.43
2634.27
2696.49
2722.26
2713.23
2870.52
2906.43
2925.75
2942.47
2963.74
2991.25
3017.11
3039.57
3056.6
3071.06
3091.53
2.13204
2.25229
2.33019
2.28776
2.37893
2.30128
2.21844
2.37079
2.28242
2.42805
2.33056
2.49088
2.3555
2.304
2.56166
2.92525
2.7112
3.02767
3.07245
2.92436
3.17017
3.891
3.62012
3.64683
4.41539
5.34022
5.96995
8.06629
7.36918
9.17242
8.50484
9.22657
17.2543
13.7526
45.338
78.7262
52.991
236.766
387.448
455.91
777.671
525.566
755.949
744.166
926.381
987.589
862.2
1146.02
1298
1210.02
1304.45
1350.81
1488.27
1383.82
1710.84
1773.63
1819.23
1878.05
1928.41
1769.88
1797.13
1847.87
1953.12
1939.7
2059.23
2202.53
2082.51
2120
2164.5
2202.93
2240.36
2269.16
2430.36
2469.41
2404.81
2477.57
2503.9
2484.04
2488.8
2519.58
2558.88
2583.96
2613.51
2624.03
2642.37
2702.67
2728.17
2719.81
2874.07
2909.84
2929.03
2945.63
2966.78
2994.1
3019.87
3042.29
3059.23
3073.62
3094
2.19106
2.36745
2.16572
2.19409
2.31529
2.28307
2.22424
2.32435
2.24308
2.31971
2.23186
2.46343
2.34148
2.61937
2.60422
2.92956
2.9181
3.02245
3.17719
2.90405
3.2426
3.83272
4.085
4.33688
4.51646
4.82749
8.49081
6.54769
7.74692
9.59965
8.75944
11.2071
46.9977
24.9892
27.6603
25.3451
52.1262
291.201
319.65
295.911
794.015
528.118
598.318
756.985
749.656
988.776
1003.57
1064.82
1310.28
1227.49
1211.34
1355.95
1497.54
1396.68
1722.44
1784.78
1830.12
1888.61
1938.43
1784.17
1799.93
1850.42
1962.49
1953.03
2071.29
2208.21
2094.12
2131.42
2175.51
2213.59
2250.58
2279.13
2436.44
2475.38
2414.54
2482.4
2508.53
2492.4
2497.15
2527.74
2566.88
2591.82
2621.26
2628.63
2646.82
2703.08
2728.56
2726.83
2876.77
2912.42
2931.54
2948.06
2969.14
2996.36
3022.1
3044.48
3061.36
3075.68
3096.06
2.2904
2.42776
2.18378
2.32427
2.40794
2.35401
2.28917
2.59563
2.48077
2.48656
2.23877
2.56584
2.42931
2.69424
2.84087
2.85301
2.89967
2.97451
3.17659
3.81198
3.13739
3.9768
4.18941
4.06854
4.75839
5.10172
5.83846
9.92146
8.23863
12.38
10.514
16.933
14.0343
25.3519
41.393
44.4386
62.2927
107.701
283.954
460.266
723.731
567.069
642.117
770.385
776.247
897.732
1009.5
1081.98
1323.08
1374.55
1295.31
1401.6
1516.47
1635.21
1738.84
1800.55
1845.46
1903.43
1952.87
1791.15
1812.61
1862.84
1951.08
1961.28
2085.75
2219.6
2107.91
2144.83
2188.38
2226.13
2262.86
2291.18
2445.88
2484.63
2310.74
2489.7
2515.63
2498.5
2510.39
2540.58
2579.33
2603.93
2633.07
2636.18
2654.11
2709.65
2735.04
2734.89
2882.28
2917.83
2936.87
2953.32
2974.28
3001.43
3027.1
3049.41
3066.19
3080.46
3100.74
2.55327
2.34882
2.37093
2.5298
2.48714
2.49003
2.33426
2.43226
2.44934
2.31129
2.33129
2.51566
2.6306
2.69443
2.87507
3.03345
3.02838
3.21089
3.43028
3.92131
3.35182
3.91439
4.19411
4.51402
4.56892
5.01692
5.7825
10.1402
9.50391
12.486
10.9551
23.9393
31.8645
25.6722
48.8517
66.2819
211.036
193.407
331.264
434.95
250.122
645.764
706.608
827.885
797.989
915.281
1020.81
1248.39
1330.03
1383.56
1284.41
1374.28
1526.85
1646.94
1748.74
1810.07
1854.7
1912.44
1961.58
1801.73
1816.08
1866.04
1961.55
1948.25
1999.86
2226.4
2121.16
2157.71
2200.77
2238.25
2274.68
2302.77
2451.48
2490.05
2313.69
2499.04
2524.75
2505.11
2521.7
2551.58
2590.03
2614.41
2643.29
2639.16
2658.15
2711.71
2737.08
2744.55
2887.33
2922.78
2941.75
2958.1
2978.92
3005.99
3031.59
3053.83
3070.55
3084.79
3104.98
2.46308
2.50414
2.43924
2.40487
2.39818
2.47967
2.30755
2.43926
2.3568
2.30325
2.41416
2.52808
2.50892
2.73873
2.81392
2.84231
3.04356
3.25089
3.48767
3.87172
3.55931
3.7837
4.42436
4.71275
4.94623
5.53212
6.30204
12.5494
9.51346
9.33789
15.1681
20.3489
35.7246
22.6317
52.5694
44.3562
118.132
255.834
518.876
460.314
528.444
652.949
718.222
840.466
814.949
828.777
1170.89
1267.31
1348.27
1134.68
1393.19
1556.27
1538.22
1656.93
1763.52
1824.29
1868.46
1925.6
1974.42
1819.83
1827.6
1877.21
1968.81
1966.07
2017.2
2234.99
2128.14
2164.5
2207.35
2244.7
2280.93
2308.87
2457.27
2495.67
2321.88
2502.91
2528.5
2511.16
2525.35
2555.16
2593.48
2617.77
2646.52
2645.01
2663.84
2716.45
2741.72
2750.05
2893.19
2928.35
2947.17
2963.44
2984.15
3011.04
3036.55
3058.61
3075.23
3089.36
3109.46
2.43835
2.53946
2.40465
2.41713
2.51266
2.45515
2.26497
2.43766
2.36715
2.53464
2.71197
2.7379
2.59563
2.81394
3.24068
2.86527
3.02554
3.80341
3.94509
3.72758
3.69015
3.93474
4.83008
5.1657
5.2502
5.45471
6.12332
8.49604
7.68442
10.1419
11.9621
13.7207
16.2872
23.6252
45.78
109.52
170.777
249.993
334.015
599.43
682.283
691.522
897.116
942.976
913.068
929.316
1078.16
1213.22
1313.52
1152.3
1404.33
1565.08
1549.39
1663.17
1588.07
1629.32
1681.65
1747.62
1794.68
1833.48
1841.15
1890.28
1982.25
1984.96
2035.66
2244.73
2139.6
2175.58
2218.08
2255.12
2291.12
2318.82
2464.15
2502.33
2333.39
2506.73
2532.28
2518.29
2511.47
2544.81
2577.98
2598.35
2626.68
2652.54
2673.79
2724.42
2749.59
2757.79
2897.19
2932.13
2950.91
2967.15
2987.76
3014.58
3040.05
3062.04
3078.59
3092.68
3112.74
2.65084
2.54663
2.48922
2.41132
2.62183
2.61699
2.7177
2.54766
2.58494
2.523
2.54479
2.47928
2.78187
2.83785
3.03261
2.65521
3.07375
4.04882
3.77675
3.78499
3.9094
4.39042
4.60161
4.54961
5.44444
5.50039
6.26145
7.94561
8.78315
12.1955
17.7736
12.1541
31.2313
21.5374
61.3155
109.136
57.3631
141.914
615.4
548.965
609.125
646.319
953.523
748.941
892.466
944.384
1186.93
1224.72
1329.32
1164.37
1385.98
1534.16
1564.13
1669.01
1610.36
1651.11
1702.8
1768.2
1814.94
1853.39
1856.38
1905.16
1991.81
2001.29
2051.6
2253
2145.79
2181.61
2223.79
2260.65
2296.49
2324.08
2475.63
2513.56
2341.22
2514.14
2539.54
2533.05
2524.51
2557.49
2590.41
2610.61
2638.71
2656.55
2677.76
2730.16
2755.16
2761.06
2901.76
2936.46
2955.13
2971.25
2991.68
3018.38
3043.75
3065.65
3082.09
3096.1
3116.02
2.63788
2.56464
2.45107
2.42421
2.71872
2.67844
2.91702
2.71815
2.61738
2.62649
2.57481
2.66811
3.04432
3.0635
3.20125
3.07815
3.39596
3.84221
3.91188
3.51437
3.87522
4.82362
4.86809
4.24735
4.92806
5.0141
5.83333
7.44784
7.81085
11.4025
14.4102
13.2963
33.2397
24.0089
64.6703
175.405
169.332
366.206
432.799
578.637
392.525
706.093
970.596
773.389
1002.96
1007.3
1198.75
1117.09
1344.89
1172.94
1546.7
1546.61
1585.42
1635.48
1624.25
1664.44
1715.63
1780.59
1827.05
1865.23
1869.21
1917.53
1998.63
2011.8
2061.77
2104.96
2154.11
2189.68
2231.57
2268.18
2303.71
2331.19
2487.08
2524.8
2349.44
2519.37
2544.63
2537.17
2530.74
2563.42
2596.11
2616.12
2643.99
2661.38
2682.36
2737.73
2762.59
2764.05
2904.89
2869.91
2896.19
2915.55
2929.24
3010.2
3035.61
3057.62
3075.34
3089.39
3110.93
2.59272
2.55359
2.68872
2.40872
2.7958
2.79772
3.04295
2.89105
2.69955
2.62667
2.59097
2.79961
2.79933
3.34922
3.08768
3.22928
3.40398
3.79279
4.01633
3.48481
3.96403
4.86453
4.74948
4.19052
4.91195
5.58343
5.87477
8.55349
11.5539
19.0566
12.1243
16.0733
17.5512
72.2992
179.753
240.897
387.939
218.063
653.33
568.245
653.355
724.022
739.334
920.356
1000.87
988.783
1215.12
1275.06
1109.67
1315.26
1562.01
1558.77
1593.34
1642.1
1639.76
1679.4
1730.17
1794.5
1840.67
1878.39
1880.07
1928.23
2007.86
2019.64
2069.39
2115.16
2161.22
2196.64
2238.19
2274.61
2309.83
2337.13
2489.5
2527.1
2356.77
2525.59
2550.57
2544.49
2536.12
2568.64
2601.19
2621.05
2648.69
2663.41
2683.05
2745.25
2769.89
2767.89
2906.18
2875.22
2901.37
2920.6
2934.21
3011.1
3036.46
3058.44
3076.09
3090.11
3111.6
2.76762
2.53776
2.80562
2.51556
2.89757
2.86029
3.21063
3.13115
2.8432
2.83597
2.69196
2.78449
2.80286
3.49829
3.1505
3.50484
3.49238
3.64202
3.98897
3.54849
4.27978
4.25128
5.06389
4.72007
5.2671
6.4511
5.90357
8.24461
13.0322
12.6584
19.3644
19.1811
30.9413
72.7133
57.8104
331.11
320.251
164.138
449.606
640.652
542.525
878.96
776.573
1179.92
1064.08
936.299
1087.39
1099.82
1292.35
1259.52
1575.74
1566.63
1602.66
1649.66
1646.22
1685.48
1736.02
1800.03
1846.09
1883.65
1894.79
1942.62
2016.23
2029.37
2078.93
2123.82
2171.3
2206.39
2247.59
2283.65
2318.61
2345.75
2494.65
2532.14
2364.59
2529.45
2554.29
2552.89
2539.97
2572.35
2604.79
2624.56
2652.04
2671.7
2691.44
2752.25
2776.69
2774.96
2910.32
2880.32
2906.36
2925.55
2939.1
3014.92
3040.21
3062.11
3079.71
3093.69
3115.12
2.90377
2.68002
2.72516
2.61609
2.83519
2.92156
3.02181
3.22973
2.93704
2.93398
2.64472
2.65048
2.73194
3.42897
3.54256
3.90897
3.80622
3.75732
4.02624
3.50767
4.02898
4.40604
5.03052
4.77153
5.09642
6.26127
7.11791
8.46765
10.9926
14.2012
17.6057
40.5958
48.6959
31.9634
101.425
171.693
266.88
345.973
480.772
793.941
619.348
894.294
844.471
1191.28
1081.69
947.04
1042.31
1109.24
1355.22
1349.75
1459.64
1582.61
1611.18
1669.24
1658.08
1696.79
1746.99
1810.6
1856.35
1893.58
1899.54
1947.18
2020.64
2037.98
2087.31
2117.72
2146.31
2192.02
2232.41
2390.19
2308.31
2340.19
2495.96
2533.36
2368.78
2532.33
2557.11
2560.58
2546.44
2578.66
2610.95
2630.56
2657.9
2679.75
2699.36
2753.99
2778.4
2781.97
2913.77
2886.32
2912.26
2931.36
2944.84
3018.01
3043.22
3065.09
3082.61
3096.55
3117.91
2.98507
2.71893
2.74255
2.66602
2.83151
2.80144
2.99715
2.86566
2.73094
2.78401
2.72894
2.75204
3.11961
3.05256
3.413
3.7283
3.57104
3.74443
4.02512
3.89368
4.12906
4.31986
5.68678
5.60476
5.88506
6.97102
7.14431
9.53924
11.1069
12.1395
25.9372
23.5667
51.8861
144.098
68.0181
256.483
221.787
318.061
432.919
722.264
774.375
847.217
783.116
935.147
1116.73
919.887
1098.33
1144.78
1418.01
1469.71
1501.05
1604.85
1442.14
1610.11
1674.84
1713.01
1762.83
1826.04
1871.37
1908.21
2054.96
2073.19
2028.8
2051.89
2100.7
2129.65
2163.55
2203.39
2243.41
2400.66
2318.47
2350.09
2513.91
2550.95
2381.93
2546.11
2570.6
2570.65
2553.96
2586
2618.19
2637.61
2664.81
2689.44
2707.52
2760.46
2784.77
2789.3
2919.18
2890.15
2916.03
2935.08
2948.52
3021.77
3046.92
3068.7
3086.18
3100.06
3121.3
2.80976
2.70383
2.85031
2.8015
2.98246
2.87605
2.96367
2.9613
2.735
2.85401
2.79116
2.66428
2.88702
3.01427
3.95735
4.03418
4.16895
4.17037
4.18993
3.95627
4.67652
4.29726
4.9348
6.23333
5.8674
7.54345
8.09577
10.5623
10.0629
19.012
16.9447
33.1927
25.746
205.083
83.3082
96.1673
355.6
469.354
607.434
721.157
825.006
743.619
853.364
1016.15
1168.59
1066.15
1193.89
1433.74
1501.53
1562.54
1464.7
1604.58
1649.59
1632.79
1387.48
1695.49
1739.61
1816.12
1904.8
1956.86
1986.82
1974.71
2014.38
2027.21
2185.63
2139.33
2175.67
2205.24
2246.05
2265.91
2297.18
2325.19
2464.12
2425.01
2353.03
2531.15
2552.78
2582.54
2569.56
2601.25
2633.06
2652.2
2679.14
2698.91
2716.87
2770.95
2795.1
2811.86
2808.01
2899.76
2925.47
2944.33
2957.63
3029.55
3054.51
3076.15
3093.5
3107.28
3128.37
2.9186
2.74945
2.91461
2.82964
3.01167
2.8867
2.97049
3.02385
2.80339
2.99523
3.05344
2.843
3.03578
3.26377
3.99738
4.16885
4.29288
3.99724
4.05291
4.06936
4.72777
4.67825
5.26726
5.21496
6.74822
8.79755
8.01195
14.9155
8.3405
9.68451
21.5169
75.8965
38.9296
49.8447
161.563
101.404
178.224
447.251
605.906
622.849
783.275
844.963
1113.85
1036.32
991.342
1083.09
1248.56
1445.93
1513.19
1573.82
1476.56
1616.83
1661.43
1643.98
1582.94
1702.78
1748.02
1826.91
1910.89
1962.65
1992.44
1982.28
2021.81
2034.49
2194.51
2146.92
2184.03
2213.22
2253.63
2269.6
2300.83
2444.19
2384.53
2433
2357.86
2537.22
2558.68
2588.3
2575.08
2606.64
2638.3
2657.31
2684.15
2703.92
2721.82
2775.41
2799.47
2814.42
2812.9
2904.01
2929.53
2948.29
2961.49
3033.3
3058.21
3079.78
3097.03
3110.75
3131.78
3.0226
2.94362
3.00686
2.92158
3.06229
2.79579
2.97073
2.9557
2.99408
2.97458
3.06792
2.99641
3.12734
3.39032
4.24127
4.28127
4.00385
4.16082
4.21531
4.00697
4.43702
5.06072
5.58219
5.67155
7.11061
9.95415
7.63146
14.5941
11.0012
13.8495
25.7257
55.9784
193.154
94.8314
301.665
228.216
553.718
368.366
659.12
821.922
814.246
807.27
789.42
1089.32
1307.41
1116.88
1297.83
1313.52
1419.7
1477.61
1489.35
1636.46
1680.38
1661.82
1598.44
1714.55
1857.24
1945.7
1924.67
1976.18
2005.63
1992.72
2031.96
2046.29
2203.69
2155.66
2189.26
2218.32
2258.49
2280.58
2311.42
2451.77
2458.39
2439.15
2361.95
2541.44
2562.79
2592.27
2580.55
2611.99
2643.57
2662.51
2689.27
2711.68
2728.2
2781.25
2805.22
2817.45
2816.71
2906.77
2932.22
2950.87
2964.01
3039.05
3063.89
3085.37
3102.5
3116.16
3137.11
2.89769
2.8141
2.93164
2.95504
3.04484
2.7624
2.96237
2.9199
3.04161
2.80303
2.93632
3.10662
3.11146
3.47591
4.07238
4.32541
4.32437
4.0322
4.49115
4.46223
4.56905
4.81816
5.50799
5.81698
8.20725
9.43246
11.5558
13.8548
10.1933
16.2992
20.9971
20.4323
58.9947
103.426
311.2
472.233
532.502
554.786
553.405
703.95
865.415
982.76
1024.7
1101.26
1318.39
1248.03
1310.04
1325.96
1433.45
1489.22
1499
1644.65
1688.24
1671.97
1608.56
1723.2
1867.1
1954.11
1934.51
1985.73
2014.84
1986.07
2026.81
2190.1
2208.1
2163.33
2215.23
2252.34
2292.53
2289.09
2319.65
2460.73
2464.41
2445.95
2366.06
2548.15
2569.41
2598.71
2584.75
2616.09
2647.58
2666.4
2693.09
2714.9
2731.42
2783.12
2807.01
2822.99
2820.43
2908.28
2978.67
2994.22
3014.53
3041.95
3066.73
3088.16
3105.26
3118.9
3139.75
2.79345
2.81005
3.02031
2.93025
3.2105
2.91339
2.89969
2.92389
3.02873
2.91535
3.54562
3.62776
3.63944
4.14059
4.57284
4.54429
3.92395
4.34563
4.78373
4.96553
4.90057
5.21021
6.29061
6.26276
8.19543
8.4343
10.4669
11.7445
12.2663
13.0277
18.9867
22.8406
78.2449
443.744
358.375
267.501
525.631
565.86
502.712
714.619
771.357
979.323
1037.65
877.965
1330.8
1262.42
1313.62
1400.53
1462.79
1501.96
1507.47
1656.06
1699.22
1685.37
1566.81
1768.89
1874.98
1969.06
1943.81
1994.77
2023.64
1999.37
2039.66
2092.5
2214.32
2172.1
2220.39
2267.96
2307.67
2303.9
2334.14
2463.02
2468.26
2455.82
2461.31
2554.82
2575.95
2605.01
2590.62
2621.86
2653.19
2671.86
2698.46
2724.02
2738.97
2786.56
2810.39
2831.81
2828.49
2913.2
2987.15
3002.55
3022.77
3050.09
3074.74
3096.04
3113.08
3126.6
3147.3
2.90745
2.9402
3.07385
3.02239
3.22517
3.00958
3.02392
2.92744
3.04638
2.93573
3.36831
3.46954
3.77303
4.17453
4.62425
4.56676
4.65128
4.3811
4.83863
5.12943
5.6529
5.67262
6.41505
7.41165
8.16497
14.4182
9.77534
14.0076
15.4488
11.6679
19.0682
26.8489
211.563
236.882
395.591
249.871
542.276
566.482
690.303
786.972
698.367
1118.27
923.611
1013.96
1333.89
1396.12
1324.16
1432.5
1489.62
1513.14
1577.59
1640.74
1682.48
1696.18
1581.89
1778.11
1890.51
1980.89
2098.55
2144.18
2171.66
2008.75
2048.9
2100.23
2218.88
2177.74
2240.73
2268.97
2299.31
2312.75
2342.77
2473.84
2471.86
2461.79
2473.28
2566.65
2587.62
2616.48
2610.4
2639.41
2675.3
2698.01
2726.43
2731.23
2746.01
2792.02
2815.74
2840.17
2835.5
2923.78
2991.93
3007.32
3027.49
3054.76
3079.37
3100.6
3117.6
3131.09
3151.73
2.8943
2.93221
3.12183
2.88674
3.09904
2.96482
3.15346
3.15385
3.07692
2.9633
3.3554
3.01202
3.97004
4.04119
4.37974
4.54135
4.14819
4.60652
4.86325
5.01523
5.48863
4.97768
5.91293
7.36751
8.4225
12.3755
8.3945
12.9187
15.479
17.1724
41.8514
22.5424
151.278
168.813
537.024
537.93
469.673
468.403
780.411
779.593
878.768
1205.21
1200.74
1113.78
1344.63
1406.3
1299.69
1377.46
1300.56
1526.47
1590.4
1649.39
1690.82
1637.15
1683.52
1616.27
1777.74
1989.8
2109.59
2154.88
2182.17
2015.01
2054.98
2112.68
2142.43
2188.72
2247.2
2275.25
2305.38
2321.34
2351.2
2479.43
2483.34
2467.14
2476.77
2572.83
2593.67
2622.41
2618.79
2647.67
2683.37
2705.99
2734.32
2740.32
2754.98
2799.43
2823.03
2846.17
2840.9
2924.35
2998.21
3013.53
3033.58
3060.72
3085.2
3106.32
3123.26
3136.66
3157.19
2.97794
2.93988
2.9976
2.91092
3.15445
3.08053
3.20538
3.19268
3.29049
2.95308
3.46611
3.23923
3.53333
4.16218
4.65516
5.05322
4.82469
4.80224
5.55541
5.07031
5.29303
6.09218
6.29107
6.75578
7.20022
19.3395
12.5749
9.63061
27.4812
24.3595
27.9172
90.8443
176.716
178.087
485.82
398.086
336.516
719.648
623.314
638.787
961.58
1222.17
1219.42
1134.35
1359.73
1420.87
1345.76
1274.57
1443.65
1538.9
1602.28
1641.75
1696.9
1803.08
1738.7
1752.3
1697.37
2004.4
2115.52
2160.71
2187.92
2020.42
2060.18
2123.77
2152.06
2199.62
2216.82
2306.38
2334.78
2328.66
2358.32
2484.79
2493.21
2476.7
2484.53
2579.56
2600.21
2628.7
2625.91
2654.59
2690.18
2712.69
2740.92
2744.82
2759.49
2802.31
2825.89
2852.07
2845.21
2930.06
3000.49
3015.75
3035.73
3062.81
3087.22
3108.31
3125.16
3138.52
3158.98
3.20674
3.19409
3.13879
3.09034
3.20233
3.08824
3.18469
3.44684
3.43939
3.22261
3.46578
3.1887
3.63302
4.11851
4.44336
5.09275
4.97458
5.39899
6.45052
5.5332
5.62734
6.23997
7.42587
7.21985
10.9375
13.4439
11.1896
10.6322
19.4016
19.6334
37.1885
51.8001
371.777
455.002
676.855
447.223
550.509
461.208
563.583
685.264
976.379
1230.65
1232.9
1010.69
1374.51
1435.15
1361.3
1291.64
1408.04
1550.85
1613.62
1647.51
1704.73
1807.12
1746.61
1767.55
1703.11
2014.9
2123.62
2168.72
2195.85
2034.61
2073.96
2246.47
2045.13
2209.72
2228.3
2312.86
2341.12
2338.36
2367.78
2489.31
2498.54
2483.23
2489.92
2585.94
2606.43
2634.75
2630.03
2658.6
2694.07
2716.53
2744.71
2748.02
2762.61
2805.27
2828.84
2854.09
2852.91
2937.77
3001.95
3017.19
3037.14
3064.18
3088.57
3109.63
3126.45
3139.78
3160.22
3.16374
3.26404
3.29454
3.18071
3.30415
3.09058
3.16387
3.23235
3.761
3.37853
3.61176
3.31682
3.81171
4.59228
4.91623
5.88311
5.81444
5.35408
6.57032
6.48772
5.8243
6.70365
8.01148
7.59353
9.29196
10.4716
17.0253
15.4293
29.2713
27.1012
42.5525
66.8182
162.066
313.217
383.788
487.421
765.523
573.55
708.204
693.534
985.59
1249.55
1250.71
1252.91
1387.14
1447.3
1207.76
1303.35
1424.28
1563.76
1626.18
1684.78
1721.44
1823.14
1753.74
1771.83
1716.71
2025.26
2131.28
2176.05
2203.02
2044.91
2083.86
2259.96
2142.5
2216.09
2237.59
2321.98
2350.05
2343.93
2373.21
2498.46
2538.43
2618.46
2639.83
2494.44
2520.27
2547.92
2578.43
2606.58
2633.39
2684.64
2711.17
2755.62
2768.81
2811.61
2835.1
2860.72
2858.65
2941.95
3004.3
3019.51
3039.4
3066.39
3090.76
3111.78
3128.53
3141.85
3162.24
3.46117
3.63242
3.40722
3.36334
3.62096
3.35875
3.51622
3.47322
3.66395
3.41929
3.65838
3.95958
4.2804
4.79709
4.76556
5.77613
6.05986
5.24469
6.17252
7.21218
5.65012
6.23853
7.20777
7.93132
9.48094
10.468
18.0654
16.7129
22.3268
28.0761
32.3355
84.3732
158.108
241.01
482.687
357.864
689.228
653.935
886.084
801.039
992.079
1270.3
1264.33
1273.49
1398.15
1457.75
1342.46
1313.37
1435.36
1573.17
1635.27
1577.9
1728.11
1837
1757.55
1782.23
1726.42
2034.54
2026.71
2070.85
2098.69
2055.1
2093.8
2264.17
2148.59
2221.88
2243
2327.7
2355.65
2348.6
2377.78
2506.66
2542.13
2626.69
2647.97
2499.75
2525.44
2552.99
2583.38
2611.37
2638.02
2690.6
2717.03
2763.3
2775.24
2816.59
2840.02
2864.07
2863.38
2944.36
3010.45
3025.59
3045.38
3072.25
3096.55
3117.49
3134.08
3147.29
3167.61
3.55019
3.63266
3.41064
3.40843
3.48878
3.39895
3.47951
3.79032
3.92138
3.64277
3.79809
4.07844
4.27121
5.00466
4.70525
4.26175
4.31371
6.10278
6.00877
6.22473
6.21534
6.02033
6.23199
8.81949
10.3414
10.4966
12.0386
39.5013
28.0465
23.7989
29.8305
65.3821
47.4205
248.233
362.375
470.068
770.967
426.275
939.554
748.839
1015.6
1281.02
1275.37
1285.51
1411.98
1471.12
1236.68
1320.92
1447.06
1588.29
1649.95
1592.73
1743.26
1847.95
1770.95
1791.46
1871.65
2043.21
2035.93
2079.72
2107.32
2128.68
2157.32
2273.24
2161.48
2232.48
2249.14
2335.07
2362.8
2359.1
2388.11
2517.24
2547.69
2632.41
2653.63
2506.17
2531.63
2559
2589.26
2617.05
2643.49
2695.32
2721.7
2767.43
2780.58
2819.31
2842.69
2865.85
2867.04
2949.18
3014.21
3029.28
3049.02
3075.79
3100.02
3120.9
3137.38
3150.5
3170.73
3.44112
3.48743
3.35993
3.46974
3.524
3.57474
3.55662
3.60526
3.91302
3.52521
3.75252
3.93706
4.19625
4.85746
4.71852
3.90488
4.83528
6.32937
5.72909
6.15931
6.53057
6.80534
6.4583
8.23044
11.6216
12.0395
10.1968
19.4591
21.4313
100.106
194.612
104.189
262.479
315.404
411.383
634.697
641.006
556.87
897.078
861.578
1031.2
1296.07
1289.52
1298.31
1428.91
1487.39
1275.35
1561.37
1634.34
1598.44
1659.57
1506.67
1755.09
1799.92
1799.59
1805.96
1887.17
2051.78
2045.85
2089.35
2116.76
2134.31
2162.85
2281.76
2174.52
2242.01
2258.47
2340.22
2367.81
2366.95
2395.85
2523.57
2560.84
2634.15
2655.29
2511.45
2536.8
2564.01
2594.19
2621.89
2648.24
2699.01
2725.32
2771.1
2784.2
2825.11
2848.42
2872.31
2872.81
2960.46
3016.12
3031.13
3050.83
3077.55
3101.75
3122.6
3139.03
3152.11
3172.32
3.44324
3.6415
3.58381
3.66754
3.62339
3.74531
3.8107
3.81281
4.28449
3.69624
3.97213
4.3219
4.1264
4.01667
3.83661
4.68483
5.12711
5.55126
5.92816
6.67291
8.65613
6.8901
6.91476
11.9662
9.5092
9.92264
30.9885
20.1618
71.1375
54.7226
100.299
57.1034
321.293
488.758
749.111
365.722
659.599
564.167
974.627
971.115
1212.24
1311.84
1301.07
1309.11
1445.84
1503.72
1283.92
1572.6
1646.52
1630.73
1749.58
1747.21
1793.43
1813.74
1812.18
1819.04
1977.64
2062.58
2053.49
2096.43
2123.67
2141.01
2169.28
2285.98
2204.59
2248.61
2328.94
2355.05
2382.97
2373.39
2402.1
2527.88
2567.15
2639.55
2660.58
2516.2
2541.43
2568.57
2598.56
2626.11
2652.34
2703.35
2729.62
2776.09
2787.82
2830.68
2853.85
2878.57
2879.99
2963.5
3019.57
3034.5
3054.14
3080.75
3104.86
3125.64
3141.99
3155.02
3175.18
3.76186
3.951
3.96112
4.06525
4.02753
3.88263
4.05057
3.9421
4.12743
4.1502
3.93178
4.15623
5.10971
4.5773
4.70194
4.2618
5.36213
5.32313
4.62776
6.3334
7.71222
8.442
6.42895
10.4242
14.9507
16.8036
41.1422
39.2523
55.3242
226.92
70.7424
139.427
259.963
506.584
391.797
551.284
691.273
652.435
1081.85
1083.77
1236.09
1344.48
1326.19
1330.31
1464.38
1521.53
1514.17
1586.68
1661.55
1640.18
1764.51
1716.85
1832.57
1816.86
1857.12
1965.17
2111.03
2067.26
2068.09
2110.71
2137.67
2148.47
2176.54
2297.39
2210.98
2260.72
2334.63
2360.73
2388.52
2384.31
2412.77
2537.52
2576.33
2647.6
2668.52
2521.12
2546.19
2573.25
2603.09
2630.48
2656.6
2708.07
2734.19
2781.77
2794.56
2837.87
2860.92
2882.46
2888.68
2969.1
3024.58
3039.4
3058.99
3085.55
3109.59
3130.27
3146.5
3159.48
3179.55
4.00544
3.79332
3.87422
3.81563
4.12201
3.87345
4.06242
4.21772
4.19181
4.2009
5.21985
5.04115
5.47187
4.7844
4.89186
5.30699
5.59329
5.50804
5.29357
6.33686
6.95537
10.1864
7.13455
17.4417
12.9728
17.3345
32.4491
26.5479
21.784
52.5036
65.8363
322.135
352.419
444.87
614.651
631.981
627.411
855.427
909.107
1099.58
1251
1362.99
1354.47
1340.2
1482.16
1538.66
1526.68
1598.62
1671.43
1666.63
1779.08
1712.34
1841.16
1826.86
1866.83
1987.62
2128.12
2088.1
2075.45
2117.72
2144.35
2157.41
2185.21
2302.61
2220.11
2271.42
2341.82
2367.79
2395.42
2392.56
2420.87
2540.58
2582.62
2656.46
2677.29
2528.02
2552.95
2579.74
2609.42
2636.71
2662.73
2714.54
2740.54
2784.1
2796.85
2843.93
2866.9
2884.99
2893.57
2973.14
3031.29
3046
3065.55
3092
3115.9
3136.39
3152.45
3165.35
3185.29
3.85612
3.66765
3.84882
4.10606
4.08688
3.8449
4.34299
3.99371
4.48456
4.39037
4.64217
4.47995
4.67782
5.34326
5.22474
5.50398
5.60439
6.05375
6.23601
5.92913
7.04267
8.64429
7.77838
18.7147
9.61661
22.5745
18.2747
26.578
32.8473
52.8358
140.143
170.9
362.961
490.135
676.231
742.764
828.052
768.515
963.009
1110.3
1115.76
1196.33
1255.41
1348.06
1501.36
1557.17
1429.2
1604.14
1574.32
1624.29
1810.69
1759.96
1752.47
1792.84
1894.99
1944.26
1971.57
2034.11
2028.25
2173.99
2051.44
2087.09
2117.36
2207.86
2248.7
2447.1
2480.74
2417.65
2445.28
2467.48
2684.34
2708.61
2492.61
2528.55
2546.91
2533.41
2558.24
2584.93
2614.49
2641.68
2667.59
2720.81
2746.72
2789.2
2801.83
2848.97
2871.85
2891.88
2894.81
2980.13
3034.47
3049.14
3068.66
3095.03
3118.88
3139.29
3155.33
3168.17
3188.05
4.24853
4.03699
3.7881
3.75253
3.95931
3.84824
4.3315
3.85495
4.32029
4.7205
4.47557
4.42339
4.27014
4.78511
4.7191
5.18905
5.81301
6.2975
6.30442
7.40233
8.13859
7.23396
7.95241
10.3582
12.8548
15.5606
41.3479
31.5019
27.5445
252.102
131.977
250.711
378.038
495.313
752.923
633.028
607.16
805.717
971.73
999.509
956.005
1022.52
1274.45
1363.96
1518.75
1520.38
1494.43
1615.45
1585.97
1635.57
1826.92
1677.92
1761.23
1801.35
1905.83
1954.7
1975.87
2041.01
2034.95
2144.61
2339.27
2084.63
2119.84
2333.28
2367.04
2358.29
2399.23
2423.45
2450.96
2474.99
2688.17
2712.23
2499.98
2535.7
2553.9
2540.1
2564.81
2591.37
2620.78
2647.88
2673.6
2726.87
2752.64
2792.33
2804.89
2855.99
2878.73
2895.32
2897.09
2981.33
3039.71
3054.34
3073.79
3100.07
3123.82
3144.08
3160.03
3172.81
3192.61
4.23525
4.20817
4.20192
4.07649
4.39934
4.17335
4.53891
4.15287
4.22106
4.74932
4.43192
4.40493
4.75449
5.20881
5.27758
4.87379
5.59426
5.99044
6.90172
7.26759
8.92378
8.40332
10.1881
11.475
17.4026
15.7077
44.3284
26.2008
89.0449
221.074
224.745
264.153
452.467
625.948
581.726
721.971
687.61
790.676
983.397
1018.76
969.421
1035.5
1350.43
1356.44
1544.33
1500.03
1504.63
1559.89
1596.2
1645.49
1839.71
1688.26
1769.05
1808.9
1915.15
1963.5
1988.59
2047.35
2040.98
2153.1
2349.8
2099.47
2134.41
2342.14
2375.7
2321.98
2355.29
2554.17
2584.66
2652.62
2679.67
2703.71
2507.72
2543.23
2561.33
2547.46
2571.96
2598.38
2627.69
2654.62
2680.17
2734.63
2760.27
2797.74
2810.13
2860.31
2882.98
2898.48
2900.53
2988.24
3043.15
3057.74
3077.14
3103.33
3127.03
3147.23
3163.09
3175.86
3195.61
4.14405
4.22813
4.23712
4.39399
4.61047
4.21907
4.73417
4.47023
4.3118
5.03242
4.83198
4.63232
5.12108
5.14387
5.06629
4.61014
5.72933
6.57683
6.15695
6.87822
8.47118
8.14199
9.97979
10.4516
15.5007
30.8447
36.9187
84.6038
217.809
97.2359
304.281
416.259
350.363
571.341
713.178
857.439
772.919
900.733
924.164
1225.81
1192.74
1216.76
1381.8
1412.1
1563.56
1512.77
1454.53
1573.61
1602.45
1651.53
1849.21
1703.75
1774.34
1814.04
1927.55
1975.3
2003.05
2051.62
2052.05
2111.72
2363.51
2103
2137.84
2355.14
2388.42
2324.85
2358.07
2564.63
2594.84
2662.31
2689.1
2712.96
2518.85
2554.11
2572.08
2543.41
2574.07
2599.7
2631.81
2664.36
2692.51
2742.13
2767.58
2800.31
2811.47
2865.42
2887.96
2903.52
2901.96
2994.22
3050.72
3065.24
3084.5
3110.53
3134.06
3154.09
3169.83
3182.5
3202.14
4.24236
4.37366
4.2438
4.46325
4.50509
4.53425
4.83412
4.56799
4.31473
4.53
5.22154
4.84056
5.43643
4.81878
4.51226
5.21779
5.9638
7.3368
6.27683
7.27156
8.15898
9.14007
10.2546
12.0909
16.458
55.7138
67.0267
81.205
66.2494
155.413
197.73
541.393
509.342
450.68
919.153
873.631
763.954
862.886
975.211
1132.94
1147.24
1124.37
1352.62
1427.38
1581.09
1527.27
1471.47
1609.86
1616.85
1665.57
1858.5
1901.1
1790.62
1830
1938.68
1986
2015.88
2061.15
2063.01
2118.14
2246.8
2280.13
2304.76
2340.01
2381.06
2331.7
2364.66
2569.84
2599.82
2406.81
2467.72
2489.57
2524.17
2559.3
2577.23
2552.27
2582.73
2608.25
2640.19
2672.62
2700.58
2755.05
2780.25
2807.17
2815.9
2869.41
2891.89
2909.13
2911.18
2999.73
3057.7
3072.15
3091.28
3117.15
3140.58
3160.54
3176.14
3188.7
3208.28
4.12016
4.24426
4.19203
4.56233
4.13561
4.38956
4.70706
4.39558
4.31562
4.59543
5.29413
5.61927
5.96466
4.93276
4.6817
4.98005
5.89775
6.03401
6.13164
7.65274
8.64784
9.08664
13.5982
13.8712
31.027
65.513
32.5425
58.1397
87.7066
110.778
336.532
400.686
432.676
467.476
739.164
878.313
875.136
1048.21
1008.84
989.956
1246.72
1256.47
1359.11
1412.21
1514.21
1611.93
1485.91
1617.8
1627.14
1675.52
1865.36
1910.21
1799.72
1838.91
1947.31
1994.1
2011.09
2070.19
2070.4
2126.69
2255.98
2289.1
2313.47
2348.45
2389.21
2335.54
2368.35
2575.94
2605.67
2412.34
2476.47
2498.05
2528.13
2563.21
2581.1
2560.03
2590.17
2615.54
2647.31
2679.54
2707.41
2759.57
2784.64
2809.58
2818.31
2875.64
2897.96
2915.55
2916.12
3002.88
3062.84
3077.23
3096.28
3121.99
3145.31
3165.18
3180.71
3193.23
3212.74
4.3378
4.19113
4.01053
4.2331
4.37793
4.32937
4.52486
4.64215
4.34905
4.82299
5.10913
6.24437
6.08066
4.74322
5.20964
5.50124
6.05
6.74952
6.2902
9.07013
9.00987
18.77
18.4005
11.5506
22.8249
34.2997
32.8016
53.5459
226.141
247.342
273.501
494.68
437.339
732.581
684.212
1029.57
869.924
1010.67
1117
996.346
1229.19
1232.2
1377.82
1278.29
1521.56
1439.31
1460.81
1629.07
1635.73
1683.82
1879.65
1918.84
1807.13
1846.07
1956.34
2002.9
2139.2
2074.73
2074.98
2134.81
2258.6
2291.6
2315.87
2350.76
2391.45
2346.69
2379.29
2582.21
2611.79
2416.35
2481.84
2503.3
2537.66
2572.45
2590.18
2566.37
2596.37
2621.53
2653.18
2685.3
2713.07
2763.66
2788.66
2817.64
2826.19
2879.48
2901.73
2917.22
2919.04
3003.84
3063.03
3077.4
3096.45
3122.16
3145.47
3165.33
3180.85
3193.35
3212.86
4.22244
4.17854
4.00781
4.16781
4.2808
4.30203
4.51213
4.53658
4.34772
4.88546
5.31681
6.3847
5.77571
4.69689
5.50636
5.67155
6.30016
6.80836
7.0919
9.68634
9.24653
12.5121
11.343
14.161
21.2615
35.1374
73.2164
87.0012
221.564
575.77
324.068
513.331
499.478
760.217
715.628
1047.28
869.304
990.513
1181.44
1035.07
1259.02
1401.83
1244.28
1356.83
1365.62
1494.83
1415.6
1638.18
1647.02
1694.79
1895.1
1926.05
1818.86
1857.61
1970.54
2016.5
1983.09
2065.84
2082.36
2150.99
2265.5
2298.28
2322.42
2357.14
2397.55
2352.73
2385.16
2586.51
2616.01
2423.23
2487.22
2508.6
2542.18
2576.83
2594.5
2572.4
2602.3
2627.35
2658.94
2691.02
2718.64
2770.42
2795.34
3054.03
3065.46
2871.37
2890.76
2922.77
2927.3
3007.86
3069.24
3083.56
3102.51
3128.12
3151.32
3171.08
3186.51
3198.96
3218.39
4.44721
4.02021
3.87629
4.09121
3.91786
4.10024
4.48619
4.18475
4.17762
4.72356
5.54692
6.20415
5.88764
4.66844
5.80916
5.95118
6.61783
7.01625
7.70248
10.1938
9.23303
12.3268
18.3954
14.9001
29.6214
49.9839
24.4265
122.662
154.052
361.277
175.374
510.773
499.796
743.044
773.658
1065.12
836.519
855.056
1190.05
1046.79
1273.8
1413.95
1351.05
1367.16
1374.23
1503.82
1424.73
1649.08
1655.15
1702.54
1903.99
1937.55
1826.05
1864.58
1980.16
2025.73
1995.77
2077.15
2086.63
2161.7
2273.1
2305.61
2329.58
2364.1
2404.29
2361.24
2393.48
2593.49
2622.83
2502.47
2528.19
2529.3
2545.52
2580.03
2597.62
2577.43
2607.21
2632.16
2663.62
2695.6
2723
2778.19
2802.87
3058.94
3070.29
2875.6
2894.9
2928.27
2928.91
3012.54
3073.02
3087.29
3106.17
3131.72
3154.84
3174.52
3189.92
3202.35
3221.74
4.46546
4.01303
4.23816
4.48783
4.20061
4.2422
4.70423
4.4745
4.45145
4.71787
5.43226
6.11109
5.7637
5.0311
5.20064
5.8976
6.28514
6.51409
6.86954
9.66029
13.4298
16.7771
20.6183
72.5123
26.4398
21.7077
35.0752
250.346
147.378
499.318
325.092
637.747
908.731
686.945
752.922
800.995
917.454
1115.48
1047.59
1290.21
1293.19
1388.08
1514.16
1427.29
1386.87
1511.27
1445.69
1700.04
1668.98
1715.89
1914.29
1901.02
1841.66
1879.79
1995.58
2040.5
2170.51
2089.13
2095.12
2176.42
2280.27
2312.63
2336.5
2370.82
2410.78
2453.84
2518.64
2375.09
2405.04
2511.55
2537.06
2540.45
2550.63
2585.06
2602.56
2584.25
2613.87
2638.69
2670.07
2701.94
2729.18
2784.47
2808.93
3062.27
3073.6
2881.64
2900.76
2937.89
2936.69
3016.34
3075.2
3089.44
3108.24
3133.72
3156.8
3176.42
3191.77
3204.15
3223.47
4.6068
4.42553
4.61421
4.76126
4.44827
4.5303
5.37602
4.4674
4.58969
4.72916
5.32272
5.91414
5.77989
5.32903
6.32851
7.70928
7.54059
6.74625
7.69691
9.6179
9.25427
11.0973
25.4139
19.67
39.1508
17.48
24.3979
56.7295
241.899
266.568
435.167
515.877
795.485
591.981
900.193
857.478
945.735
1141.11
1150.83
1306.73
1233
1301.43
1360.99
1376.69
1428.89
1687.48
1502.29
1751.99
1686.17
1732.77
1933.2
1927.74
1861.12
1898.91
2020.99
2065.42
2057.74
2099.77
2107.59
2187.79
2289.07
2321.16
2344.79
2378.83
2418.5
2362.18
2532.29
2384.7
2414.47
2521.09
2546.38
2555.39
2535.79
2826.4
2848.15
2591.63
2621.1
2645.75
2676.96
2708.65
2735.64
2788.3
2812.67
2944.28
2957.62
2975.26
2997.66
2949.18
2940.66
3021.68
3084.04
3098.15
3116.86
3142.16
3165.08
3184.57
3199.76
3212.08
3231.35
4.85761
4.43398
4.50771
5.07071
4.7512
4.37945
5.44943
4.47455
4.52098
4.53793
4.99386
5.92962
5.52185
5.0962
7.64188
7.76672
7.69876
7.28316
7.96298
8.93903
8.94004
13.5433
24.0123
24.7317
31.9889
24.6831
27.406
64.1698
305.482
267.591
414.776
510.293
736.472
697.333
792.347
970.444
1107.82
1006.72
1136.9
970.617
1251.27
1319.93
1378.82
1393.76
1445.34
1702.16
1606.8
1695.88
1738.82
1743.05
1981.58
1940.8
1875.48
1912.87
2034.26
2078.37
2009.25
2043.83
2081.94
2198.14
2295.91
2327.87
2351.34
2385.15
2424.72
2566.85
2540.88
2390.23
2419.86
2529.78
2554.91
2561.53
2546.3
2835.01
2856.65
2629.37
2661.04
2685.27
2715.47
2747.84
2769.57
2795.08
2819.33
2891.62
2910.62
2932.97
2954.63
2954.46
2948.62
3025.26
3086.67
3100.73
3119.37
3144.56
3167.42
3186.86
3202.01
3214.3
3233.51
4.73669
4.52391
4.61035
4.98559
4.63781
4.48803
5.1415
4.80417
4.74448
4.82026
5.72088
5.83789
6.09334
5.58624
7.13469
7.20871
8.237
6.78555
6.91742
13.3858
11.3434
25.0751
18.8683
31.4919
31.4538
43.7413
30.7724
132.123
320.32
279.812
326.961
398.625
793.388
725.799
938.019
987.267
937.304
1022.69
1150.32
1364.73
1269.58
1337.02
1395.3
1410
1460.79
1713.7
1622.18
1737.82
1825.51
1679.27
1739.39
1786.96
1881.71
1918.85
2042.75
2086.56
2016.62
2052.17
2090.01
2211.29
2307.29
2339.05
2362.21
2395.61
2434.78
2577.41
2551.38
2398.05
2427.44
2537.62
2562.53
2565.62
2552.61
2839.29
2860.88
2638
2669.45
2693.5
2723.54
2755.68
2777.29
2802.67
2826.68
2897.52
2916.34
2938.57
2960.15
2957.36
2954.23
3029.4
3089.32
3103.34
3121.93
3147.09
3169.91
3189.32
3204.44
3216.73
3235.9
4.67376
4.4312
4.70354
4.47117
4.50767
4.31221
5.73287
4.69203
5.1617
5.39426
5.09972
5.24088
5.25865
7.70763
5.75763
7.48962
7.05834
8.40706
7.37216
9.39424
11.5968
16.1936
19.2735
13.9397
30.6138
32.4028
121.856
349.163
284.236
327.107
559.606
762.799
684.493
891.978
921.784
894.871
953.087
862.003
960.264
1165.35
1307.41
1357.83
1415.22
1428.81
1479.06
1730.73
1801.52
1752.55
1836.34
1690.07
1746.5
1793.79
1889.49
1926.38
2049.25
2092.88
2023.14
2061.99
2099.62
2217.73
2320.45
2351.95
2374.81
2407.92
2446.9
2445.19
2478.88
2406.55
2435.78
2545.98
2570.73
2571.02
2561.09
2846.72
2868.23
2644.12
2675.42
2699.42
2729.37
2761.38
2782.89
2808.12
2831.98
2905.01
2923.68
2945.83
2967.25
2962.52
2958.82
3036.08
3091.65
3105.62
3124.16
3149.24
3172.02
3191.36
3206.42
3218.67
3237.82
4.75155
4.44839
4.56888
4.54152
4.69566
4.74365
5.76933
4.68286
5.09507
5.772
5.26141
5.36368
5.59216
7.46705
5.90978
7.28851
7.13277
7.92779
8.5736
11.7133
14.1611
16.2181
19.1522
23.2678
35.103
32.2848
219.52
69.4569
247.802
492.181
570.259
765.661
862.455
840.742
839.42
910.207
897.098
1218.07
1274.61
1018.88
1259.09
1319.64
1369.34
1454.86
1500.85
1630.14
1805.63
1765.89
1843.19
1702.73
1759.34
1806.22
1901.13
1937.64
2054.2
2097.75
2024.76
2087.27
2121.66
2225.32
2229.93
2268.18
2305.44
2358.21
2393.84
2450.96
2484.53
2413.38
2442.47
2552.66
2577.29
2578.3
2567.58
2852.65
2874.05
2648.58
2679.73
2703.64
2733.49
2765.42
2786.85
2812.03
2835.84
2906.73
2925.35
2947.46
2968.81
2968.66
3058.7
3039.74
3094.08
3108.04
3126.53
3151.54
3174.29
3193.59
3208.6
3220.83
3239.96
4.43805
4.44344
4.47096
4.41213
4.73237
4.77477
5.69395
5.47267
5.23482
5.65509
6.28415
6.47296
7.39634
6.98549
7.04578
9.09043
8.13051
7.469
10.4845
12.501
16.6677
22.0377
29.3616
22.427
66.1429
78.3496
105.718
230.802
302.223
502.455
482.378
647.542
849.167
813.516
865.229
988.85
1081.6
1214.34
1293.73
1171.92
1275.25
1335.31
1381.19
1469.56
1515.14
1644.59
1656.89
1777.7
1854.59
1712.27
1769.33
1815.97
1910.05
1946.19
2071.02
2114.04
2038.45
2099.77
2133.9
2230.9
2233.61
2271.58
2308.5
2360.96
2396.43
2459.05
2492.48
2421.06
2450
2559.48
2584.02
2582.95
2574.25
2855
2876.27
2654.83
2685.76
2709.54
2739.28
2771.09
2792.43
2817.54
2841.23
2911
2929.57
2951.61
2972.84
3007.55
3067.96
3043.52
3095.73
3109.63
3128.07
3153.01
3175.72
3195.02
3209.98
3222.19
3241.31
4.81507
4.8261
4.64997
4.82329
4.94239
4.89377
5.64271
5.32265
5.25462
5.18372
6.04537
6.16274
7.44473
7.34696
7.27658
10.1175
8.07655
8.2281
12.2746
15.7388
13.7146
15.6756
24.3194
17.1618
51.0834
98.9892
80.9787
471.019
300.563
500.381
579.32
823.557
765.392
719.108
732.161
989.623
993.21
1225.71
1305.85
1392.63
1291.33
1350.97
1393.77
1488.19
1533.3
1659.8
1738.53
1784.67
1862.81
1787.55
1776.71
1823.23
1915.28
1951.28
2080.21
2122.9
2046.75
2110.4
2144.21
2353.92
2243.58
2281.28
2318.06
2370.21
2405.5
2467.75
2500.99
2427.14
2455.99
2561.91
2586.39
2589.08
2577.92
2857.65
2878.88
2665.91
2696.53
2720.05
2749.57
2781.14
2802.28
2895.36
2916.82
2916.05
2934.56
2956.44
2977.56
3013.38
3071.45
3047.86
3100.02
3113.85
3132.21
3157.05
3179.66
3198.84
3213.73
3225.88
3244.94
5.35532
5.48435
5.14949
5.28211
5.39183
5.35352
5.92355
5.47871
5.77967
5.75659
5.5957
6.32785
8.29823
7.34686
7.3088
10.8859
8.28629
8.51822
14.2367
14.8298
16.4923
15.8416
23.2366
20.8334
38.8028
120
101.282
260.578
206.275
620.874
790.875
866.746
867.552
903.513
976.302
1169.18
1105.33
1193.64
1319.18
1406.48
1309.47
1368.11
1392.63
1500.16
1544.98
1672.69
1748.39
1795.62
1871.49
1796.32
1786.9
1833.13
1921.12
1956.98
2089.99
2132.34
2052.67
2117
2150.55
2361.22
2251.77
2289.19
2325.7
2377.6
2412.74
2474.89
2507.94
2432.25
2460.99
2571.08
2595.37
2593.6
2582.17
2863.17
2884.19
2674.95
2705.41
2728.78
2758.18
2789.6
2810.63
2901.74
2923.08
2922.05
2940.48
2962.23
2983.23
3017.74
3079.77
3053.32
3101.24
3115.06
3133.4
3158.22
3180.81
3199.96
3214.85
3227
3246.04
5.46309
5.71162
5.54421
5.43044
5.47646
5.41285
6.09958
5.54873
5.98019
5.78664
5.78383
6.34487
8.38728
7.39909
6.78679
10.7452
8.40243
8.71848
16.6396
16.2529
15.9821
14.8092
28.6221
19.3385
78.207
319.658
249.727
296.049
606.463
557.397
803.354
800.663
810.57
963.516
951.719
1187.22
1233.55
1380.07
1292.53
1448.42
1496.91
1579.25
1605.19
1706.49
1699.55
1754.07
1600.12
1807.36
1882.94
1818.75
1862.47
2041.75
1928.99
1964.67
2104.3
2146.09
2067
2126.78
2160.13
2368.6
2259.61
2296.77
2332.96
2384.6
2419.51
2480.03
2512.95
2437.93
2466.5
2578.81
2602.93
2598.25
2588.96
2870.93
2891.82
2679.74
2710.06
2733.34
2762.64
2793.91
2814.85
2905.28
2926.51
2925.51
2943.88
2965.55
2986.48
3021.55
3084.13
3056.4
3105.98
3119.73
3137.97
3162.64
3185.16
3204.21
3219.03
3231.1
3250.08
5.55746
5.99132
5.71622
5.24859
5.21197
5.14569
5.63469
5.11103
5.56869
5.88135
6.20706
6.81433
7.35177
8.53607
8.26421
8.83569
10.3177
12.6894
18.819
15.7282
15.6053
13.2747
39.6769
55.3815
39.732
108.726
278.84
483.284
739.157
843.442
823.332
786.509
832.496
860.376
995.042
1203.13
1258.58
1343.8
1240.04
1303.45
1609.29
1645.57
1700.09
1464.84
1704.92
1756.76
1613.58
1820.67
1764.83
1806.33
1848.86
1886.39
2103.74
2138.77
2157.75
2197.54
2073.7
2133.4
2166.59
2261.81
2267.97
2304.88
2340.87
2392.27
2427.03
2506.25
2541.48
2565.58
2591.59
2586.99
2610.9
2603.33
2600.58
2881
2901.61
2766.97
2792.14
2816.29
2848.42
2885.18
2908.73
2910.06
2931.19
2930.04
2948.34
2969.91
2990.76
3025.86
3090.42
3060.46
3110.63
3124.29
3142.45
3166.99
3189.4
3208.34
3223.08
3235.11
3253.99
5.5122
5.89001
5.8134
5.5515
5.41099
5.33064
6.29795
5.80967
5.7548
5.76833
7.60581
6.56917
7.86794
10.7041
8.53796
10.5627
10.5687
13.0396
14.018
13.0899
14.9286
26.3548
23.419
29.946
148.025
319.586
305.481
555.906
532.594
703.586
888.51
807.917
796.453
864.152
1101.21
1196.96
1042.5
1364.26
1207.05
1314.47
1621.26
1657.16
1711.34
1472.07
1719.95
1771.26
1625.69
1830.99
1772.22
1813.51
1855.8
1893.14
2114.04
2148.86
2165.91
2205.24
2084.77
2149.14
2182.04
2268.62
2273.82
2310.58
2346.4
2397.52
2432.19
2509.83
2544.89
2568.92
2594.86
2592.14
2615.93
2610.05
2603.43
2884.29
2904.87
2773.77
2798.74
2822.71
2854.69
2891.33
2914.78
2889.16
2916.6
2931.24
2949.52
2971.04
2991.86
3028.85
3093.6
3061.48
3113.46
3127.09
3145.14
3169.63
3191.96
3210.84
3225.51
3237.53
3256.35
5.43835
5.81807
5.71611
5.53425
5.4339
5.97664
6.66853
6.53243
6.44012
6.28685
7.1257
7.50252
8.78786
11.7133
8.37658
9.90149
13.9912
10.5291
14.6816
13.5096
13.006
21.0408
23.7988
123.065
45.7309
281.946
278.931
273.589
567.091
630.702
677.238
888.171
905.41
852.353
1124.97
1182.38
1094.15
1375.44
1221.11
1329.04
1632.91
1668.33
1722.14
1615.41
1732.77
1783.61
1741.84
1840.81
1781.35
1822.47
1864.53
1901.68
2121.76
2156.31
2174.8
2213.89
2095.45
2155.45
2188.15
2274.78
2285.21
2321.65
2357.19
2407.97
2442.43
2516.49
2551.3
2575.19
2600.98
2595.13
2618.75
2620.06
2607.89
2886.73
2907.28
2781.63
2806.36
2830.18
2862
2898.39
2921.65
2896.82
2924.14
2937.05
2955.25
2976.69
2997.45
3035.85
3097.86
3065.41
3119.06
3132.58
3150.49
3174.83
3197.04
3215.83
3230.37
3242.35
3261.08
5.69161
5.63314
5.38727
5.27341
5.53148
5.72333
6.79215
6.82888
6.89373
6.91798
7.22833
7.92716
9.49478
12.5034
8.32592
8.06589
12.2686
10.2516
14.5649
18.121
18.3073
29.1014
49.1041
201.858
69.126
321.933
205.252
345.2
463.054
754.576
619.164
877.781
1020.26
934.258
1157.43
1205.89
1379.46
1387.16
1242.8
1340.63
1566.07
1605.52
1466.48
1634.27
1744.67
1795.04
1711.13
1851.11
1795.79
1836.61
1878.35
1915.18
2132.41
2166.78
2186.61
2225.36
2109.27
2167.6
2199.93
2280.07
2296.22
2332.27
2367.6
2418.12
2452.32
2521.77
2556.41
2580.22
2605.89
2599.09
2622.57
2626.65
2613.58
2891.72
2912.11
2788.02
2812.51
2836.11
2867.76
2903.87
2927.01
2903.19
2930.31
2940.64
2958.81
2980.15
3000.84
3042.44
3102.99
3067.52
3122.39
3135.85
3153.62
3177.81
3199.93
3218.62
3233.09
3245
3263.64
5.87757
6.07892
5.50999
5.27575
6.09697
6.70524
6.24625
6.86865
7.09619
7.23117
8.92373
8.31435
8.25848
11.9751
8.19025
8.08094
11.1155
11.0516
14.9525
17.2066
34.9669
38.9964
42.4791
68.253
95.693
194.711
295.36
743.843
457.022
720.242
727.274
940.033
898.733
912.188
1171.14
1261
1037.02
1315.34
1259.18
1353.7
1582.3
1621.46
1481.76
1645.67
1759.78
1809.54
1725.07
1862.42
1804.61
1845.07
1886.59
1923.09
2136.36
2170.64
2194.35
2232.9
2117.73
2176.5
2208.59
2293.04
2305.18
2340.91
2376.05
2426.34
2460.37
2528.54
2562.95
2586.67
2612.15
2603.94
2627.29
2631.55
2620.81
2898.31
2918.61
2797.19
2821.35
2844.79
2876.19
2912.08
2935.07
2909.27
2936.26
2944.87
2962.95
2984.17
3004.73
3048.04
3106.6
3071.25
3124.79
3138.2
3155.92
3179.99
3202.07
3220.72
3235.14
3247.01
3265.61
5.58922
5.6116
5.40627
5.44731
6.2246
7.12045
7.0201
7.05236
7.09675
6.8273
9.46662
8.73946
7.20961
8.87719
7.47552
8.5714
12.7618
12.0673
13.9038
17.0546
22.5845
51.971
38.798
41.0266
266.477
133.302
341.294
481.237
393.552
561.462
722.683
967.013
914.233
889.596
1186.06
1278.7
1139.46
1259.12
1243.2
1367.97
1596.2
1634.95
1495.24
1737.84
1775.69
1825.13
1653.68
1868.38
1814.91
1855.16
1896.42
1932.64
2146.23
2180.27
2199.61
2238.05
2126.96
2187.42
2219.29
2306.12
2312.7
2348.23
2383.19
2433.33
2467.23
2535.54
2569.72
2593.24
2618.53
2608.41
2631.68
2646.97
2632.03
2904.79
2924.96
2803.59
2827.63
2850.9
2882.17
2917.87
2940.77
2914.26
2941.14
2949.36
2967.32
2988.49
3008.97
3052.57
3109.06
3075.26
3128.01
3141.38
3159.02
3183.04
3205.08
3223.66
3238.04
3249.89
3268.44
5.85455
6.15251
5.90319
5.61365
5.94444
6.6002
6.80709
6.99021
7.45701
7.44556
13.2136
8.59821
6.68963
9.57231
8.37653
9.50857
13.8895
11.158
12.2756
18.5999
17.0638
33.6981
42.4217
71.5667
96.2355
341.171
275.266
259.451
618.006
689.302
767.894
847.005
844.599
1041.51
1354.21
1297.02
1158.96
1229.71
1260.69
1378.44
1610.55
1648.95
1509.91
1751.66
1787.65
1836.68
1657.56
1828.77
1836.03
1875.8
1916.48
1952.22
2156.88
2190.74
2215.25
2253.37
2145.26
2204.4
2235.87
2333.37
2321.41
2356.76
2391.55
2441.48
2475.12
2546.58
2580.49
2603.77
2628.77
2614.64
2637.78
2653.68
2646.85
2913.46
2933.53
2813.03
2836.77
2859.81
2890.88
2926.36
2949.12
2985.74
3004.32
2955.05
2972.95
2994.07
3014.48
3057.12
3116.4
3236.59
3254.33
3266.51
3286.81
3305.14
3324.21
3339.73
3355.04
3365.36
3388.52
7.18405
6.62704
6.49571
6.13782
6.77162
7.39395
8.58042
9.27846
9.18595
8.87753
12.8471
8.56462
6.76414
8.23641
9.11294
9.29854
16.5534
16.3773
18.9859
20.2266
28.1425
197.48
194.36
464.401
356.081
394.08
521.425
413.183
673.531
793.852
974.494
815.955
1207.44
940.243
1108.1
1175.37
1406.71
1292.92
1531.88
1378.83
1413.49
1547.17
1573.13
1715.77
1681.84
1622.28
1673.45
1845.3
1841.04
1880.68
1921.26
1956.83
2163.19
2196.81
2219.89
2257.78
2166.71
2214.56
2245.82
2342.04
2329.84
2365.02
2399.67
2449.33
2482.86
2553.86
2587.58
2610.77
2635.58
2628.19
2651.08
2656.98
2658.84
2921.32
2941.25
2817.77
2841.35
2864.19
2895.17
2930.53
2953.2
2987.35
3005.89
2960.15
2977.94
2998.99
3019.26
3061.75
3117.79
3242.41
3260.07
3272.16
3292.32
3310.54
3329.45
3344.91
3360.09
3370.36
3393.38
7.15851
6.6766
6.53607
6.71226
7.32254
7.52127
8.38995
8.11454
8.00713
6.83698
12.8736
9.78971
8.55912
12.0993
9.73551
14.9166
12.5471
13.7624
14.2688
18.1603
32.9977
51.9997
90.7182
238.762
275.272
488.274
510.529
609.414
720.464
812.638
798.346
981.255
1150.15
1137.69
1156.98
1295.87
1261.08
1302.12
1477.98
1622.43
1424.8
1554.86
1582.58
1724.66
1693.45
1804.3
1843.15
1857.92
1854.52
1893.79
1933.95
1969.24
2174.67
2207.9
2230.43
2267.89
2177.38
2225.46
2256.53
2347.7
2336.92
2371.97
2406.52
2455.99
2489.43
2557.15
2591.87
2581.03
2609.81
2635.82
2658.56
2775.63
2767.33
2870.92
2885.22
2813.07
2836.57
2859.44
2890.33
2925.62
2948.26
2994.58
3012.99
2965.98
2983.65
3004.59
3024.76
3064.91
3122.17
3248.72
3266.3
3278.35
3298.43
3316.51
3335.34
3350.72
3365.74
3375.96
3398.83
7.26629
6.99045
6.16702
6.33333
6.78088
6.79895
8.14084
7.81352
8.15587
8.8619
12.8853
10.6875
9.38936
13.8968
17.3845
17.1901
15.4652
16.2241
15.044
20.9831
81.0467
30.003
56.6787
95.6208
221.922
534.422
365.167
771.017
680.033
755.745
781.943
1000.05
1246.87
1129.97
1173.52
1266.39
1167.93
1365.52
1567.67
1550.94
1669.74
1574.15
1735.33
1661.39
1757.45
1815.75
1831.81
1872.35
1874.2
1912.95
1952.61
1987.57
2184.26
2217.3
2244.27
2281.47
2182.15
2231.02
2261.95
2357.76
2343.69
2378.61
2413.05
2462.31
2495.65
2511.17
2539.55
2588.55
2617.16
2644.29
2666.94
2784.35
2778.68
2879.65
2893.84
2819.02
2842.38
2865.08
2895.82
2930.97
2953.52
3004.43
3022.71
2970.89
2988.42
3009.23
3029.32
3068.61
3130.18
3252.33
3269.86
3281.86
3301.86
3319.89
3338.67
3353.97
3368.93
3379.11
3401.94
7.22813
7.16418
6.32267
5.92349
6.81469
6.74486
7.99954
7.03394
7.63472
8.51351
12.6773
12.4288
9.60628
13.8651
11.2242
18.6696
14.6129
13.5507
17.3054
48.1167
34.0369
38.9933
226.992
75.1714
530.544
433.963
359.588
688.671
563.358
753.363
1008.31
1095.47
1261.16
1050.08
1196.95
1231.24
1185.87
1379.22
1578.06
1560.82
1682.36
1589.88
1748.34
1672.47
1761.01
1826.38
1729.67
1883.4
1881.86
1920.33
1959.72
1994.48
2188.48
2221.39
2255.72
2292.62
2192.44
2238.83
2269.61
2370.51
2355.14
2389.8
2423.97
2472.92
2506.08
2517.67
2545.86
2596.86
2625.29
2647.5
2669.98
2787.03
2785.68
2882.11
2896.22
2824.33
2847.54
2870.08
2900.65
2935.65
2958.06
3009.85
3028.03
2974.82
2992.29
3012.99
3032.96
3074.74
3136.12
3255.58
3273.07
3284.99
3304.91
3322.89
3341.61
3356.84
3371.76
3381.91
3404.66
7.11781
6.53632
6.64204
6.1633
6.76716
6.75599
8.6316
8.20232
7.84709
9.53739
11.6997
10.4816
10.4725
12.8135
10.375
16.5979
15.2245
15.978
24.0017
39.7198
24.6923
52.692
305.986
164.166
405.924
504.358
565.924
701.783
545.674
670
1055.48
1119.24
1088.58
1056.61
1207.74
1367.41
1197.45
1390.15
1425.71
1469.73
1543.42
1583.01
1637.55
1819.56
1642.8
1708.97
1741.69
1892.68
1887.38
1925.68
1964.99
1999.64
2192.81
2225.6
2259.64
2296.42
2199.65
2252.09
2282.67
2377.68
2362.39
2396.81
2430.75
2479.49
2512.49
2525.33
2553.37
2601.31
2629.62
2649.45
2671.86
2789.96
2788.04
2884.8
2898.85
2827.1
2850.21
2872.68
2903.2
2938.16
2960.54
3012.83
3030.97
2977.47
2994.89
3015.53
3035.44
3078.37
3137.82
3258.44
3275.89
3287.75
3307.61
3325.5
3344.19
3359.37
3374.25
3384.37
3407.11
6.57627
6.55876
6.70125
6.25928
6.24229
6.70315
6.71619
7.43742
8.19509
9.84597
11.158
12.41
11.3259
11.9397
10.8548
15.5481
15.7206
14.3694
20.2273
30.019
51.5233
40.1286
206.981
228.588
532.421
239.248
572.655
687.282
693.485
813.747
1110.2
1145.15
1320.87
1145.41
1238.56
1408.89
1239.37
1406.25
1435.94
1481.37
1554.66
1593.97
1648.18
1836.53
1652.02
1717.76
1754.19
1898.81
1893.28
1931.35
1970.55
2005.13
2200.27
2232.91
2263.21
2299.87
2207.09
2258.54
2288.93
2386.65
2371.27
2405.48
2439.18
2487.72
2520.51
2531.69
2559.63
2608.7
2636.84
2661.39
2683.58
2795.86
2790.26
2888.99
2902.92
2838.92
2860.01
2878.33
2909.83
2944.02
2904.09
2930.18
2951.68
2985.03
3002.32
3022.8
3042.66
3081.83
3139.49
3267.89
3285.23
3296.88
3316.56
3334.29
3352.82
3367.84
3382.59
3392.64
3415.24
6.42496
6.69733
6.95492
7.12813
6.79593
7.21852
6.68178
7.86305
7.62954
10.3312
11.4422
10.9392
10.6888
10.3911
11.4127
17.6311
15.9296
13.8152
27.6142
27.9444
50.3105
89.3027
178.568
384.134
222.107
558.956
453.308
709.17
550.816
745.14
1131.01
1164.55
1191.76
1169.7
1201.64
1426.76
1254.82
1419.01
1469.69
1494.02
1566.78
1605.73
1659.65
1852.83
1668.23
1733.89
1848.54
1907.7
1908.84
1946.58
1985.48
2019.62
2203.09
2235.63
2270.26
2306.64
2212.91
2267.34
2297.57
2397.24
2381.97
2415.99
2449.44
2497.71
2530.24
2536.59
2564.43
2616.83
2644.68
2667.34
2689.33
2687.51
2794.31
2892.54
2906.41
2844.28
2865.28
2885.97
2917.28
2951.26
2910.61
2936.5
2957.86
2987.45
3004.69
3025.13
3044.96
3086.76
3142.51
3272.67
3289.93
3301.52
3321.1
3338.74
3357.2
3372.14
3386.8
3396.83
3419.35
6.0723
6.6459
6.5
7.42785
6.75392
8.03111
7.29512
7.15396
7.31063
9.47319
10.4639
10.4656
10.4882
8.88979
10.487
15.7891
15.9917
15.8602
16.6788
19.0883
66.2821
47.0342
318.054
378.439
624.912
668.688
511.31
722.389
781.448
958.834
1095.99
1176.11
1200.68
1182.16
1243.02
1442.25
1263.98
1430.23
1447.23
1506.2
1578.23
1616.85
1670.33
1861.58
1684.32
1748.01
1779.94
1913.23
1919.32
1956.93
1995.72
2029.66
2213.77
2246.14
2278.32
2314.53
2227.48
2275.34
2305.46
2383.37
2394.38
2428.21
2461.44
2509.49
2541.7
2542.12
2569.86
2622.07
2649.83
2674.61
2696.52
2696.29
2787.52
2811.48
2963.61
2851.99
2872.85
2891.28
2922.48
2956.34
2916.55
2942.34
2963.6
2929.68
2944.65
2970.63
2988.31
3094.61
3146.81
3275.91
3293.13
3304.67
3324.18
3341.73
3360.06
3374.96
3389.56
3399.56
3421.99
6.19298
6.91356
6.58216
7.72703
7.98935
8.30709
8.34342
9.49457
8.38479
10.5319
11.0585
11.2464
12.5718
10.374
11.7626
21.1811
16.2383
24.3253
27.9229
20.3795
69.0949
227.359
327.844
171.73
346.789
637.339
645.817
692.815
625.494
892.398
1072.98
1201.89
1203.31
1253.82
1244.23
1456.24
1321.89
1457.94
1462.35
1519.08
1590.85
1629.22
1682.27
1870.78
1694.32
1757.78
1716.87
1939.6
2072.8
2116.67
2154.96
2188.16
2101.8
2137.46
2289.1
2324.98
2235.25
2286.75
2316.67
2396.05
2400.35
2434.06
2467.14
2515.06
2547.06
2545.66
2573.31
2628.19
2655.75
2685.04
2706.76
2699.25
2797.46
2821.28
2966.28
2858.34
2879.03
2894.91
2926.03
2959.79
2917.35
2943.1
2964.3
2934.15
2949
2974.9
2992.51
3097.99
3151.32
3277.99
3295.18
3306.7
3326.16
3343.68
3361.99
3376.87
3391.43
3401.4
3423.8
6.32909
6.66807
6.23188
6.65017
7.35459
7.91678
9.1494
9.72972
8.91755
9.43949
11.0766
13.5417
13.6725
14.5279
20.3058
28.944
15.2858
28.0768
27.7007
17.69
38.2811
167.595
181.615
348.949
384.408
583.47
649.262
790.729
842.245
1014.65
1005.44
1147.44
1222.61
1138.23
1339.01
1280.69
1551.62
1381.34
1473.05
1686.97
1743.73
1781.8
1834.35
1880.52
1706.29
1769.14
1895.91
1944.55
2077.21
2120.99
2159.1
2192.17
2108.79
2144.14
2295.05
2330.77
2241.83
2289.29
2319.16
2399.04
2404.42
2438.05
2471.03
2518.79
2550.58
2549.9
2577.42
2635.92
2663.33
2693.85
2715.37
2704.78
2801.76
2825.5
2969.88
2862.77
2883.35
2901.69
2932.63
2966.2
2920.51
2946.09
2967.21
2935.53
2950.34
2976.19
2993.78
3099.43
3153.65
3279.53
3296.68
3308.16
3327.59
3345.1
3363.35
3378.19
3392.71
3402.68
3425.06
6.33155
6.7626
6.4104
6.35794
7.8896
8.33623
11.0188
9.71169
9.5062
11.7518
11.3966
9.61994
10.3355
12.3768
15.3298
24.7373
18.6679
16.741
25.8962
63.6464
78.6629
219.183
266.04
251.818
446.204
545.343
653.059
862.396
878.637
916.145
992.971
1248.84
1167.23
1257.05
1352.17
1297.69
1423.77
1393.1
1485.83
1703.06
1756.13
1793.56
1845.73
1757.39
1807.39
1855.88
1903.44
1956.87
2087.85
2131.39
2169.27
2202.08
2119.9
2154.99
2302.6
2338.2
2253.36
2299.24
2329.01
2406.83
2412.67
2446.2
2479.02
2526.6
2558.22
2557.36
2584.72
2643.21
2670.41
2699.51
2720.91
2747.81
2810.89
2834.52
2975.95
2872.17
2892.57
2907.76
2938.6
2972.03
2931.11
2956.54
2977.48
2955.75
2967.55
2989.65
3005.77
3104.17
3157.99
3285.03
3302.06
3313.46
3332.76
3350.22
3368.39
3383.13
3397.59
3407.5
3429.79
6.39869
6.90985
6.59105
6.38268
7.5
7.96821
11.2731
9.52743
9.53497
11.9056
11.2166
9.98721
10.5805
13.9989
14.096
28.9588
19.1586
18.8768
50.3669
40.2178
54.3815
318.789
232.868
494.284
516.433
525.667
720.674
874.739
904.711
928.08
1004.33
1110.21
1175.5
1265.85
1218.86
1316.41
1414.81
1410.2
1498.02
1714.05
1765.76
1802.78
1854.56
1768.59
1817.9
1866.01
1912.41
1969.33
2095.37
2138.7
2176.29
2208.96
2126.49
2161.39
2307.81
2343.29
2261.05
2308.4
2338.01
2409.74
2420.8
2454.08
2486.79
2534.09
2565.46
2563.76
2591.06
2647.93
2674.98
2703.65
2725
2750.97
2755.99
2782
2980.15
2877.19
2897.48
2912.64
2943.4
2976.7
2935.77
2961.05
2981.86
2960.39
2972.13
2994.15
3010.22
3108.99
3160.59
3288.41
3305.37
3316.74
3336
3353.4
3371.5
3386.2
3400.62
3410.52
3432.74
6.66873
7.06835
6.61326
6.56231
8.57607
8.55843
9.65983
9.91927
10.3067
12.1997
12.0184
9.22778
13.4059
17.3271
21.1908
22.2166
18.6973
24.4243
49.6525
38.1229
159.196
453.502
113.074
491.987
535.537
649.662
662.377
850.219
743.913
1084.79
1043.61
1100.59
1178.1
1278.51
1438.8
1361.99
1429.24
1425.46
1524.91
1721.2
1774.76
1811.32
1862.68
1778.44
1937.89
1979.34
1926.71
1980.68
2103.78
2146.93
2184.34
2216.84
2139.83
2174.37
2316.18
2351.43
2265.68
2312.57
2342.05
2420.75
2427.9
2460.98
2493.5
2540.55
2571.77
2565.54
2592.84
2658.03
2684.16
2707.28
2728.58
2757.78
2764.16
2790.01
2981.93
2881.11
2901.38
2919.92
2950.55
2983.73
2940.29
2965.43
2986.14
2968.06
2979.71
3001.6
3017.58
3112.13
3164.69
3290.41
3307.32
3318.64
3337.83
3355.2
3373.26
3387.93
3402.32
3412.21
3434.37
6.53397
7.41841
6.9438
6.9851
7.61057
8.77919
9.43339
9.56386
11.0476
10.6906
11.5988
11.5912
13.2916
14.4381
20.6052
20.1883
48.7532
29.033
75.1084
64.1694
45.5626
193.382
406.102
455.115
761.858
554.998
722.428
921.186
811.287
1103.99
1109.06
1199.86
1210.23
1296.26
1453.51
1381.37
1442.82
1436.58
1531.59
1734.29
1788.25
1824.36
1875.27
1790.78
1947.01
1988.12
1939.27
1993.87
2113.94
2156.75
2193.86
2226.12
2144.32
2178.71
2328.21
2363.09
2276.82
2323.26
2352.51
2429.07
2431.31
2464.27
2496.74
2543.59
2574.72
2570.45
2597.65
2660.64
2686.68
2711.42
2732.61
2763.44
2770.02
2795.7
2988.65
2882.94
2903.15
2925.21
2955.77
2988.83
2947.73
2972.75
2993.38
2971.01
2982.61
3004.45
3020.36
3113.65
3169.82
3294.55
3311.41
3322.67
3341.76
3359.05
3377.05
3391.69
3405.99
3415.78
3437.89
6.89037
7.36257
6.9957
7.00825
7.33095
9.33206
10.0479
8.82029
8.89032
10.6205
14.06
17.1196
12.7834
16.1462
19.3176
26.0511
42.5457
59.4491
37.5722
38.3408
73.2386
234.667
318.889
452.351
717.745
745.322
851.493
1107.57
1020.15
1001.98
951.84
1205.66
1221.55
1189.02
1452.35
1392.2
1496.25
1441.79
1548.15
1740.93
1790.54
1826.54
1877.37
1797.32
1956.45
1997.27
1901.55
2005.15
2126.43
2168.89
2205.76
2237.86
2152.8
2186.97
2339.14
2373.73
2281.65
2328.96
2358.07
2437.72
2437.22
2470.08
2502.43
2548.99
2580
2576.63
2603.7
2668.21
2694.2
2716.79
2737.91
2768.83
2776.81
2802.32
2991.03
2888.44
2908.56
2927.06
2957.59
2990.59
2953.82
2978.74
2999.27
2976.04
2987.58
3009.32
3025.15
3116.73
3175.82
3296.14
3312.99
3324.22
3343.28
3360.53
3378.51
3393.11
3407.38
3417.14
3439.24
7.19456
8.11983
9.26765
8.84507
8.32688
9.2
9.22632
9.37662
9.89771
10.1323
15.4143
15.7167
16.7457
16.2414
16.5793
27.6754
38.2743
51.9407
143.63
54.2334
129.971
280.59
296.699
482.705
530.388
808.7
988.17
821.044
1071.42
1172.89
1212.67
1419.05
1484.28
1273.07
1339.63
1400.92
1518
1549.2
1559.24
1753.67
1884.75
1913.14
1959.54
1806.68
1970.29
2010.69
1913.85
2027.22
2135.55
2177.76
2214.24
2246.17
2166.87
2200.76
2347.08
2381.36
2290.77
2346.19
2375.04
2449.43
2441.43
2474.16
2506.24
2552.6
2583.47
2585.21
2612.01
2675.11
2700.92
2726.4
2747.38
2775.45
2787.07
2812.42
2995.14
2894.06
2913.99
2931.03
2961.45
2994.38
2958.35
2983.15
3003.58
2980.82
2992.28
3013.93
3029.66
3118.16
3179.35
3299.24
3316.04
3327.21
3346.19
3363.41
3381.34
3395.9
3410.11
3419.81
3441.85
8.32187
10.0863
9.85662
12.0483
7.98579
11.1395
9.44216
10.2502
10.6992
13.846
13.0407
15.2725
13.0365
16.4459
15.7783
23.6032
36.9088
35.3719
165.357
223.454
297.346
229.844
328.426
505.104
481.396
838.552
995.24
871.054
1089.61
1183.63
1224
1436.62
1501.14
1285.76
1351.67
1397.36
1525.84
1561.15
1573.03
1763.49
1897.35
1925.29
1971.35
1816.23
1976.08
2016.2
1923.45
2036.7
2144.73
2186.64
2222.85
2254.49
2177.17
2210.79
2354.8
2388.96
2298.05
2336.3
2367.09
2456.22
2451.62
2484.18
2515.95
2562.12
2592.75
2593.95
2620.54
2681.29
2707
2730.76
2751.67
2777.88
2792.57
2817.83
2999.53
2899.2
2919.07
2937.42
2967.67
3000.47
2961.96
2986.67
3007.03
3005.59
3021.23
3041.09
3060.44
3124.72
3183.58
3302.29
3319.03
3330.12
3349.01
3366.16
3384.04
3398.54
3412.67
3422.29
3444.24
8.18718
7.72151
10.2194
12.33
8.54482
8.19481
8.38935
12.0365
9.75135
13.6797
14.5548
15.7243
18.7894
17.9601
23.6635
23.4921
36.9513
47.9195
114.088
267.918
274.05
274.779
320.062
575.619
719.879
852.362
967.38
896.475
1100.37
1199.91
1235.74
1452.31
1516.05
1297.83
1363.31
1405.5
1534.53
1574.67
1576.56
1770.55
1908.99
1936.55
1982.45
1822.86
1980.93
2020.77
1927.49
2043.31
2150.56
2192.27
2228.32
2259.69
2183.63
2217.08
2359.91
2393.79
2305.3
2341.69
2372.34
2458.68
2454.81
2487.31
2518.97
2565.03
2595.58
2601.93
2628.29
2686.4
2712
2733.88
2754.73
2781.34
2794.26
2819.42
3004.78
2904.83
2924.58
2939.14
2969.35
3002.11
2964.39
2989.01
3009.23
3009.19
3024.79
3044.63
3063.94
3126.46
3185.21
3306.24
3322.91
3333.95
3352.81
3369.83
3387.64
3402.09
3416.15
3425.72
3447.6
8.31578
8.95386
11.3147
10.6581
10.2443
8.03661
8.88256
10.5309
10.6188
12.0544
14.3809
12.7261
21.2773
14.6184
18.1923
28.2445
32.0692
54.781
79.5673
188.634
366.533
283.654
464.746
636.274
663.408
952.36
995.941
849.51
1107.62
1184.99
1255.66
1466.86
1530.06
1320.48
1385.31
1445.08
1434.13
1351.2
1596.02
1640.3
1852.53
1976.52
2019.57
1947.56
1874.48
1916.08
1959.43
2057.85
2109.3
2150.23
2192.43
2228.63
2194.54
2227.65
2365.78
2399.44
2307.31
2352.69
2383.04
2464.5
2463.15
2495.46
2526.86
2572.59
2602.92
2621.6
2646.25
2665.88
2704.86
2743.89
2764.58
2788.95
2798.88
2823.97
3007.33
2914.24
2933.89
2946.35
2976.39
3008.95
2971.53
2996.06
3016.12
3016.54
3032.1
3051.84
3071.02
3130.66
3187.59
3308.24
3324.9
3335.9
3354.73
3371.71
3389.49
3403.91
3417.94
3427.48
3449.35
