9801

0.0099
0.0104
0.0126
0.0148
0.0164
0.0168
0.0212
0.0213
0.0246
0.0291
0.0346
0.0357
0.0335
0.0374
0.0465
0.05
0.0555
0.0581
0.061
0.0676
0.0722
0.0755
0.0805
0.0819
0.0891
0.0968
0.1132
0.1199
0.1232
0.1221
0.121
0.1267
0.1377
0.151
0.1523
0.1573
0.1688
0.1739
0.1739
0.19
0.1956
0.2127
0.2267
0.239
0.2634
0.2701
0.269
0.279
0.269
0.278
0.3277
0.3311
0.3489
0.3489
0.3465
0.3539
0.3539
0.3465
0.3628
0.376
0.3984
0.4185
0.4479
0.4879
0.4723
0.5056
0.5056
0.5334
0.5257
0.5642
0.5865
0.5902
0.6168
0.6668
0.6466
0.6865
0.6887
0.6953
0.6953
0.7476
0.7908
0.7545
0.7818
0.7752
0.8268
0.87
0.8522
0.9372
0.9129
0.8745
0.9935
1.0089
1.02
1.03
1.0941
1.1226
1.2131
1.1378
1.3128
0.0161
0.0185
0.0198
0.0222
0.0238
0.0272
0.0305
0.0324
0.0336
0.0358
0.035
0.0372
0.0416
0.0537
0.0509
0.0523
0.0589
0.0589
0.0678
0.0792
0.0792
0.0832
0.0792
0.0813
0.0924
0.099
0.1077
0.111
0.1088
0.111
0.121
0.1355
0.1355
0.1566
0.1776
0.171
0.1776
0.1928
0.2072
0.2044
0.1912
0.1979
0.2057
0.2498
0.2476
0.2421
0.2433
0.2533
0.2499
0.271
0.2901
0.2956
0.3257
0.3427
0.3526
0.3582
0.3593
0.3841
0.4117
0.4425
0.4679
0.5023
0.51
0.542
0.4868
0.5001
0.5365
0.5486
0.5674
0.5785
0.5907
0.5796
0.574
0.6143
0.5862
0.5964
0.6399
0.6677
0.6876
0.7504
0.7527
0.7549
0.7237
0.6939
0.6894
0.7617
0.7572
0.8055
0.8501
0.8457
0.9851
1.0597
1.1356
1.1597
1.1281
1.1695
1.2355
1.1226
1.202
0.0233
0.0266
0.0281
0.0315
0.0326
0.0338
0.0349
0.0371
0.0394
0.0416
0.0449
0.0449
0.0482
0.0603
0.0616
0.0645
0.0649
0.0649
0.0737
0.0748
0.0888
0.0792
0.0844
0.0855
0.0936
0.098
0.1156
0.1189
0.1278
0.1378
0.15
0.1512
0.1538
0.1628
0.1751
0.1765
0.1864
0.2099
0.2099
0.2275
0.2353
0.2308
0.2431
0.2686
0.2565
0.2576
0.2466
0.2501
0.2656
0.278
0.2842
0.2798
0.3276
0.3276
0.3298
0.3342
0.3582
0.3731
0.4133
0.4381
0.4514
0.4657
0.4523
0.4601
0.4557
0.4701
0.5045
0.5442
0.5519
0.5946
0.6234
0.6168
0.6234
0.6357
0.5697
0.5786
0.6055
0.6623
0.6751
0.7389
0.7627
0.7882
0.7868
0.8005
0.8257
0.8985
0.9151
1.0247
0.9527
0.9051
0.9751
0.9939
1.0786
1.108
1.1722
1.1695
1.2121
1.1345
1.1952
0.0345
0.0349
0.0376
0.0403
0.0451
0.0462
0.0509
0.05
0.0509
0.052
0.0501
0.0526
0.0581
0.0658
0.0727
0.0704
0.0738
0.0805
0.085
0.0895
0.0972
0.0956
0.0989
0.111
0.1167
0.1145
0.13
0.1334
0.1511
0.1632
0.1643
0.171
0.1776
0.1765
0.1975
0.2054
0.2077
0.2182
0.2149
0.2512
0.2612
0.2523
0.2604
0.2956
0.2835
0.2956
0.3167
0.3366
0.3278
0.3344
0.3455
0.3302
0.339
0.339
0.3257
0.3324
0.3874
0.4089
0.4425
0.4701
0.4902
0.5419
0.5305
0.5391
0.5405
0.5644
0.601
0.5954
0.6098
0.6843
0.6842
0.6524
0.6742
0.6942
0.7085
0.7337
0.7052
0.7975
0.8769
0.8809
0.9069
0.9546
0.9232
0.9649
0.9671
0.9323
0.9378
0.9749
0.9771
0.9636
1.0812
0.9653
1.0402
1.1271
1.0985
1.2186
1.2286
1.1908
1.3546
0.0449
0.0482
0.0515
0.0485
0.0504
0.0581
0.0614
0.0615
0.0692
0.0693
0.0685
0.0719
0.0667
0.0734
0.0856
0.09
0.0878
0.0906
0.1005
0.111
0.1188
0.1177
0.1199
0.1199
0.12
0.1356
0.1534
0.1545
0.1688
0.1722
0.1577
0.1733
0.1852
0.1968
0.2189
0.2255
0.2288
0.2112
0.2211
0.2311
0.2432
0.2498
0.2576
0.2752
0.2995
0.3156
0.3057
0.3167
0.3212
0.3145
0.33
0.3537
0.3731
0.3808
0.4047
0.4361
0.4291
0.4668
0.4924
0.4913
0.5012
0.5344
0.5398
0.5067
0.589
0.6145
0.6223
0.6401
0.648
0.7504
0.7058
0.6891
0.7879
0.9033
0.6649
0.7556
0.6962
0.7651
0.9088
0.9708
0.9841
1.0011
0.9897
1.0214
1.0247
0.9556
0.9882
0.9816
1.1178
1.1051
1.2444
1.2703
1.4042
1.1914
1.1225
1.2544
1.2201
1.3442
1.3002
0.0646
0.0563
0.0574
0.0589
0.0611
0.0664
0.0686
0.0686
0.0708
0.0789
0.0782
0.0786
0.0845
0.0834
0.1
0.0937
0.0992
0.0933
0.101
0.122
0.1352
0.1307
0.1307
0.1263
0.1329
0.1411
0.1564
0.1463
0.1578
0.1788
0.1811
0.1829
0.1941
0.1945
0.2068
0.1987
0.2143
0.209
0.2134
0.2443
0.2399
0.2642
0.2709
0.2753
0.2853
0.3046
0.3111
0.3267
0.3234
0.3344
0.3684
0.3896
0.3852
0.3874
0.416
0.4377
0.4536
0.4291
0.4337
0.4502
0.4558
0.5023
0.5279
0.548
0.5735
0.6581
0.7315
0.7329
0.6134
0.6603
0.7196
0.6896
0.6918
0.7084
0.7386
0.7545
0.7728
0.8283
0.8736
0.9043
0.9395
0.9909
1.0066
1.0476
1.0719
1.1165
1.0918
1.0486
1.1708
1.1827
1.3158
1.2954
1.275
1.2983
1.4067
1.5321
1.5399
1.5998
1.4849
0.0668
0.0655
0.0666
0.0729
0.0718
0.072
0.0775
0.0815
0.0849
0.0871
0.0864
0.0867
0.0945
0.0948
0.1075
0.1076
0.118
0.1263
0.1341
0.1451
0.1484
0.1429
0.144
0.1396
0.1463
0.1534
0.1755
0.1666
0.1711
0.1766
0.1666
0.1673
0.1897
0.1885
0.2024
0.2044
0.2198
0.2421
0.2465
0.261
0.2699
0.2898
0.2997
0.341
0.3112
0.3278
0.3514
0.3961
0.3847
0.3745
0.4395
0.469
0.4643
0.4555
0.4215
0.434
0.4203
0.4428
0.4372
0.445
0.4534
0.4583
0.4701
0.4732
0.4959
0.6413
0.6436
0.749
0.749
0.8204
0.8681
0.8314
0.8133
0.827
0.8259
0.8179
0.8828
0.9431
0.9628
1.0612
1.006
1.0225
1.0824
1.1225
1.1152
1.1243
1.111
1.2501
1.5379
1.5266
1.5457
1.3706
1.3717
1.3829
1.3684
1.4807
1.5446
1.5299
1.6328
0.0739
0.075
0.0794
0.0795
0.0873
0.0863
0.0863
0.0842
0.0875
0.0945
0.0978
0.1003
0.1113
0.1099
0.1154
0.1202
0.1215
0.1228
0.1285
0.1374
0.1396
0.1507
0.1496
0.1525
0.1666
0.1726
0.1799
0.1922
0.1944
0.2012
0.2046
0.212
0.2342
0.2255
0.2288
0.2532
0.2599
0.2487
0.2625
0.2658
0.2743
0.3063
0.3253
0.3571
0.3469
0.3458
0.3831
0.3842
0.365
0.3754
0.4186
0.4235
0.4007
0.4007
0.3976
0.4326
0.4214
0.4994
0.5156
0.5456
0.5783
0.5542
0.5518
0.5511
0.5744
0.6491
0.7637
0.7714
0.7235
0.8084
0.8049
0.8293
0.8345
0.8802
0.8558
0.8727
0.9003
0.9136
1.0302
1.1578
1.145
1.156
1.1606
1.3234
1.2537
1.1986
1.1501
1.1227
1.2075
1.2531
1.2427
1.2856
1.3541
1.3631
1.2427
1.6887
1.6285
1.7326
1.7818
0.081
0.09
0.0918
0.0907
0.0961
0.0983
0.0983
0.1038
0.1104
0.1148
0.1159
0.1222
0.1343
0.1322
0.1389
0.1405
0.1405
0.1327
0.1427
0.1449
0.1482
0.1538
0.1648
0.1655
0.1674
0.1705
0.1885
0.1841
0.1957
0.2162
0.2304
0.236
0.2432
0.2476
0.2555
0.2621
0.2699
0.2665
0.2964
0.3152
0.3365
0.3265
0.3265
0.3776
0.3674
0.3787
0.4045
0.4169
0.4235
0.3999
0.4266
0.4421
0.4544
0.431
0.4486
0.4366
0.4417
0.4792
0.5595
0.5584
0.5595
0.5972
0.6127
0.6636
0.6664
0.6399
0.665
0.7231
0.8679
0.8189
0.8279
0.8142
0.7975
0.8826
0.9304
0.9481
1.0267
0.9403
0.9922
1.1811
1.3409
1.3048
1.2803
1.3709
1.2829
1.2773
1.3945
1.2461
1.2168
1.2338
1.6733
1.4138
1.6629
1.5617
1.5598
1.5585
1.7827
1.7819
1.8506
0.0971
0.1004
0.1055
0.111
0.111
0.1099
0.1121
0.1173
0.122
0.1152
0.1163
0.1409
0.1332
0.1433
0.1455
0.1575
0.1519
0.1396
0.144
0.1563
0.1708
0.173
0.1678
0.1689
0.1793
0.1985
0.2151
0.2162
0.246
0.2593
0.2792
0.2693
0.2699
0.2765
0.2432
0.2555
0.2665
0.3197
0.342
0.3674
0.3776
0.3612
0.3398
0.4197
0.3696
0.4253
0.4454
0.4323
0.4383
0.4713
0.4612
0.4779
0.4493
0.4702
0.4899
0.5011
0.4781
0.5198
0.5928
0.6193
0.6341
0.703
0.7862
0.7634
0.7646
0.7669
0.792
0.8464
0.8516
0.8451
0.7941
0.8577
0.8439
0.966
0.9215
0.9281
1.0167
1.0267
1.0868
1.0976
1.1657
1.2154
1.1769
1.2744
1.2133
1.2065
1.1655
1.1638
1.2233
1.275
1.3393
1.4541
1.4963
1.5421
1.766
1.521
1.7133
1.746
1.8883
0.1215
0.1228
0.1327
0.1284
0.1229
0.1318
0.1363
0.1318
0.1342
0.1397
0.1371
0.142
0.1538
0.1589
0.1667
0.1633
0.1747
0.1788
0.1917
0.193
0.2054
0.2219
0.2189
0.2156
0.2338
0.2305
0.2415
0.2382
0.2849
0.2704
0.2804
0.297
0.2964
0.3063
0.3276
0.2948
0.3136
0.3186
0.3276
0.3276
0.3853
0.3987
0.4079
0.4273
0.4227
0.4258
0.4324
0.4524
0.4963
0.4818
0.4935
0.517
0.5206
0.5373
0.5525
0.5558
0.5604
0.5873
0.5571
0.5994
0.5994
0.6705
0.7699
0.7598
0.7844
0.7532
0.7699
0.787
0.8599
0.7799
0.9637
1.0812
0.9682
0.9955
0.9631
1.1029
1.036
1.0044
1.1294
1.1428
1.2077
1.1725
1.1814
1.2876
1.2635
1.2947
1.6492
1.5366
1.3676
1.4445
1.7022
1.8252
1.7063
1.7997
1.8085
1.5757
1.6402
1.6706
2.2259
0.1237
0.1261
0.1397
0.1342
0.1485
0.1452
0.1576
0.1529
0.1563
0.164
0.1574
0.1671
0.1771
0.1892
0.1849
0.1882
0.1892
0.1848
0.1883
0.2049
0.2247
0.2325
0.2392
0.235
0.246
0.2416
0.2471
0.2538
0.297
0.3104
0.3104
0.3181
0.3492
0.3346
0.3402
0.3324
0.3638
0.3582
0.3842
0.408
0.4001
0.4133
0.3952
0.4569
0.4381
0.4637
0.4359
0.4637
0.478
0.4969
0.5424
0.5702
0.5341
0.5981
0.6386
0.6327
0.6753
0.6542
0.6591
0.7097
0.7086
0.7062
0.783
0.8056
0.8224
0.9087
0.9156
0.8899
0.8259
0.8395
1.0424
1.1791
1.1316
1.1062
1.2971
1.1583
1.1635
1.223
1.5611
1.4578
1.485
1.5443
1.5344
1.3774
1.4822
1.5006
1.633
1.6264
1.5764
1.6364
1.6777
1.9898
2.0984
2.5709
2.4167
2.3344
2.2309
2.3848
2.7395
0.146
0.1416
0.1408
0.1452
0.1419
0.1471
0.1419
0.1525
0.1694
0.1649
0.1866
0.1885
0.193
0.2015
0.1914
0.1947
0.1903
0.2049
0.2093
0.2403
0.2403
0.2491
0.2381
0.2526
0.2593
0.2538
0.2538
0.2738
0.3004
0.3094
0.3072
0.3083
0.3268
0.3458
0.3541
0.3834
0.3801
0.4106
0.445
0.4109
0.4585
0.4822
0.4548
0.4604
0.4913
0.579
0.5763
0.563
0.572
0.5894
0.5547
0.6047
0.6014
0.6369
0.6525
0.6369
0.6592
0.6909
0.6694
0.6784
0.7273
0.742
0.9032
0.9846
0.9797
0.9091
0.9558
0.9666
1.0494
1.0791
1.1248
1.2155
1.2706
1.1201
1.1433
1.0968
1.192
1.5768
1.5815
1.5205
1.6001
1.3905
1.4558
1.6403
1.8386
1.9856
2.2855
2.1164
2.0695
2.0304
2.0984
2.5145
2.6301
2.4198
2.5555
2.7271
2.6165
2.476
2.9926
0.177
0.1974
0.1963
0.1851
0.1759
0.1737
0.1892
0.1837
0.1903
0.1936
0.2046
0.1979
0.2028
0.1981
0.2137
0.2214
0.22
0.2178
0.22
0.237
0.2548
0.2615
0.2738
0.2727
0.2861
0.3004
0.2989
0.3056
0.3357
0.3458
0.3279
0.3424
0.3338
0.3666
0.3756
0.4124
0.432
0.4375
0.4567
0.4567
0.4455
0.4578
0.5084
0.5171
0.5204
0.5273
0.5401
0.5648
0.577
0.5925
0.6572
0.6536
0.6424
0.6718
0.7057
0.7166
0.7189
0.8964
0.8885
0.8508
0.8812
0.8847
0.9882
1.0337
1.0452
1.0365
1.0662
1.064
1.0281
1.1632
1.2428
1.2074
1.2986
1.322
1.3576
1.4316
1.6264
1.6047
1.8297
1.8397
2.1231
1.9498
1.9237
1.707
1.9829
2.1239
2.7153
2.6907
2.4504
2.301
2.4847
2.9617
2.4225
2.5381
2.9875
2.6553
2.5932
2.2508
2.8776
0.1918
0.1951
0.194
0.1996
0.2093
0.2027
0.1947
0.2015
0.2079
0.2112
0.2186
0.216
0.2336
0.2266
0.2499
0.2477
0.2534
0.2478
0.2645
0.2648
0.297
0.3059
0.2904
0.316
0.3116
0.3316
0.3435
0.3491
0.3677
0.3503
0.3756
0.3857
0.3946
0.411
0.4019
0.4338
0.4428
0.4876
0.516
0.5121
0.5371
0.5332
0.5722
0.5605
0.6003
0.5285
0.5376
0.6435
0.6323
0.6874
0.795
0.7853
0.7978
0.9203
0.9097
0.8837
0.8385
0.8874
0.8331
0.8444
0.9375
1.0148
1.2245
1.2233
1.2009
1.2948
1.3303
1.0745
1.0936
1.2517
1.2338
1.3716
1.4799
1.5314
1.5542
1.7804
2.0609
1.8579
2.0309
2.1726
2.3414
1.9284
2.0231
1.7932
1.8285
2.0359
2.114
2.1263
2.4526
2.6397
2.3427
3.0764
2.5081
2.4671
2.3758
2.6202
3.6202
3.3382
3.8377
0.1993
0.2159
0.2181
0.2261
0.2149
0.2171
0.2215
0.2415
0.2426
0.2275
0.2363
0.225
0.2451
0.2382
0.2637
0.2727
0.2673
0.2573
0.2639
0.2718
0.2873
0.3184
0.2973
0.303
0.2896
0.3152
0.3386
0.3453
0.3598
0.3938
0.4566
0.4555
0.4208
0.4347
0.4539
0.4581
0.4736
0.4991
0.4898
0.5088
0.5548
0.5537
0.6261
0.6863
0.6558
0.5999
0.6349
0.6555
0.6794
0.776
0.7942
0.8546
0.8904
0.9608
0.9053
0.8321
0.8822
0.9795
0.9731
0.9736
1.0022
1.105
1.2218
1.1201
1.2199
1.266
1.2839
1.202
1.1842
1.4794
1.4958
1.511
1.7319
1.8032
1.6068
1.6464
1.7048
1.8949
1.9797
2.0249
2.1433
2.3667
2.191
2.8214
2.3271
2.4936
2.3334
2.1825
2.0641
2.4779
2.7316
2.8074
3.2509
3.2037
2.9344
3.09
3.5173
3.0808
3.4269
0.2098
0.2407
0.2418
0.2441
0.2581
0.2581
0.2503
0.2503
0.2492
0.2612
0.2856
0.2938
0.2627
0.2694
0.2915
0.286
0.3073
0.2951
0.294
0.3084
0.3195
0.3328
0.3339
0.3903
0.3859
0.4433
0.4243
0.4036
0.4243
0.4342
0.4559
0.491
0.4877
0.4811
0.5146
0.5255
0.5763
0.5992
0.6599
0.661
0.6576
0.6205
0.722
0.6779
0.6752
0.7064
0.6261
0.704
0.8692
0.7793
0.7383
0.7887
0.7894
0.8979
0.8962
0.9143
1.0465
1.1148
1.1428
1.1647
1.1012
1.3733
1.4658
1.4666
1.3751
1.44
1.579
1.2963
1.3076
1.6248
1.7958
1.818
1.832
1.643
1.768
2.0922
2.1585
2.3813
2.4088
2.2608
2.3813
2.2284
2.5173
2.4493
3.1302
2.8556
3.2328
3.4373
2.7617
3.5827
2.6378
4.5847
5.0627
4.7635
3.8867
3.7145
4.8028
5.0707
4.3904
0.2282
0.2426
0.2548
0.2742
0.2852
0.272
0.2698
0.2575
0.2641
0.2586
0.2518
0.2742
0.3085
0.2997
0.3074
0.2889
0.3089
0.3133
0.3345
0.3345
0.3468
0.3492
0.3383
0.376
0.4024
0.4326
0.4338
0.4383
0.4426
0.4347
0.4369
0.4921
0.4603
0.5375
0.5664
0.5704
0.5842
0.5814
0.607
0.6217
0.6724
0.661
0.7194
0.7152
0.6975
0.6608
0.6476
0.8426
1.0056
1.0281
0.9553
0.9586
1.0281
1.0045
1.0136
1.0425
1.125
1.3477
1.2921
1.2989
1.3101
1.4362
1.4507
1.3998
1.3965
1.4243
1.2659
1.5109
1.6597
1.8831
1.6597
1.5395
1.6586
1.7195
1.8002
2.241
1.954
2.1186
2.3547
2.2498
2.0101
1.9133
2.378
2.4836
3.2397
3.1819
3.0442
2.6375
2.9749
3.3878
3.4318
3.1308
3.641
5.9113
4.5025
3.3092
4.5005
5.4082
4.0952
0.2559
0.2559
0.2675
0.2775
0.2864
0.2845
0.2826
0.2826
0.2871
0.2815
0.3104
0.3138
0.2915
0.3152
0.2986
0.3019
0.3189
0.356
0.3646
0.3685
0.3698
0.3517
0.3713
0.399
0.4125
0.3912
0.3901
0.399
0.4547
0.4581
0.4696
0.4614
0.5262
0.5385
0.5437
0.6014
0.6101
0.5973
0.5903
0.5726
0.6691
0.6757
0.7034
0.736
0.6854
0.7236
0.6581
0.8659
0.9741
1.0011
1.0269
1.1421
1.1308
1.1007
1.0066
1.1263
1.1184
1.4484
1.5103
1.5047
1.4461
1.4529
1.4585
1.6277
1.4473
1.4896
1.3234
1.3516
1.3973
1.7404
1.7279
1.776
1.9395
2.0843
2.1971
2.2682
2.3514
2.176
1.8599
2.5843
2.0653
2.5313
2.3501
2.7842
3.1423
2.7138
3.5534
2.9651
3.7121
3.2224
4.7228
5.2794
5.7388
4.4578
7.1092
5.6585
8.0593
8.4626
5.4082
0.3257
0.3302
0.347
0.3113
0.3035
0.3052
0.2986
0.3091
0.3482
0.3528
0.3204
0.335
0.3216
0.3643
0.3568
0.3693
0.3595
0.3958
0.3958
0.4003
0.4463
0.4409
0.4393
0.4554
0.453
0.4699
0.4452
0.4932
0.4855
0.504
0.5363
0.5619
0.5407
0.544
0.6054
0.6582
0.6829
0.6407
0.6474
0.6735
0.6779
0.7057
0.7233
0.7539
0.7585
0.7506
0.7232
0.8544
0.8633
0.8379
0.9476
1.0759
1.0572
1.0452
1.0692
0.9951
1.3674
1.6252
1.4619
1.5103
1.5339
1.5347
1.6308
1.7246
1.8303
2.0711
1.8156
1.9228
1.7615
2.0658
2.0801
2.0502
2.1988
2.2636
2.7734
2.1834
1.9709
2.8618
3.1246
2.4332
2.4071
2.4007
2.4296
3.7571
2.9927
4.9749
4.8745
6.5791
4.3198
4.7927
5.976
7.3023
8.5427
8.3564
8.7427
5.1066
6.6747
5.6131
8.31
0.3505
0.3482
0.3797
0.3168
0.3102
0.3057
0.3004
0.3282
0.3237
0.3436
0.3337
0.3708
0.3888
0.4143
0.4054
0.411
0.4417
0.444
0.4441
0.4407
0.4285
0.4879
0.5119
0.5105
0.4609
0.4965
0.4866
0.5111
0.5206
0.5122
0.5664
0.5553
0.5865
0.6279
0.6424
0.7221
0.7428
0.7234
0.7495
0.7653
0.7697
0.8107
0.8219
0.8524
0.891
0.7982
0.8273
1.1874
1.1111
1.1419
1.1825
1.2807
1.232
1.1825
1.1692
1.1577
1.3644
1.3236
1.5488
1.3889
1.6028
1.5432
1.6369
1.5354
1.6357
1.5869
1.8757
1.8854
2.0008
2.1242
2.0446
2.0517
2.303
2.6913
2.2788
2.7929
3.1937
3.456
4.3546
3.3098
4.0276
2.5241
4.1615
3.7716
5.0321
3.8214
5.2296
7.0456
5.0046
5.0785
5.8001
7.1543
8.1818
7.7946
6.3231
7.5404
8.5994
8.8687
8.2412
0.3446
0.3492
0.3606
0.3646
0.3593
0.366
0.3963
0.3593
0.369
0.3606
0.406
0.4021
0.4341
0.4557
0.4579
0.4751
0.4632
0.4452
0.4475
0.484
0.5088
0.561
0.5655
0.5945
0.544
0.5596
0.5695
0.6314
0.627
0.6932
0.7296
0.6723
0.689
0.7629
0.7112
0.7079
0.7629
0.7775
0.858
0.8536
0.8835
0.8936
0.9731
0.9957
1.0078
1.0678
1.2133
1.133
1.3124
1.379
1.4093
1.3544
1.2944
1.2618
1.3007
1.4093
1.5633
1.3022
1.465
1.4717
1.6028
1.7217
1.8186
1.737
1.8128
1.9746
1.8386
1.676
2.2682
2.3191
2.701
1.934
2.1494
2.228
1.9713
2.4839
2.8311
3.8745
3.8034
3.1709
4.8795
4.0571
4.6712
4.5471
3.8146
4.3187
7.8633
4.0413
4.7822
5.9475
8.1516
8.1643
8.206
9.0203
9.3283
7.8766
7.2653
5.4816
9.0982
0.3929
0.3956
0.3878
0.4125
0.4215
0.4336
0.461
0.453
0.4542
0.5142
0.4643
0.4218
0.4587
0.4576
0.4474
0.4485
0.4485
0.4633
0.4568
0.4718
0.4884
0.5335
0.5751
0.5956
0.5922
0.5937
0.6004
0.6553
0.6317
0.6519
0.6822
0.691
0.7058
0.7674
0.8107
0.8929
0.8991
0.9428
0.9852
1.0161
1.0801
1.1178
1.2302
1.2721
1.4809
1.53
1.517
2.0575
2.0496
1.9965
2.1018
2.0642
2.2106
2.0853
2.082
1.9918
2.4273
2.2007
2.4824
2.4846
2.2411
2.0416
2.4286
2.8296
2.9057
3.4153
2.9588
2.5299
3.0509
3.3401
2.665
3.1202
3.344
4.0705
4.3716
5.8583
4.5337
4.6944
6.2529
4.6328
4.2344
4.8012
8.0566
5.9338
8.133
9.1309
7.791
7.2308
6.9838
6.3566
7.0739
4.5021
8.1059
8.7386
8.3006
8.4056
9.1698
9.2988
9.4422
0.4554
0.5013
0.4958
0.4958
0.5489
0.5517
0.5427
0.575
0.5414
0.5259
0.5506
0.5378
0.5725
0.4984
0.505
0.6143
0.6181
0.5074
0.5482
0.5271
0.5395
0.5601
0.58
0.654
0.6811
0.7224
0.624
0.6657
0.7557
0.8719
0.8774
0.8683
0.8617
0.8539
0.8851
0.9786
1.0366
1
0.9577
1.058
1.2337
1.3879
1.324
1.4706
1.3744
1.2734
1.4271
1.5474
1.7485
2.0256
2.1326
2.0446
2.0672
1.8397
2.0156
2.1301
1.8587
2.3236
2.2375
2.3428
2.1619
2.5647
2.683
2.4747
2.4859
3.2202
2.8291
2.2849
4.2939
4.2876
2.7558
4.5199
6.1903
4.7271
6.3746
8.2987
8.2251
6.9395
6.7572
7.6427
7.5373
8.1796
7.5292
7.3985
7.6372
8.3061
9.125
9.528
9.4525
9.3641
7.3576
8.3717
8.6276
8.9236
9.0169
8.4848
8.8525
9.0344
8.9651
0.4822
0.52
0.5147
0.491
0.4888
0.4977
0.5111
0.538
0.5425
0.5061
0.5287
0.5378
0.5909
0.5988
0.5647
0.5738
0.5238
0.5128
0.558
0.5955
0.6104
0.6295
0.6497
0.6012
0.6553
0.7415
0.8368
0.8458
0.8661
0.8672
0.8752
0.9864
0.9864
1.0812
1.0827
1.0913
1.0658
1.1543
1.3902
1.361
1.3079
1.3801
1.4779
1.5095
1.4937
1.4616
1.5316
1.7114
1.6893
1.7126
1.7068
1.8279
2.0141
2.5598
2.5127
2.3992
2.4491
3.0365
2.4066
2.4703
2.5847
3.0679
3.5547
3.9049
4.0015
4.2854
4.5222
3.6461
4.8378
7.266
4.7445
5.4612
5.2547
7.9627
7.2577
4.811
8.4114
7.7395
7.2085
8.5519
8.4334
8.3383
8.4385
7.2254
8.5628
9.0092
8.2325
8.6752
9.4804
9.6064
9.2217
9.4191
9.1498
9.5249
9.5165
9.6897
9.6014
9.6257
9.3487
0.5623
0.5721
0.5632
0.571
0.5878
0.5923
0.562
0.5887
0.7596
0.6164
0.676
0.7459
0.8299
0.8209
0.7269
0.8687
0.7492
0.7878
0.7616
0.7762
0.8355
0.8028
0.7841
0.8391
0.8774
0.8538
0.8627
1.0203
0.9763
0.9565
0.9363
1.1554
1.1398
1.1601
1.2485
1.3662
1.3478
1.584
1.4753
1.5016
1.4403
1.5429
1.5799
1.6294
1.5744
1.6495
1.5771
1.7167
1.7739
1.7043
1.9239
2.2312
2.1541
2.1984
2.5475
2.4794
2.6914
2.6182
2.9424
3.5295
2.6368
3.5377
2.8979
3.5802
3.9418
4.4929
3.3461
5.9837
5.7663
4.7561
5.5189
5.1343
8.4264
8.8017
4.618
5.8992
4.9556
8.1427
8.9593
6.8311
8.6061
9.4918
8.9845
8.7058
9.2185
9.3956
8.9578
9.6675
9.365
9.156
9.4311
9.8132
9.7839
9.5651
9.7091
9.6772
9.7411
9.7293
9.5448
0.5545
0.5741
0.5597
0.7259
0.6926
0.7204
0.7237
0.7887
0.9313
0.791
0.7985
0.8796
0.8153
0.8074
0.8017
0.8005
0.7302
0.747
0.6987
0.7234
0.7865
0.7358
0.839
1.0682
0.9875
1.0602
1.0876
1.1826
1.1663
1.1061
1.142
1.2366
1.2584
1.3912
1.1223
1.1578
1.2527
1.3835
1.5945
1.6013
1.6063
1.5196
1.713
1.7009
1.7075
2.1185
1.6975
1.9667
1.8342
2.1319
1.9353
1.8553
2.7706
2.3712
2.0349
2.9985
2.3523
6.1186
3.5524
3.8698
4.0065
4.2361
4.7859
6.5597
4.8091
3.8645
4.6862
5.6903
7.8725
7.7902
8.2435
7.2997
6.3823
7.9563
6.763
8.6128
9.1702
8.4466
8.6276
9.1236
8.4137
9.3625
9.4988
9.0295
9.6528
8.4622
9.0406
9.4149
9.3446
9.471
9.6382
9.7281
9.7956
9.3981
9.6973
9.7119
9.6487
9.6215
9.6134
0.7064
0.6926
0.7211
0.6501
0.5807
0.6233
0.6882
0.6738
0.714
0.7042
0.6888
0.8228
0.8655
0.9394
1.0094
1.0569
1.0002
0.9927
0.9
0.9416
0.8809
0.9674
1.0854
1.1705
1.1246
1.119
1.3157
1.206
1.1996
1.4186
1.3566
1.4013
1.4519
1.6747
1.2087
1.3123
1.3709
1.5203
1.5576
1.451
1.8657
2.1308
2.1538
2.0141
2.0322
2.2393
2.2314
2.1421
2.0311
1.9958
2.0089
2.4038
2.395
2.4587
2.8694
3.0586
3.6048
4.0988
4.6731
5.3135
5.7389
5.0932
5.817
4.8264
5.8071
8.062
6.3009
7.3725
7.9474
8.2863
7.5625
8.54
8.077
7.7908
8.0069
8.9545
9.0777
9.1522
8.8542
9.0881
8.5581
9.7463
9.5686
9.6377
9.5648
9.4326
9.5528
9.7551
9.7053
9.7273
9.7322
9.8114
9.7967
9.581
9.7792
9.7897
9.6508
9.6659
9.7519
0.6915
0.6838
0.74
0.8121
0.8009
0.8379
0.8854
0.8685
0.9861
1.0188
0.9352
1.0489
0.8936
0.9596
0.9976
1.0469
1.0558
1.2411
1.1937
1.1958
1.1909
1.2304
1.4761
1.2581
1.4117
1.453
1.3533
1.3806
1.4597
1.369
1.3589
1.3827
1.3111
1.4314
1.385
1.482
1.7167
1.8767
1.8228
1.9195
2.1218
2.3721
2.1834
2.478
2.4948
3.107
2.9942
3.3657
3.1151
2.1674
2.4168
2.6944
4.0591
5.1719
4.5001
6.9639
4.5394
5.5982
7.4544
5.0699
6.2886
7.8621
6.8545
5.5238
5.6995
7.7007
6.4688
8.6655
9.029
8.4223
9.4832
9.1679
9.4182
9.5789
9.028
9.5468
9.4622
9.1867
9.11
8.8202
9.0688
9.4722
9.4832
9.6983
9.6373
9.5389
9.6616
9.7446
9.767
9.767
9.7349
9.7529
9.7819
9.7603
9.7025
9.8164
9.5328
9.5669
9.6696
0.8728
0.9069
0.9069
1.0125
1.0584
1.1013
1.1008
1.038
1.103
1.1132
1.1019
1.0315
1.0961
1.0351
1.0837
1.1263
1.0876
1.1486
1.2449
1.3059
1.4145
1.5215
1.5349
1.5338
1.5486
1.4074
1.6676
1.8731
1.8113
2.0602
1.6663
1.9085
2.0635
1.8696
1.7704
2.0791
1.7446
2.1845
2.2416
2.2768
2.2746
2.3075
2.2995
2.2915
2.0583
2.6525
3.1013
2.7662
3.0692
2.7989
4.2311
4.3397
4.7419
5.3586
6.2997
7.9099
6.278
4.5038
7.6379
8.4388
8.4281
7.7328
8.4482
8.3786
8.3002
8.7065
8.3361
9.2354
9.2354
9.1139
8.3435
8.8324
9.0292
9.0437
9.3089
9.0796
9.5859
9.5458
9.3569
9.6131
9.4537
9.7155
9.6143
9.4568
9.5201
9.7033
9.5227
9.6183
9.644
9.5523
9.4865
9.4139
9.7023
9.819
9.6674
9.8009
9.7529
9.7655
9.7655
0.9061
0.8284
0.8556
0.9593
0.981
0.8958
0.8969
0.9773
1.0547
1.0873
1.1453
1.341
1.3556
1.2192
1.1567
1.2673
1.4337
1.6774
1.7205
1.7402
1.7191
1.9278
2.2324
1.9278
1.9359
1.8608
2.1713
2.0085
1.9815
1.9715
2.2447
2.0117
1.9267
2.3219
1.7608
1.7788
2.1096
2.3509
2.4312
2.4119
2.4634
3.0187
2.4713
2.9665
4.385
4.8773
6.8964
4.7796
3.5347
4.0998
4.5419
8.2124
4.0847
5.8252
6.6385
9.0813
8.5517
8.1368
8.0677
9.0382
9.2074
8.0064
8.7917
8.6521
8.7473
9.3599
9.0358
9.2646
9.5691
9.3324
9.0231
9.4531
9.5249
9.4445
9.6394
9.6513
9.6523
9.7256
9.7256
9.7256
9.522
9.7182
9.7336
9.6737
9.6737
9.7362
9.7105
9.7105
9.8932
9.9034
9.9034
9.7964
9.8402
9.8718
9.8067
9.8251
9.8065
9.7635
9.8017
1.0309
1.0491
1.1488
1.2836
1.2336
1.3725
1.1247
1.2178
1.3544
1.5452
1.4404
1.6975
1.331
1.2125
1.2393
1.3757
1.2973
1.7825
1.7501
1.6922
1.6602
1.6863
1.7145
1.7579
2.3809
2.1029
2.1841
2.2589
1.9083
1.8158
1.7889
2.2859
2.1614
2.0733
2.5326
3.0476
3.1359
2.2803
2.8394
3.4789
3.8611
5.798
5.0569
4.1875
4.2084
4.0447
4.2163
4.1647
5.9017
7.1278
8.6013
7.7185
8.6946
8.7945
8.2321
5.5656
8.2105
8.7725
9.1371
8.5543
8.4766
9.1136
9.2141
9.1628
8.9875
9.0246
9.3147
9.4515
9.4669
9.4904
9.6403
9.4886
9.6992
9.4253
9.7025
9.6678
9.7056
9.7095
9.6725
9.5735
9.6584
9.6888
9.6495
9.7499
9.3959
9.681
9.8259
9.8121
9.9052
9.8924
9.9047
9.8314
9.8314
9.8838
9.7932
9.7256
9.8253
9.8253
9.7374
0.9709
1.0083
1.1088
1.1306
1.0198
1.1376
1.2346
1.3231
1.393
1.7587
1.6223
1.8401
1.6706
1.4677
1.7728
1.5861
1.5016
1.731
1.6501
1.6774
1.9029
1.9823
2.101
2.452
2.1228
2.0737
2.0692
2.4312
2.3951
2.9273
2.3205
2.4611
3.9008
5.9081
4.155
3.6797
3.4217
3.0678
3.8436
5.1941
5.8911
5.5652
6.8173
7.6232
8.5413
9.1027
8.3677
9.3132
9.6224
8.3863
9.1736
9.5837
9.6054
9.6072
9.4242
9.3353
9.3296
9.529
9.4346
9.4642
9.6904
9.5871
9.5032
8.9084
9.0084
9.0536
9.3477
8.9028
9.0483
9.7978
9.7978
9.7981
9.6585
9.5976
9.5976
9.8323
9.8323
9.803
9.803
9.803
9.803
9.803
9.803
9.7942
9.7942
9.8445
9.8119
9.792
9.7709
9.7709
9.7403
9.7851
9.7746
9.7053
9.8866
9.8866
9.8883
9.8901
9.8901
1.3565
1.3883
1.464
1.3558
1.4176
1.5969
1.3035
1.5273
1.5085
1.5472
1.7086
1.7847
1.9927
2.1082
2.118
2.4185
1.9566
2.9274
2.72
2.4578
2.9993
3.4621
3.3331
4.1745
3.6484
2.4533
4.063
3.3676
3.3693
6.4676
3.859
4.7568
5.2736
3.397
4.027
5.6797
4.7592
6.9075
5.7294
4.8185
7.8999
6.4435
8.8661
9.4303
9.5816
9.1346
9.3065
9.1558
8.8438
9.2429
9.3796
9.4798
9.6697
8.7163
8.9023
8.9023
8.5637
8.9127
9.3899
9.4474
9.6852
9.3102
9.6813
9.731
9.3539
9.5815
9.7062
9.7062
9.6702
9.6398
9.7613
9.7688
9.7688
9.7832
9.8118
9.8118
9.8118
9.7132
9.7731
9.6658
9.5975
9.8044
9.8151
9.7159
9.7159
9.8533
9.8533
9.8533
9.7662
9.7662
9.8001
9.8239
9.8252
9.7279
9.8901
9.8901
9.8901
9.8901
9.8901
1.6134
1.6171
1.7603
1.6952
1.6094
1.3087
1.3197
1.4194
1.6461
1.9098
1.8585
2.0211
1.9925
2.7169
2.2343
2.0551
2.0634
2.6917
2.3225
2.5971
2.8643
3.1732
2.5365
2.2771
3.6145
4.5542
4.1974
3.611
3.4217
3.4252
5.1754
5.0331
4.2779
6.8527
7.329
8.1996
8.2543
6.1464
6.9407
5.5587
9.0482
8.7226
6.976
7.9857
8.4919
8.7218
9.0324
9.5789
9.6503
9.1389
9.4749
9.5635
9.2592
9.416
9.3173
9.2645
9.5524
9.6741
9.6741
9.1712
9.7115
9.74
9.7204
9.7198
9.7047
9.7923
9.6957
9.6971
9.5705
9.8235
9.7433
9.7599
9.7599
9.5025
9.6722
9.7558
9.7558
9.7286
9.7735
9.8547
9.7349
9.7858
9.7858
9.6938
9.7054
9.8581
9.8716
9.8247
9.6983
9.7391
9.7999
9.7999
9.8273
9.7685
9.8901
9.8901
9.8901
9.8901
9.8901
1.6101
1.7042
1.8458
1.7636
1.732
1.5842
1.8266
2.1537
2.1562
2.6448
2.255
2.0809
2.2711
2.2745
2.4562
2.4432
2.4108
2.5636
2.3633
2.7006
2.9477
2.6588
3.4748
2.9726
3.9566
3.5916
2.7253
3.3701
5.8684
5.0381
6.5749
5.6614
3.2127
3.6773
8.2403
8.7841
8.6347
8.1873
9.1945
9.4255
8.6792
9.406
9.3551
9.0918
9.1982
9.4539
9.3672
9.5174
9.7124
9.3386
9.4061
9.2751
9.6148
9.4733
9.3112
9.4054
9.5865
9.493
9.4622
9.6628
9.8321
9.8379
9.5367
9.5106
9.6911
9.7999
9.6964
9.7705
9.7676
9.7364
9.7634
9.7839
9.7438
9.803
9.7625
9.8424
9.8424
9.8712
9.8314
9.8314
9.849
9.6343
9.7349
9.7073
9.7143
9.8581
9.8863
9.8863
9.8954
9.8954
9.8954
9.8954
9.8048
9.8048
9.8135
9.8778
9.8778
9.8778
9.8778
1.7803
1.8963
2.4428
2.0864
1.9098
1.9499
2.2652
1.9566
2.3707
1.9613
2.1468
2.2872
2.4006
2.6726
3.8448
4.3156
3.1606
2.9052
3.1555
3.3023
4.9217
3.1387
4.0058
3.8892
4.3608
6.3086
7.4144
5.7646
6.1767
6.7555
8.2568
6.7146
8.4325
8.5613
7.4771
8.2643
8.3738
9.3151
9.3151
9.1982
9.1176
9.0077
9.1111
9.3647
8.8163
8.9155
9.2288
9.2219
9.5457
9.4881
9.4544
9.4962
9.2688
9.4304
9.3506
9.4274
9.4253
9.3909
9.6929
9.655
9.655
9.6773
9.5856
9.5894
9.7104
9.7154
9.7373
9.5177
9.5502
9.5105
9.4588
9.5332
9.4949
9.5323
9.5323
9.5393
9.6611
9.7203
9.61
9.8174
9.8038
9.7891
9.7891
9.8263
9.8263
9.8263
9.8263
9.7896
9.7896
9.7896
9.7896
9.7933
9.8117
9.9106
9.8384
9.8384
9.8384
9.8384
9.8384
1.822
1.9142
2.0845
2.3687
2.2584
2.0724
1.9454
2.5123
2.2912
2.7468
2.7746
2.7787
2.2237
2.5994
2.4384
3.1118
3.0728
3.3432
3.4681
4.2707
6.8738
6.9692
6.0012
5.5412
8.678
6.7873
4.6031
7.8189
5.6599
6.3143
8.6491
8.616
7.9582
8.7039
8.2186
8.2715
8.3734
8.358
8.4134
8.6349
9.1531
9.4214
9.3943
8.8486
9.1792
9.5862
9.6807
9.152
9.152
9.0687
9.0897
8.9398
9.6549
9.6549
9.4488
9.5214
9.5422
9.5398
9.5739
9.7542
9.6934
9.7122
9.4845
9.4356
9.6697
9.7432
9.7723
9.566
9.5605
9.5605
9.6327
9.6327
9.6073
9.5984
9.5984
9.6342
9.6342
9.6342
9.6631
9.7411
9.7411
9.8487
9.8277
9.8666
9.8468
9.8468
9.8648
9.9022
9.9022
9.9022
9.9022
9.9022
9.8416
9.8841
9.9272
9.9272
9.9296
9.913
9.9145
3.1481
2.6712
2.3349
3.3261
2.7443
2.7912
2.7179
2.3798
2.6434
3.4458
2.9429
3.7839
7.3246
5.058
5.0736
5.6981
5.4547
6.4921
5.8019
7.1689
7.8722
8.0511
7.9461
7.1778
7.7196
8.0479
8.1871
7.7879
8.4715
8.7429
9.28
9.0908
9.4337
9.3577
8.9552
8.918
9.5726
9.3437
9.3037
9.5235
9.5424
9.5373
9.5118
9.4714
9.5915
9.5694
9.6663
9.754
9.7078
9.7372
9.7561
9.7371
9.7182
9.7584
9.7677
9.7205
9.6919
9.7396
9.7363
9.7363
9.8161
9.79
9.79
9.8437
9.8719
9.8719
9.8719
9.7982
9.8165
9.8487
9.8469
9.8571
9.8964
9.8382
9.8382
9.8006
9.8006
9.881
9.881
9.9024
9.8694
9.8928
9.9023
9.8971
9.8971
9.931
9.918
9.9281
9.926
9.926
9.926
9.926
9.9209
9.9113
9.9113
9.9113
9.909
9.909
9.909
3.2731
3.7707
3.0976
2.8902
8.2821
5.4408
6.4041
4.5332
4.5204
4.5324
6.1417
6.9987
4.4815
3.9403
5.7612
8.59
7.2745
9.0052
9.0566
9.1967
6.997
8.3925
8.9527
8.1692
8.6308
8.5702
9.298
9.1581
9.0413
8.859
8.9457
8.8009
8.9193
9.1661
8.9059
8.5916
9.617
9.2654
9.499
9.3778
9.567
9.5437
9.6386
9.7397
9.5751
9.7121
9.7121
9.7133
9.7075
9.4702
9.8466
9.8502
9.8502
9.8502
9.8502
9.8502
9.8502
9.8502
9.8525
9.8525
9.8654
9.8586
9.8586
9.8089
9.8724
9.8479
9.8479
9.7552
9.7552
9.7552
9.8843
9.8868
9.8964
9.8319
9.8319
9.8844
9.8844
9.9076
9.9063
9.9033
9.9033
9.9154
9.9154
9.8785
9.8949
9.9043
9.9043
9.8773
9.926
9.926
9.926
9.926
9.8941
9.9113
9.9113
9.9113
9.9234
9.9234
9.9234
3.2203
4.1679
3.9376
4.8154
6.2079
4.6092
6.6432
7.1201
7.1559
5.4686
6.3377
7.0683
3.7197
5.1881
4.4188
8.2027
8.2348
8.364
9.5069
8.8766
8.9233
9.4016
9.0833
8.9549
8.9977
8.5543
8.9381
9.359
9.1915
8.7928
9.4148
9.3862
9.326
9.3624
9.3731
9.5402
9.6029
9.5534
9.5285
9.7529
9.7164
9.7164
9.737
9.7483
9.7784
9.8226
9.7496
9.7362
9.8303
9.8128
9.7902
9.743
9.743
9.5963
9.5963
9.6855
9.771
9.7769
9.7769
9.8043
9.7999
9.7999
9.7348
9.8196
9.8444
9.8802
9.8802
9.8802
9.8802
9.8802
9.8802
9.8802
9.8718
9.8945
9.8945
9.858
9.87
9.8502
9.8646
9.8646
9.8646
9.8646
9.8646
9.9194
9.9194
9.9053
9.9053
9.8823
9.9307
9.9307
9.9307
9.9307
9.9046
9.9092
9.9092
9.9092
9.9234
9.9234
9.9234
4.1798
4.512
4.9925
6.2198
7.4398
6.9083
6.603
6.6772
6.9131
7.3528
7.4816
6.7663
8.4359
8.173
7.2952
8.7053
8.1902
7.7797
8.9372
8.6402
9.5019
9.526
9.552
9.4691
8.6396
8.7245
8.7905
9.4154
9.3206
9.392
9.6616
9.6662
9.8023
9.7911
9.7911
9.7888
9.8077
9.7427
9.7803
9.712
9.4718
9.6311
9.6311
9.6875
9.7165
9.7162
9.6544
9.6911
9.6911
9.7162
9.7162
9.6806
9.6806
9.7251
9.7251
9.5377
9.7899
9.6543
9.6543
9.8043
9.8586
9.8779
9.8779
9.8779
9.8258
9.8595
9.8272
9.8349
9.8349
9.8349
9.8349
9.8349
9.8349
9.8349
9.8335
9.8624
9.8624
9.8624
9.8624
9.8624
9.8624
9.9264
9.9264
9.9194
9.9194
9.8849
9.8702
9.8874
9.9307
9.9307
9.9307
9.9307
9.9046
9.8842
9.8842
9.8842
9.9051
9.9155
9.9155
5.9941
6.7096
6.8716
8.1464
6.4348
7.5858
5.736
6.6523
8.2678
6.7594
8.2224
9.2455
8.7609
9.2306
8.787
8.5153
8.5653
8.984
8.6064
9.0205
9.3128
9.2157
9.0569
9.4248
9.2359
9.7037
9.6003
9.6045
9.4112
9.7286
9.7769
9.6921
9.6495
9.5997
9.5911
9.5995
9.651
9.7126
9.7508
9.7737
9.7207
9.7207
9.7207
9.6969
9.7485
9.7705
9.7705
9.7705
9.8024
9.8024
9.8024
9.7564
9.7564
9.7466
9.8083
9.8022
9.8067
9.8067
9.8067
9.8067
9.8661
9.8661
9.8321
9.8321
9.8321
9.8814
9.8033
9.793
9.8343
9.8343
9.8343
9.8562
9.8562
9.9022
9.9022
9.9656
9.9656
9.9656
9.9656
9.9656
9.9661
9.9661
9.9661
9.8609
9.8609
9.8575
9.8575
9.8382
9.8244
9.8814
9.8814
9.9061
9.9061
9.9061
9.9061
9.9061
9.8821
9.8864
9.8531
7.902
8.4752
6.0077
8.8985
8.7077
8.932
7.6986
8.7138
8.8428
8.997
9.3588
9.4258
9.1016
9.3698
8.2894
9.3769
9.4501
9.3573
9.0904
9.5262
9.5818
9.5941
9.5546
9.5981
9.6032
9.7516
9.7537
9.6901
9.7063
9.6534
9.6634
9.8568
9.8043
9.8229
9.7902
9.7349
9.8255
9.7915
9.7674
9.7146
9.7517
9.5668
9.6775
9.739
9.6986
9.8196
9.7433
9.7824
9.759
9.759
9.74
9.7496
9.7933
9.7933
9.7829
9.7829
9.7829
9.7829
9.7829
9.7923
9.7926
9.8441
9.8441
9.8654
9.8654
9.8654
9.8654
9.8599
9.8654
9.8654
9.8885
9.8885
9.8885
9.8885
9.8885
9.9488
9.9488
9.9488
9.9488
9.9488
9.9488
9.9551
9.9551
9.8875
9.8875
9.8875
9.8875
9.9032
9.9032
9.8956
9.886
9.9082
9.9082
9.9082
9.9082
9.9082
9.9072
9.9072
9.8375
7.3989
9.4003
7.1828
7.3402
7
8.1241
9.2726
9.1326
9.4612
9.4786
9.3221
9.5285
9.0305
9.0845
9.5544
9.2413
9.5568
9.5555
8.9578
8.9946
9.1062
8.91
9.2001
9.3477
9.7566
9.7708
9.6915
9.6915
9.5837
9.8213
9.7824
9.8251
9.7684
9.7684
9.7812
9.7424
9.8255
9.8221
9.8291
9.8291
9.8048
9.8818
9.8818
9.8425
9.8802
9.8802
9.8802
9.8802
9.8554
9.8554
9.8554
9.8554
9.8554
9.8554
9.8554
9.8002
9.8002
9.8002
9.8002
9.8002
9.8671
9.8891
9.9027
9.9027
9.9174
9.9101
9.9277
9.9277
9.9277
9.9277
9.9277
9.9277
9.9277
9.9277
9.92
9.9488
9.9488
9.9488
9.9488
9.9488
9.9488
9.9551
9.9551
9.8875
9.8875
9.8875
9.8875
9.9032
9.9032
9.8881
9.892
9.8901
9.8896
9.8896
9.8896
9.8896
9.9072
9.9072
9.8545
8.8323
8.9311
9.2803
8.4883
8.8397
8.6195
9.2144
9.3609
9.2069
9.2626
9.4133
9.0778
9.2618
9.4034
9.6242
9.6655
9.6951
9.5327
9.7623
9.498
9.5424
9.768
9.768
9.7013
9.8017
9.7811
9.7811
9.8549
9.8549
9.8549
9.6533
9.7392
9.7392
9.7829
9.7633
9.8173
9.8173
9.8173
9.8173
9.7488
9.7236
9.7236
9.7919
9.7572
9.8802
9.8802
9.8802
9.8802
9.864
9.864
9.864
9.864
9.864
9.864
9.8746
9.8696
9.8843
9.8843
9.8502
9.8502
9.8444
9.8444
9.9101
9.9024
9.9024
9.9024
9.9024
9.9024
9.8898
9.8898
9.8898
9.8876
9.8876
9.9136
9.9136
9.9488
9.9488
9.9488
9.9488
9.9488
9.9488
9.9551
9.9551
9.9029
9.9029
9.9029
9.9029
9.9032
9.9032
9.8881
9.892
9.8901
9.8896
9.8896
9.8896
9.8896
9.9072
9.9072
9.8615
8.5767
8.7687
8.8364
9.6889
9.4955
9.5147
9.3153
9.3422
9.3186
9.3568
9.4281
9.6928
9.6461
9.0985
9.4577
9.5546
9.4082
9.3951
9.3951
9.5365
9.5846
9.6009
9.6934
9.7044
9.6899
9.5659
9.6871
9.6871
9.6638
9.6638
9.7779
9.783
9.783
9.783
9.783
9.6291
9.6261
9.7183
9.8036
9.8036
9.7465
9.7676
9.8349
9.7788
9.697
9.7328
9.7328
9.8832
9.8832
9.7537
9.8762
9.8762
9.9449
9.9449
9.9449
9.9449
9.9449
9.9449
9.8631
9.8631
9.8631
9.8235
9.8235
9.8235
9.8681
9.869
9.9025
9.9025
9.9025
9.9025
9.8997
9.8997
9.9107
9.8273
9.8273
9.8273
9.8273
9.8947
9.8947
9.8947
9.8947
9.947
9.947
9.947
9.947
9.947
9.947
9.947
9.9724
9.9724
9.9724
9.9724
9.9724
9.9724
9.9724
9.974
9.974
9.974
9.974
9.6692
9.3508
9.3999
9.1235
9.4852
9.4403
9.4129
9.267
9.6581
9.7072
9.6106
9.4789
9.6712
9.5108
9.7713
9.827
9.827
9.8249
9.8477
9.8211
9.7819
9.8346
9.8346
9.8346
9.7543
9.8648
9.9015
9.9015
9.9015
9.9077
9.9077
9.9077
9.8903
9.7747
9.7747
9.8543
9.7787
9.8088
9.8474
9.8474
9.8847
9.8847
9.8231
9.834
9.8463
9.8463
9.8463
9.8497
9.8497
9.9052
9.9052
9.9052
9.9052
9.9052
9.9052
9.9052
9.9052
9.9052
9.9052
9.9052
9.9052
9.8466
9.8466
9.8466
9.8374
9.8418
9.8418
9.8418
9.8418
9.8418
9.8418
9.8529
9.8633
9.8633
9.8633
9.8033
9.8033
9.874
9.8659
9.8961
9.8961
9.8961
9.9273
9.9138
9.9138
9.9371
9.9371
9.9415
9.9319
9.9404
9.9504
9.9504
9.9504
9.9504
9.9465
9.9489
9.9341
9.9404
9.9404
9.3521
9.5275
9.5083
9.6593
9.6286
9.4696
9.6158
9.3871
9.4839
9.5353
9.5353
9.7251
9.6364
9.5905
9.7795
9.7817
9.8187
9.8187
9.8187
9.8575
9.8578
9.8578
9.8708
9.8708
9.8889
9.8889
9.9065
9.9065
9.9065
9.9224
9.9224
9.9224
9.872
9.8674
9.8674
9.8674
9.8763
9.8763
9.896
9.896
9.8465
9.8465
9.842
9.8694
9.8694
9.8694
9.8694
9.8271
9.8271
9.9052
9.9052
9.9052
9.9052
9.9052
9.9052
9.9052
9.9052
9.9052
9.9052
9.9052
9.9052
9.8466
9.8466
9.8466
9.8418
9.8439
9.8439
9.8439
9.8439
9.8439
9.8439
9.8529
9.8633
9.8633
9.8633
9.841
9.841
9.874
9.8592
9.8961
9.8961
9.8961
9.9273
9.9138
9.9138
9.9371
9.9371
9.9415
9.9319
9.9404
9.9504
9.9504
9.9504
9.9504
9.9489
9.9444
9.9404
9.9457
9.9457
9.6418
9.4048
9.5736
9.5367
9.6354
9.6117
9.8144
9.7272
9.7749
9.7374
9.7394
9.653
9.5829
9.7389
9.7751
9.6921
9.8052
9.8052
9.834
9.834
9.834
9.813
9.8716
9.8716
9.8889
9.8889
9.9065
9.9065
9.9065
9.9224
9.9224
9.9224
9.8695
9.8695
9.8655
9.8655
9.8183
9.8591
9.8571
9.8571
9.8834
9.8834
9.8578
9.8525
9.8525
9.8527
9.8527
9.7993
9.7562
9.9052
9.9052
9.9052
9.9052
9.9052
9.9052
9.9052
9.9052
9.9052
9.9052
9.9052
9.9052
9.8623
9.8525
9.8525
9.8525
9.8525
9.8525
9.8525
9.8525
9.8525
9.8525
9.8525
9.8525
9.8214
9.8214
9.8214
9.8214
9.8215
9.8967
9.8969
9.8969
9.8969
9.9203
9.9431
9.9431
9.9371
9.9371
9.9415
9.9319
9.9404
9.9504
9.9504
9.9504
9.9504
9.9489
9.9444
9.9404
9.9457
9.9457
9.5781
9.3761
9.5505
9.611
9.7604
9.793
9.7461
9.7169
9.724
9.8117
9.8117
9.7261
9.652
9.755
9.7982
9.8304
9.8682
9.8682
9.8682
9.8682
9.8682
9.8682
9.8682
9.8682
9.8751
9.8314
9.9154
9.9154
9.9154
9.9278
9.9278
9.9278
9.8802
9.8802
9.8802
9.8802
9.8207
9.8582
9.8603
9.8603
9.8834
9.8834
9.879
9.8546
9.8546
9.8546
9.8546
9.8135
9.8135
9.9052
9.9052
9.9052
9.9052
9.9052
9.9052
9.9052
9.9052
9.9052
9.9052
9.9052
9.9052
9.8427
9.8427
9.8312
9.8312
9.8312
9.8312
9.8312
9.8282
9.8282
9.8282
9.8282
9.8282
9.8282
9.8282
9.8282
9.8282
9.8282
9.8967
9.8969
9.8969
9.8969
9.9203
9.9431
9.9431
9.934
9.934
9.9488
9.9028
9.9504
9.9504
9.9504
9.9504
9.9504
9.9491
9.9541
9.9404
9.9457
9.9457
9.6283
9.7802
9.7802
9.701
9.6812
9.6812
9.7756
9.8506
9.8476
9.7419
9.6953
9.7758
9.7164
9.7848
9.7926
9.9103
9.8585
9.8585
9.8585
9.8585
9.8716
9.8306
9.8604
9.8604
9.8638
9.8638
9.9222
9.9222
9.9222
9.9278
9.9278
9.9278
9.8844
9.8844
9.8844
9.8844
9.8188
9.8718
9.8631
9.881
9.8595
9.8595
9.8988
9.8988
9.8988
9.8988
9.8988
9.8988
9.8988
9.8988
9.8885
9.8885
9.8885
9.8885
9.901
9.901
9.901
9.901
9.901
9.901
9.901
9.901
9.901
9.901
9.8914
9.8773
9.8984
9.8984
9.8984
9.8984
9.8984
9.8984
9.8984
9.8984
9.8984
9.8984
9.8984
9.9002
9.9002
9.8942
9.8942
9.8942
9.9469
9.9525
9.9525
9.9338
9.9338
9.9608
9.9028
9.9504
9.9504
9.9504
9.9504
9.9504
9.9541
9.9557
9.9404
9.9457
9.9457
9.7651
9.8308
9.8308
9.8376
9.8029
9.8029
9.8402
9.889
9.8898
9.7397
9.6739
9.7758
9.7848
9.7659
9.8904
9.8593
9.8705
9.8705
9.8705
9.8705
9.8705
9.8701
9.8691
9.8691
9.8572
9.8432
9.8756
9.8756
9.776
9.776
9.7641
9.7641
9.7746
9.8817
9.9033
9.8374
9.8374
9.7767
9.8092
9.8092
9.8579
9.8579
9.8502
9.8502
9.8502
9.8608
9.8608
9.8442
9.8442
9.8442
9.8797
9.8797
9.8797
9.8797
9.7979
9.8481
9.8548
9.8548
9.8548
9.8548
9.8576
9.8576
9.8369
9.8369
9.8369
9.8411
9.8411
9.8646
9.8468
9.8468
9.8468
9.8468
9.8468
9.8468
9.8468
9.8652
9.8652
9.8744
9.9065
9.9158
9.9194
9.9194
9.9222
9.9525
9.9525
9.9474
9.9474
9.9623
9.9028
9.9504
9.9504
9.9504
9.9504
9.9504
9.9557
9.957
9.9404
9.9457
9.9457
9.8182
9.8181
9.837
9.8014
9.8182
9.7994
9.7994
9.8154
9.7713
9.8241
9.8078
9.8078
9.8078
9.8374
9.7999
9.7953
9.7953
9.7953
9.7898
9.7898
9.7898
9.8857
9.8857
9.8857
9.8738
9.8667
9.8667
9.8374
9.8374
9.8374
9.8374
9.8374
9.8578
9.8578
9.8587
9.8587
9.8587
9.8587
9.8587
9.8587
9.8932
9.8932
9.8658
9.8658
9.8658
9.8658
9.8658
9.8658
9.8658
9.8658
9.9055
9.9055
9.9055
9.9055
9.9055
9.9055
9.8975
9.8975
9.8973
9.8973
9.8973
9.8973
9.8973
9.8973
9.8746
9.8545
9.8545
9.8545
9.8869
9.914
9.914
9.914
9.914
9.914
9.9137
9.9137
9.9137
9.9137
9.9084
9.9158
9.9194
9.9194
9.918
9.9525
9.9525
9.9501
9.9501
9.9623
9.9028
9.9504
9.9504
9.9504
9.9504
9.9504
9.957
9.9579
9.9389
9.9389
9.9389
9.8157
9.6607
9.8533
9.8533
9.9228
9.8704
9.8598
9.8703
9.8703
9.8703
9.8703
9.8296
9.9173
9.9595
9.9591
9.9588
9.9588
9.9588
9.9621
9.9621
9.9621
9.9621
9.9738
9.9738
9.9738
9.9738
9.9696
9.9696
9.9696
9.975
9.9713
9.9713
9.9713
9.9713
9.9713
9.9713
9.9713
9.9153
9.9389
9.9389
9.9389
9.9389
9.9389
9.9389
9.9389
9.9389
9.9389
9.9389
9.9389
9.9389
9.9389
9.9389
9.9389
9.9389
9.9802
9.9802
9.9824
9.9824
9.9824
9.9824
9.9824
9.9824
9.9824
9.9824
9.9824
9.9824
9.9824
9.9824
9.9824
9.9824
9.9824
9.9824
9.9824
9.9824
9.9824
9.9824
9.9824
9.9824
9.9824
9.9824
9.9824
9.9824
9.9824
9.9824
9.9824
9.9824
9.9824
9.9824
9.9824
9.9824
9.9824
9.9824
9.9824
9.9824
9.9824
9.9824
9.9699
9.9699
9.977
9.7582
9.7688
9.8797
9.8797
9.9132
9.864
9.8598
9.8722
9.8722
9.8722
9.8722
9.8796
9.8611
9.9595
9.9446
9.9592
9.9592
9.9327
9.9621
9.9621
9.9621
9.9621
9.9621
9.9621
9.9621
9.9621
9.9696
9.9696
9.9696
9.975
9.9751
9.9751
9.9751
9.9751
9.9751
9.9751
9.9751
9.9207
9.941
9.941
9.941
9.941
9.941
9.941
9.941
9.941
9.941
9.941
9.941
9.941
9.941
9.941
9.941
9.941
9.9802
9.9802
9.9824
9.9824
9.9824
9.9824
9.9824
9.9824
9.9824
9.9824
9.9824
9.9824
9.9824
9.9824
9.9824
9.9824
9.9824
9.9824
9.9824
9.9824
9.9824
9.9824
9.9824
9.9824
9.9824
9.9824
9.9824
9.9824
9.9824
9.9824
9.9824
9.9824
9.9824
9.9824
9.9824
9.9824
9.9824
9.9824
9.9824
9.9824
9.9824
9.9824
9.9735
9.9735
9.9735
9.9593
9.9325
9.9325
9.9417
9.9396
9.9703
9.9112
9.9112
9.9112
9.9112
9.9112
9.9112
9.9112
9.9091
9.9091
9.9091
9.9091
9.9091
9.9091
9.9091
9.9015
9.9015
9.9015
9.919
9.919
9.9111
9.9438
9.9438
9.9438
9.9438
9.9438
9.9384
9.9498
9.9572
9.9572
9.9572
9.9243
9.9243
9.9593
9.9593
9.9593
9.9593
9.9593
9.9593
9.913
9.913
9.913
9.913
9.913
9.9151
9.9151
9.9151
9.9151
9.9151
9.9151
9.9151
9.9151
9.973
9.9646
9.9646
9.9646
9.9646
9.9646
9.9646
9.9646
9.9646
9.9646
9.9646
9.9646
9.9646
9.9646
9.9646
9.9646
9.9646
9.9646
9.9646
9.9646
9.9646
9.9646
9.9646
9.9646
9.9762
9.9762
9.9762
9.9762
9.9762
9.9762
9.9825
9.9825
9.9825
9.9825
9.9825
9.9825
9.9825
9.9825
9.9825
9.9825
9.9825
9.9825
9.85
9.9703
9.9703
9.9703
9.9703
9.9703
9.9381
9.9381
9.9381
9.9381
9.9381
9.9381
9.9381
9.8986
9.8986
9.8986
9.8986
9.8986
9.8986
9.8986
9.8986
9.8986
9.8964
9.8964
9.8964
9.9365
9.9473
9.9473
9.9312
9.9312
9.9312
9.9572
9.9572
9.9572
9.9572
9.9572
9.9243
9.9243
9.9593
9.9593
9.9593
9.9593
9.9593
9.9593
9.954
9.954
9.954
9.954
9.954
9.954
9.954
9.954
9.954
9.954
9.954
9.954
9.954
9.973
9.9646
9.9646
9.9646
9.9646
9.9646
9.9646
9.9646
9.9646
9.9646
9.9646
9.9646
9.9646
9.9646
9.9646
9.9646
9.9646
9.9646
9.9646
9.9646
9.9646
9.9646
9.9646
9.9646
9.9825
9.9825
9.9825
9.9825
9.9825
9.9825
9.9825
9.9825
9.9825
9.9825
9.9825
9.9825
9.9825
9.9825
9.9825
9.9825
9.9825
9.9825
9.9341
9.9703
9.9703
9.9703
9.9703
9.9703
9.9381
9.9381
9.9381
9.9381
9.9381
9.9381
9.9381
9.9459
9.9459
9.9459
9.9459
9.9459
9.9459
9.9459
9.9459
9.9139
9.9139
9.9139
9.9139
9.9365
9.9411
9.9411
9.9411
9.9411
9.9411
9.9572
9.9572
9.9572
9.9572
9.9572
9.9458
9.9458
9.9593
9.9593
9.9593
9.9593
9.9593
9.9593
9.954
9.954
9.954
9.954
9.954
9.954
9.954
9.954
9.954
9.954
9.954
9.954
9.954
9.9722
9.9646
9.9646
9.9646
9.9646
9.9646
9.9646
9.9646
9.9646
9.9646
9.9646
9.9646
9.9646
9.9646
9.9646
9.9646
9.9646
9.9646
9.9646
9.9646
9.9646
9.9646
9.9646
9.9646
9.9825
9.9825
9.9825
9.9825
9.9825
9.9825
9.9825
9.9825
9.9825
9.9825
9.9825
9.9825
9.9825
9.9825
9.9825
9.9825
9.9825
9.9825
9.9207
9.9207
9.9207
9.9207
9.9207
9.8586
9.9133
9.8814
9.8814
9.9261
9.9261
9.9261
9.9207
9.9207
9.9207
9.9207
9.8697
9.8697
9.8432
9.8432
9.9125
9.9009
9.9176
9.9176
9.9176
9.9333
9.9333
9.9333
9.9123
9.9123
9.9206
9.9217
9.9562
9.9562
9.9638
9.9638
9.9638
9.9638
9.9638
9.9638
9.9638
9.9638
9.9638
9.9638
9.9638
9.9638
9.9638
9.9638
9.9638
9.9638
9.9554
9.9554
9.9554
9.9554
9.9554
9.9554
9.9166
9.9166
9.9166
9.9166
9.9166
9.9166
9.9166
9.9166
9.9166
9.9347
9.9419
9.9419
9.9419
9.9573
9.9573
9.9573
9.9573
9.9573
9.9573
9.9573
9.9573
9.9573
9.9573
9.9573
9.9573
9.9573
9.9573
9.9573
9.9573
9.9573
9.9573
9.9573
9.9573
9.9573
9.9647
9.9647
9.9647
9.9647
9.9647
9.9647
9.9647
9.9647
9.9647
9.9234
9.9234
9.8822
9.8106
9.9116
9.9116
9.9114
9.9114
9.9249
9.9249
9.9249
9.8724
9.8724
9.9406
9.9406
9.9234
9.9234
9.9234
9.9234
9.9255
9.9255
9.9255
9.9255
9.9239
9.9234
9.8486
9.8735
9.8735
9.8735
9.8507
9.8507
9.8507
9.8507
9.9469
9.9469
9.9469
9.9322
9.9322
9.9322
9.9322
9.9322
9.9322
9.9322
9.9347
9.9347
9.9444
9.9444
9.9444
9.9444
9.9444
9.9453
9.9453
9.9453
9.9453
9.9453
9.9453
9.9453
9.9453
9.9453
9.9453
9.9453
9.9453
9.9453
9.9453
9.9453
9.9517
9.9517
9.9517
9.9517
9.9517
9.9517
9.9517
9.9517
9.9517
9.9517
9.9517
9.9517
9.9517
9.9517
9.9517
9.9517
9.9517
9.9517
9.9517
9.9517
9.9517
9.9517
9.9517
9.9763
9.9763
9.9763
9.9763
9.9763
9.9763
9.9763
9.9763
9.9763
9.9763
9.9763
9.9134
9.9134
9.8822
9.8447
9.876
9.837
9.9114
9.9114
9.9204
9.9204
9.9204
9.8724
9.8724
9.9406
9.9406
9.9438
9.9438
9.9438
9.9438
9.9438
9.9438
9.9438
9.9438
9.9438
9.8885
9.8578
9.8735
9.8735
9.8735
9.8615
9.8615
9.8615
9.8615
9.9469
9.9469
9.9469
9.9322
9.9322
9.9322
9.9322
9.9322
9.9322
9.9322
9.9347
9.9347
9.9444
9.9444
9.9444
9.9444
9.9444
9.9453
9.9453
9.9453
9.9453
9.9453
9.9453
9.9453
9.9453
9.9453
9.9453
9.9453
9.9453
9.9453
9.9453
9.9453
9.9517
9.9517
9.9517
9.9517
9.9517
9.9517
9.9517
9.9517
9.9517
9.9517
9.9517
9.9517
9.9517
9.9517
9.9517
9.9517
9.9517
9.9517
9.9517
9.9517
9.9517
9.9517
9.9517
9.9763
9.9763
9.9763
9.9763
9.9763
9.9763
9.9763
9.9763
9.9763
9.9763
9.9763
9.9035
9.9035
9.8822
9.8703
9.882
9.8925
9.8965
9.8965
9.9296
9.9296
9.9296
9.9192
9.9192
9.9271
9.9271
9.9438
9.9438
9.9438
9.9438
9.9438
9.9438
9.9438
9.9438
9.9438
9.9074
9.9302
9.9302
9.9302
9.9334
9.9334
9.9303
9.9303
9.9303
9.9469
9.9469
9.9469
9.9196
9.9196
9.9383
9.9383
9.9383
9.9383
9.9383
9.9347
9.9347
9.9444
9.9444
9.9444
9.9444
9.9444
9.9453
9.9453
9.9453
9.9453
9.9453
9.9453
9.9453
9.9453
9.9453
9.9453
9.9453
9.9453
9.9453
9.9453
9.9453
9.9517
9.9517
9.9517
9.9517
9.9517
9.9517
9.9517
9.9517
9.9517
9.9517
9.9517
9.9517
9.9517
9.9517
9.9517
9.9517
9.9517
9.9517
9.9517
9.9517
9.9517
9.9517
9.9517
9.9763
9.9763
9.9763
9.9763
9.9763
9.9763
9.9763
9.9763
9.9763
9.9763
9.9763
9.9035
9.9035
9.9423
9.9423
9.9423
9.9423
9.9423
9.9423
9.9443
9.9443
9.9443
9.9427
9.9427
9.9271
9.9271
9.9438
9.9438
9.9438
9.9438
9.9438
9.9438
9.9438
9.9438
9.9438
9.9036
9.9036
9.9036
9.9036
9.9091
9.9382
9.9303
9.9303
9.9303
9.9469
9.9469
9.9469
9.9196
9.9196
9.9383
9.9383
9.9383
9.9383
9.9383
9.9354
9.9354
9.9444
9.9444
9.9444
9.9444
9.9444
9.9453
9.9453
9.9453
9.9453
9.9453
9.9453
9.9453
9.9453
9.9453
9.9453
9.9453
9.9453
9.9453
9.9453
9.9453
9.9464
9.9464
9.9464
9.9464
9.96
9.96
9.96
9.96
9.96
9.96
9.96
9.96
9.96
9.96
9.96
9.96
9.96
9.96
9.96
9.96
9.96
9.96
9.96
9.9763
9.9763
9.9763
9.9763
9.9763
9.9763
9.9763
9.9763
9.9763
9.9763
9.9763
9.8596
9.9043
9.926
9.926
9.926
9.926
9.926
9.9376
9.9443
9.9443
9.9443
9.9427
9.9427
9.9271
9.9271
9.9438
9.9438
9.9438
9.9438
9.9438
9.9438
9.9438
9.9438
9.9438
9.9545
9.9545
9.9545
9.9545
9.9545
9.9545
9.9545
9.9545
9.9545
9.9469
9.9469
9.9469
9.9246
9.9246
9.9383
9.9383
9.9383
9.9383
9.9383
9.9428
9.9428
9.9444
9.9444
9.9444
9.9444
9.9444
9.9453
9.9453
9.9453
9.9453
9.9453
9.9453
9.9453
9.9453
9.9453
9.9453
9.9453
9.9453
9.9453
9.9453
9.9453
9.953
9.953
9.953
9.953
9.96
9.96
9.96
9.96
9.96
9.96
9.96
9.96
9.96
9.96
9.96
9.96
9.96
9.96
9.96
9.96
9.96
9.96
9.96
9.9763
9.9763
9.9763
9.9763
9.9763
9.9763
9.9763
9.9763
9.9763
9.9763
9.9763
9.9133
9.9133
9.9178
9.9178
9.9178
9.9178
9.9178
9.9326
9.8886
9.8886
9.924
9.9566
9.9566
9.9566
9.9566
9.9566
9.9566
9.9566
9.9566
9.9566
9.9566
9.9566
9.9566
9.9566
9.9566
9.9566
9.9419
9.9302
9.9302
9.9302
9.9302
9.9302
9.9302
9.9568
9.9568
9.9568
9.9568
9.9465
9.9465
9.9465
9.9465
9.9465
9.9465
9.9428
9.9428
9.9453
9.9453
9.9453
9.9453
9.9453
9.9453
9.9453
9.9453
9.9453
9.9453
9.9453
9.9453
9.9453
9.9453
9.9453
9.9453
9.9453
9.9453
9.9453
9.9453
9.9532
9.9532
9.9532
9.9532
9.96
9.96
9.96
9.96
9.96
9.96
9.96
9.96
9.96
9.96
9.96
9.96
9.96
9.96
9.96
9.96
9.96
9.96
9.96
9.9355
9.9371
9.9371
9.9371
9.9371
9.9371
9.9371
9.9576
9.9576
9.9576
9.9576
9.9133
9.9133
9.9174
9.9174
9.9174
9.9174
9.9174
9.9214
9.8791
9.8791
9.927
9.9573
9.9573
9.9573
9.9573
9.9573
9.9573
9.9573
9.9573
9.9573
9.9573
9.9573
9.9573
9.9573
9.9573
9.9573
9.9368
9.9368
9.9368
9.9368
9.9368
9.9368
9.9368
9.9568
9.9568
9.9568
9.9568
9.9487
9.9487
9.9487
9.9487
9.9487
9.9487
9.9428
9.9428
9.9453
9.9453
9.9453
9.9453
9.9453
9.9453
9.9453
9.9453
9.9453
9.9453
9.9453
9.9453
9.9453
9.9453
9.9453
9.9453
9.9453
9.9453
9.9453
9.9453
9.9447
9.9447
9.9447
9.9447
9.96
9.96
9.96
9.96
9.96
9.96
9.96
9.96
9.96
9.96
9.96
9.96
9.96
9.96
9.96
9.96
9.96
9.96
9.96
9.9259
9.9392
9.9392
9.9392
9.9392
9.9392
9.9392
9.9576
9.9576
9.9576
9.9576
9.9081
9.9081
9.9314
9.9314
9.9314
9.9314
9.9314
9.9314
9.9168
9.9168
9.9136
9.9417
9.9417
9.9417
9.9417
9.9417
9.9417
9.9417
9.9417
9.9417
9.9417
9.9267
9.9267
9.9267
9.9267
9.9267
9.9366
9.9366
9.9366
9.9366
9.9366
9.9366
9.9366
9.9418
9.947
9.947
9.947
9.9487
9.9487
9.9487
9.9487
9.9487
9.9487
9.9428
9.9428
9.9453
9.9453
9.9453
9.9453
9.9453
9.9453
9.9453
9.9453
9.9453
9.9453
9.9453
9.9453
9.9453
9.9453
9.9453
9.9453
9.9453
9.9453
9.9453
9.9453
9.9505
9.9505
9.9505
9.9505
9.9505
9.9505
9.9505
9.9505
9.9505
9.9569
9.9569
9.9569
9.9569
9.9569
9.9569
9.9569
9.9569
9.9569
9.9569
9.9569
9.9569
9.9569
9.9569
9.9503
9.9503
9.9503
9.9503
9.9503
9.9504
9.9504
9.9397
9.9559
9.9559
9.9559
9.8903
9.913
9.9314
9.9314
9.9314
9.9314
9.9314
9.9314
9.9168
9.9168
9.9136
9.9473
9.9473
9.9473
9.9473
9.9473
9.9473
9.9495
9.9495
9.9495
9.9495
9.9495
9.9495
9.9495
9.9495
9.9495
9.9495
9.9495
9.9495
9.9495
9.9495
9.9495
9.9495
9.9418
9.947
9.947
9.947
9.9575
9.9575
9.9575
9.9575
9.9575
9.9575
9.9575
9.9575
9.9575
9.9575
9.9575
9.965
9.965
9.965
9.965
9.965
9.965
9.965
9.965
9.965
9.965
9.965
9.965
9.965
9.965
9.965
9.965
9.965
9.9505
9.9505
9.9505
9.9505
9.9505
9.9505
9.9505
9.9505
9.9505
9.9569
9.9569
9.9569
9.9569
9.9569
9.9569
9.9569
9.9569
9.9569
9.9569
9.9569
9.9569
9.9569
9.9569
9.9507
9.9507
9.9507
9.9507
9.9507
9.9507
9.9507
9.9507
9.9507
9.9507
9.9507
9.8988
9.8988
9.9314
9.9314
9.9314
9.9314
9.9314
9.9314
9.9533
9.9533
9.9533
9.9473
9.9473
9.9473
9.9473
9.9473
9.9473
9.9495
9.9495
9.9495
9.9495
9.9495
9.9495
9.9495
9.9495
9.9495
9.9495
9.9495
9.9495
9.9495
9.9495
9.9495
9.9495
9.9575
9.9575
9.9575
9.9575
9.9575
9.9575
9.9575
9.9575
9.9575
9.9575
9.9575
9.9575
9.9575
9.9575
9.9575
9.965
9.965
9.965
9.965
9.965
9.965
9.965
9.965
9.965
9.965
9.965
9.965
9.965
9.965
9.965
9.965
9.965
9.9622
9.9622
9.9622
9.9622
9.9622
9.9622
9.9622
9.9622
9.9622
9.9622
9.9622
9.9622
9.9622
9.9622
9.9622
9.9622
9.9622
9.9622
9.9622
9.9622
9.9681
9.9681
9.9681
9.9511
9.9511
9.9511
9.9511
9.9535
9.9535
9.9535
9.9535
9.9535
9.9535
9.9535
9.9219
9.9219
9.9314
9.9314
9.9314
9.9314
9.9314
9.9314
9.9533
9.9533
9.9533
9.9487
9.9487
9.9487
9.9487
9.9487
9.9487
9.9386
9.9386
9.9386
9.9386
9.9399
9.9399
9.9399
9.9399
9.9399
9.9399
9.9399
9.9399
9.9399
9.9399
9.9415
9.9415
9.9575
9.9575
9.9575
9.9575
9.968
9.968
9.968
9.968
9.968
9.968
9.968
9.968
9.968
9.968
9.968
9.968
9.968
9.968
9.968
9.968
9.968
9.968
9.968
9.968
9.968
9.968
9.968
9.968
9.968
9.968
9.968
9.968
9.9622
9.9622
9.9622
9.9622
9.9622
9.9622
9.9622
9.9622
9.9622
9.9622
9.9622
9.9622
9.9622
9.9622
9.9622
9.9622
9.9622
9.9622
9.9622
9.9622
9.9681
9.9681
9.9681
9.9613
9.9613
9.9613
9.9613
9.9613
9.9613
9.9613
9.9599
9.9599
9.9599
9.9599
9.9221
9.9221
9.9314
9.9314
9.9314
9.9314
9.9314
9.9314
9.9644
9.9644
9.9644
9.9644
9.9644
9.9644
9.9644
9.9644
9.9644
9.9644
9.9644
9.9644
9.9644
9.9644
9.9644
9.9644
9.9644
9.9644
9.9644
9.9644
9.9644
9.9644
9.9644
9.9644
9.9644
9.9575
9.9575
9.9575
9.9575
9.968
9.968
9.968
9.968
9.968
9.968
9.968
9.968
9.968
9.968
9.968
9.968
9.968
9.968
9.968
9.968
9.968
9.968
9.968
9.968
9.968
9.968
9.968
9.968
9.968
9.968
9.968
9.968
9.967
9.967
9.967
9.967
9.967
9.967
9.967
9.967
9.967
9.967
9.967
9.967
9.967
9.967
9.967
9.967
9.967
9.967
9.967
9.961
9.9681
9.9681
9.9681
9.9613
9.9613
9.9613
9.9613
9.9613
9.9613
9.9613
9.9599
9.9599
9.9599
9.9599
9.9527
9.9527
9.9527
9.9527
9.9527
9.944
9.944
9.944
9.9624
9.9624
9.9624
9.9624
9.9624
9.9624
9.9624
9.9624
9.9624
9.9624
9.9624
9.9624
9.9624
9.9624
9.9624
9.9624
9.9624
9.9624
9.9624
9.9624
9.9624
9.9624
9.9624
9.9624
9.9767
9.9767
9.9767
9.9784
9.9784
9.9784
9.9784
9.9784
9.9784
9.9784
9.9784
9.975
9.975
9.975
9.975
9.975
9.975
9.975
9.975
9.975
9.975
9.975
9.975
9.9783
9.9783
9.9783
9.9783
9.9783
9.9783
9.9385
9.9385
9.9385
9.9385
9.9385
9.9385
9.9385
9.9385
9.9385
9.9372
9.9372
9.9372
9.9372
9.9372
9.9372
9.9372
9.9372
9.9372
9.9372
9.9372
9.9372
9.9372
9.9372
9.9372
9.9372
9.9372
9.9314
9.9314
9.9314
9.9314
9.9314
9.9327
9.9327
9.9327
9.9327
9.9581
9.9581
9.9581
9.9212
9.9212
9.9212
9.9579
9.9579
9.9579
9.9001
9.9001
9.9001
9.9001
9.9001
9.9304
9.9461
9.9461
9.9461
9.9461
9.9461
9.9461
9.9461
9.9461
9.9461
9.9461
9.9461
9.9461
9.9461
9.9461
9.9384
9.9384
9.9384
9.9384
9.9384
9.9384
9.9494
9.9494
9.9494
9.9784
9.9784
9.9784
9.9784
9.9784
9.9784
9.9784
9.9784
9.975
9.975
9.975
9.975
9.975
9.975
9.975
9.975
9.975
9.975
9.975
9.975
9.9783
9.9783
9.9783
9.9783
9.9783
9.9783
9.9574
9.9574
9.9574
9.9574
9.9574
9.9574
9.9574
9.9574
9.9574
9.9574
9.9574
9.9574
9.9574
9.9574
9.9574
9.9574
9.9574
9.9504
9.9504
9.9504
9.9504
9.9504
9.9504
9.9504
9.9504
9.9504
9.9504
9.9504
9.9504
9.9504
9.9504
9.9504
9.9504
9.9504
9.9504
9.9581
9.9581
9.9581
9.9216
9.9216
9.9216
9.9579
9.9579
9.9579
9.9001
9.9001
9.9001
9.9001
9.9001
9.9304
9.9461
9.9461
9.9461
9.9461
9.9461
9.9461
9.9461
9.9461
9.9461
9.9461
9.9461
9.9461
9.9461
9.9461
9.9494
9.9494
9.9494
9.9494
9.9494
9.9494
9.9494
9.9494
9.9494
9.9612
9.9612
9.9763
9.9763
9.9763
9.9763
9.9763
9.9763
9.9763
9.9763
9.9763
9.9763
9.9763
9.9763
9.9763
9.9763
9.9739
9.9739
9.9739
9.9739
9.9739
9.9739
9.9739
9.9739
9.9739
9.9739
9.9574
9.9574
9.9574
9.9574
9.9574
9.9574
9.9574
9.9574
9.9574
9.9574
9.9574
9.9574
9.9574
9.9574
9.9574
9.9574
9.9574
9.9504
9.9504
9.9504
9.9504
9.9504
9.9504
9.9504
9.9504
9.9504
9.9504
9.9504
9.9504
9.9504
9.9504
9.9504
9.9504
9.9504
9.9504
9.9581
9.9581
9.9581
9.9588
9.9588
9.9588
9.9362
9.9362
9.9362
9.9362
9.9362
9.9362
9.9362
9.9362
9.9404
9.9404
9.9404
9.9404
9.9404
9.9404
9.9404
9.9404
9.9404
9.9404
9.9404
9.9404
9.9404
9.9404
9.9404
9.9404
9.9404
9.9404
9.9404
9.9404
9.9707
9.9747
9.9747
9.9747
9.9747
9.9747
9.9747
9.9747
9.9747
9.9747
9.9747
9.9725
9.9725
9.9725
9.9725
9.9725
9.9725
9.9725
9.9725
9.9725
9.9725
9.9725
9.9725
9.9591
9.9591
9.9591
9.9591
9.9591
9.9591
9.9591
9.9749
9.9749
9.9749
9.9749
9.9749
9.9749
9.9749
9.9749
9.9749
9.9612
9.9612
9.9612
9.9612
9.9612
9.9612
9.9612
9.9612
9.9612
9.9612
9.9612
9.9612
9.9612
9.9525
9.9525
9.9525
9.9525
9.9525
9.9525
9.9525
9.9525
9.9525
9.9525
9.9525
9.9573
9.9573
9.9573
9.9573
9.9573
9.9588
9.9588
9.9588
9.9362
9.9362
9.9362
9.9362
9.9362
9.9362
9.9362
9.9362
9.9404
9.9404
9.9404
9.9404
9.9404
9.9404
9.9404
9.9404
9.9404
9.9404
9.9404
9.9404
9.9404
9.9404
9.9404
9.9404
9.9404
9.9404
9.9404
9.9404
9.9707
9.9747
9.9747
9.9747
9.9747
9.9747
9.9747
9.9747
9.9747
9.9747
9.9747
9.9725
9.9725
9.9725
9.9725
9.9725
9.9725
9.9725
9.9725
9.9725
9.9725
9.9725
9.9725
9.9591
9.9591
9.9591
9.9591
9.9591
9.9591
9.9591
9.9749
9.9749
9.9749
9.9749
9.9749
9.9749
9.9749
9.9749
9.9749
9.9612
9.9612
9.9612
9.9612
9.9612
9.9612
9.9612
9.9612
9.9612
9.9612
9.9612
9.9612
9.9612
9.9525
9.9525
9.9525
9.9525
9.9525
9.9525
9.9525
9.9525
9.9525
9.9525
9.9525
9.9573
9.9573
9.9573
9.9573
9.9573
9.9634
9.9634
9.9634
9.907
9.9148
9.9148
9.9148
9.9148
9.9148
9.9482
9.9482
9.9482
9.9482
9.9482
9.9482
9.9482
9.9482
9.9482
9.9482
9.9482
9.9482
9.9482
9.9482
9.9482
9.9482
9.9482
9.9482
9.9482
9.9482
9.9482
9.9482
9.9707
9.9747
9.9747
9.9747
9.9747
9.9747
9.9747
9.9747
9.9747
9.9747
9.9747
9.957
9.957
9.957
9.957
9.957
9.957
9.957
9.957
9.9727
9.9727
9.9727
9.9727
9.9727
9.9727
9.9727
9.9727
9.9727
9.9727
9.9727
9.9727
9.9727
9.9727
9.9727
9.9727
9.9727
9.9727
9.9727
9.9727
9.9612
9.9612
9.9612
9.9612
9.9612
9.9612
9.9612
9.9612
9.9612
9.9612
9.9612
9.9612
9.9612
9.9525
9.9525
9.9525
9.9525
9.9525
9.9525
9.9525
9.9525
9.9525
9.9525
9.9525
9.9573
9.9573
9.9573
9.9573
9.9573
9.9634
9.9634
9.9634
9.9171
9.9171
9.9171
9.9171
9.9171
9.9171
9.915
9.915
9.915
9.9175
9.9175
9.9262
9.9262
9.9262
9.9262
9.9262
9.9262
9.9262
9.9262
9.9262
9.9262
9.9237
9.9237
9.9237
9.9237
9.9237
9.9237
9.9237
9.9707
9.9747
9.9747
9.9747
9.9747
9.9747
9.9747
9.9747
9.9747
9.9747
9.9747
9.9727
9.9727
9.9727
9.9727
9.9727
9.9727
9.9727
9.9727
9.9765
9.9765
9.9765
9.9765
9.9765
9.9765
9.9765
9.9765
9.9765
9.9765
9.9765
9.9765
9.9765
9.9765
9.9765
9.9765
9.9765
9.9765
9.9765
9.9765
9.9612
9.9612
9.9612
9.9612
9.9612
9.9612
9.9612
9.9612
9.9612
9.9612
9.9612
9.9612
9.9612
9.9525
9.9525
9.9525
9.9525
9.9525
9.9525
9.9525
9.9525
9.9525
9.9525
9.9525
9.9573
9.9573
9.9573
9.9573
9.9573
9.9635
9.9635
9.9635
9.9635
9.9635
9.9635
9.9635
9.9635
9.9635
9.9635
9.9635
9.9635
9.9635
9.9635
9.9635
9.9635
9.9659
9.9659
9.9659
9.9659
9.9659
9.9659
9.9659
9.9659
9.9659
9.9659
9.9659
9.9659
9.9659
9.9659
9.9659
9.9659
9.9659
9.9659
9.9645
9.9645
9.9645
9.9645
9.9645
9.9645
9.9645
9.9645
9.9727
9.9727
9.9727
9.9727
9.9727
9.9727
9.9727
9.9727
9.9765
9.9765
9.9765
9.9765
9.9765
9.9765
9.9765
9.9765
9.9765
9.9765
9.9765
9.9765
9.9765
9.9765
9.9765
9.9765
9.9765
9.9765
9.9765
9.9765
9.9612
9.9612
9.9612
9.9612
9.9612
9.9612
9.9612
9.9612
9.9612
9.9612
9.9612
9.9612
9.9612
9.9506
9.9506
9.9506
9.9506
9.9506
9.9506
9.9532
9.9532
9.9532
9.9532
9.9532
9.9573
9.9573
9.9573
9.9573
9.9573
9.9506
9.9506
9.9544
9.9544
9.9544
9.9544
9.9198
9.9198
9.9198
9.9198
9.9198
9.9198
9.9515
9.9557
9.9557
9.9557
9.9557
9.9557
9.9557
9.9557
9.9557
9.9557
9.9557
9.9557
9.9557
9.9557
9.9557
9.9557
9.9557
9.9557
9.9557
9.9557
9.9557
9.9557
9.9557
9.9557
9.9557
9.9557
9.9557
9.9557
9.9557
9.9557
9.9727
9.9727
9.9727
9.9727
9.9727
9.9727
9.9727
9.9727
9.9765
9.9765
9.9765
9.9765
9.9765
9.9765
9.9765
9.9765
9.9765
9.9765
9.9765
9.9765
9.9765
9.9765
9.9765
9.9765
9.9765
9.9765
9.9765
9.9765
9.9612
9.9612
9.9612
9.9612
9.9612
9.9612
9.9612
9.9612
9.9612
9.9612
9.9612
9.9612
9.9612
9.9506
9.9506
9.9506
9.9506
9.9506
9.9506
9.9532
9.9532
9.9532
9.9532
9.9532
9.9573
9.9573
9.9573
9.9573
9.9573
9.9469
9.9469
9.9682
9.9682
9.9682
9.9682
9.9682
9.9682
9.9682
9.9682
9.9682
9.9682
9.9682
9.9484
9.9484
9.9484
9.9484
9.9484
9.9484
9.9484
9.9484
9.9484
9.9484
9.9484
9.9484
9.9484
9.9484
9.9484
9.9484
9.9484
9.9484
9.9484
9.9484
9.9484
9.9484
9.9484
9.9484
9.9484
9.9484
9.9484
9.9484
9.9484
9.9782
9.9782
9.9782
9.9782
9.9782
9.9782
9.9782
9.9782
9.9782
9.9782
9.9782
9.9782
9.9782
9.9782
9.9782
9.9782
9.9782
9.9782
9.9782
9.9782
9.9782
9.9782
9.9782
9.9782
9.9782
9.9782
9.9782
9.9782
9.9782
9.9782
9.9782
9.9782
9.9782
9.9782
9.9782
9.9782
9.9782
9.9782
9.9782
9.9782
9.9782
9.9782
9.9782
9.9782
9.9782
9.9782
9.9782
9.9782
9.9782
9.9782
9.9782
9.9782
9.9782
9.9782
9.9782
9.9782
9.9782
9.9469
9.9469
9.9682
9.9682
9.9682
9.9682
9.9682
9.9682
9.9682
9.9682
9.9682
9.9682
9.9682
9.9484
9.9484
9.9484
9.9484
9.9484
9.9484
9.9484
9.9484
9.9484
9.9484
9.9484
9.9484
9.9484
9.9484
9.9484
9.9484
9.9484
9.9484
9.9484
9.9484
9.9484
9.9484
9.9484
9.9484
9.9484
9.9484
9.9484
9.9484
9.9484
9.9782
9.9782
9.9782
9.9782
9.9782
9.9782
9.9782
9.9782
9.9782
9.9782
9.9782
9.9782
9.9782
9.9782
9.9782
9.9782
9.9782
9.9782
9.9782
9.9782
9.9782
9.9782
9.9782
9.9782
9.9782
9.9782
9.9782
9.9782
9.9782
9.9782
9.9782
9.9782
9.9782
9.9782
9.9782
9.9782
9.9782
9.9782
9.9782
9.9782
9.9782
9.9782
9.9782
9.9782
9.9782
9.9782
9.9782
9.9782
9.9782
9.9782
9.9782
9.9782
9.9782
9.9782
9.9782
9.9782
9.9782
9.9736
9.9736
9.9736
9.9736
9.9736
9.9736
9.9561
9.9865
9.9865
9.9865
9.9865
9.9865
9.9865
9.9865
9.9865
9.9865
9.9865
9.9865
9.9865
9.9865
9.9865
9.9865
9.9865
9.9865
9.9865
9.9865
9.9865
9.9865
9.9865
9.9865
9.9865
9.9865
9.9865
9.9865
9.9865
9.9865
9.9865
9.9865
9.9865
9.9865
9.9865
9.9865
9.9865
9.9865
9.9865
9.9865
9.9865
9.9865
9.9865
9.9865
9.9865
9.9865
9.9865
9.9865
9.9865
9.9865
9.9865
9.9865
9.9865
9.9865
9.9785
9.9785
9.9785
9.9785
9.9785
9.9785
9.9785
9.9785
9.9785
9.9785
9.9785
9.9785
9.9785
9.9785
9.9785
9.9785
9.9785
9.9785
9.9785
9.9785
9.9785
9.9785
9.9785
9.9747
9.9747
9.9747
9.9747
9.9747
9.9747
9.9747
9.9747
9.9747
9.9747
9.9747
9.9747
9.9747
9.9747
9.9747
9.9747
9.9736
9.9736
9.9736
9.9736
9.9736
9.9736
9.9561
9.9865
9.9865
9.9865
9.9865
9.9865
9.9865
9.9865
9.9865
9.9865
9.9865
9.9865
9.9865
9.9865
9.9865
9.9865
9.9865
9.9865
9.9865
9.9865
9.9865
9.9865
9.9865
9.9865
9.9865
9.9865
9.9865
9.9865
9.9865
9.9865
9.9865
9.9865
9.9865
9.9865
9.9865
9.9865
9.9865
9.9865
9.9865
9.9865
9.9865
9.9865
9.9865
9.9865
9.9865
9.9865
9.9865
9.9865
9.9865
9.9865
9.9865
9.9865
9.9865
9.9865
9.9785
9.9785
9.9785
9.9785
9.9785
9.9785
9.9785
9.9785
9.9785
9.9785
9.9785
9.9785
9.9785
9.9785
9.9785
9.9785
9.9785
9.9785
9.9785
9.9785
9.9785
9.9785
9.9785
9.9747
9.9747
9.9747
9.9747
9.9747
9.9747
9.9747
9.9747
9.9747
9.9747
9.9747
9.9747
9.9747
9.9747
9.9747
9.9747
9.9619
9.9619
9.9619
9.9619
9.9619
9.9619
9.9728
9.9865
9.9865
9.9865
9.9865
9.9865
9.9865
9.9865
9.9865
9.9865
9.9865
9.9865
9.9865
9.9865
9.9865
9.9865
9.9865
9.9865
9.9865
9.9865
9.9865
9.9865
9.9865
9.9865
9.9865
9.9865
9.9865
9.9865
9.9865
9.9865
9.9865
9.9865
9.9865
9.9865
9.9865
9.9865
9.9865
9.9865
9.9865
9.9865
9.9865
9.9865
9.9865
9.9865
9.9865
9.9865
9.9865
9.9865
9.9865
9.9865
9.9865
9.9865
9.9865
9.9865
9.9785
9.9785
9.9785
9.9785
9.9785
9.9785
9.9785
9.9785
9.9785
9.9785
9.9785
9.9785
9.9785
9.9785
9.9785
9.9785
9.9785
9.9785
9.9785
9.9785
9.9785
9.9785
9.9785
9.9747
9.9747
9.9747
9.9747
9.9747
9.9747
9.9747
9.9747
9.9747
9.9747
9.9747
9.9747
9.9747
9.9747
9.9747
9.9747
9.9619
9.9619
9.9619
9.9619
9.9619
9.9619
9.9728
9.9865
9.9865
9.9865
9.9865
9.9865
9.9865
9.9865
9.9865
9.9865
9.9865
9.9865
9.9865
9.9865
9.9865
9.9865
9.9865
9.9865
9.9865
9.9865
9.9865
9.9865
9.9865
9.9865
9.9865
9.9865
9.9865
9.9865
9.9865
9.9865
9.9865
9.9865
9.9865
9.9865
9.9865
9.9865
9.9865
9.9865
9.9865
9.9865
9.9865
9.9865
9.9865
9.9865
9.9865
9.9865
9.9865
9.9865
9.9865
9.9865
9.9865
9.9865
9.9865
9.9865
9.9785
9.9785
9.9785
9.9785
9.9785
9.9785
9.9785
9.9785
9.9785
9.9785
9.9785
9.9785
9.9785
9.9785
9.9785
9.9785
9.9785
9.9785
9.9785
9.9785
9.9785
9.9785
9.9785
9.9747
9.9747
9.9747
9.9747
9.9747
9.9747
9.9747
9.9747
9.9747
9.9747
9.9747
9.9747
9.9747
9.9747
9.9747
9.9747
9.9782
9.9782
9.9782
9.9782
9.9782
9.9782
9.9838
9.9865
9.9865
9.9865
9.9865
9.9865
9.9865
9.9865
9.9865
9.9865
9.9865
9.9865
9.9865
9.9865
9.9865
9.9865
9.9865
9.9865
9.9865
9.9858
9.9858
9.9858
9.9858
9.9858
9.9858
9.9858
9.9858
9.9858
9.9858
9.9858
9.9858
9.9858
9.9859
9.9859
9.9859
9.9859
9.9859
9.9859
9.9887
9.9887
9.9887
9.9887
9.9887
9.9887
9.9887
9.9887
9.9887
9.9887
9.9887
9.9887
9.9887
9.9887
9.9887
9.9887
9.9887
9.9887
9.9887
9.9887
9.9887
9.9887
9.9887
9.9887
9.9887
9.9887
9.9887
9.9887
9.9887
9.9887
9.9887
9.9887
9.9887
9.9887
9.9887
9.9887
9.9887
9.9887
9.9887
9.9881
9.9881
9.9881
9.9881
9.9881
9.9881
9.9881
9.9881
9.9881
9.9881
9.9881
9.9881
9.9881
9.9881
9.9881
9.9881
9.9829
9.9829
9.9829
9.9829
9.9829
9.9829
9.9838
9.9649
9.9755
9.9755
9.9755
9.9755
9.9755
9.9788
9.9788
9.9788
9.9788
9.9788
9.9788
9.9788
9.9788
9.9788
9.9788
9.9788
9.9788
9.9788
9.9788
9.9788
9.9788
9.9788
9.9788
9.9788
9.9788
9.9788
9.9807
9.9807
9.9807
9.9807
9.9807
9.9807
9.9807
9.9807
9.9807
9.9774
9.9774
9.9774
9.9774
9.9833
9.9833
9.9833
9.9833
9.9833
9.9833
9.9833
9.9833
9.9833
9.9833
9.9833
9.9833
9.9833
9.9833
9.9833
9.9833
9.9833
9.9833
9.9833
9.9833
9.9829
9.9829
9.9829
9.9829
9.9829
9.9829
9.9829
9.9829
9.9829
9.9829
9.9829
9.9829
9.9829
9.9829
9.9829
9.9829
9.9839
9.9839
9.9887
9.9887
9.9887
9.9887
9.9887
9.9887
9.9887
9.9887
9.9887
9.9887
9.9887
9.9887
9.9887
9.9887
9.9829
9.9829
9.9829
9.9829
9.9829
9.9829
9.9838
9.9814
9.9814
9.9814
9.9814
9.9814
9.9814
9.9814
9.9814
9.9814
9.9814
9.9814
9.9814
9.9814
9.9814
9.9814
9.9814
9.9814
9.9814
9.9865
9.9865
9.9865
9.9865
9.9865
9.9865
9.9865
9.991
9.991
9.991
9.991
9.991
9.991
9.991
9.991
9.991
9.991
9.991
9.991
9.991
9.991
9.991
9.991
9.991
9.991
9.991
9.991
9.991
9.991
9.991
9.991
9.991
9.991
9.991
9.991
9.991
9.991
9.991
9.991
9.991
9.991
9.991
9.991
9.991
9.991
9.991
9.991
9.991
9.991
9.991
9.991
9.991
9.991
9.991
9.991
9.991
9.991
9.991
9.991
9.991
9.991
9.991
9.991
9.991
9.991
9.991
9.991
9.991
9.991
9.991
9.991
9.991
9.991
9.991
9.9829
9.9829
9.9829
9.9829
9.9829
9.9829
9.9838
9.9825
9.9825
9.9825
9.9825
9.9825
9.9825
9.9825
9.9825
9.9825
9.9825
9.9825
9.9825
9.9825
9.9825
9.9825
9.9825
9.9825
9.9825
9.9865
9.9865
9.9865
9.9865
9.9865
9.9865
9.9865
9.991
9.991
9.991
9.991
9.991
9.991
9.991
9.991
9.991
9.991
9.991
9.991
9.991
9.991
9.991
9.991
9.991
9.991
9.991
9.991
9.991
9.991
9.991
9.991
9.991
9.991
9.991
9.991
9.991
9.991
9.991
9.991
9.991
9.991
9.991
9.991
9.991
9.991
9.991
9.991
9.991
9.991
9.991
9.991
9.991
9.991
9.991
9.991
9.991
9.991
9.991
9.991
9.991
9.991
9.991
9.991
9.991
9.991
9.991
9.991
9.991
9.991
9.991
9.991
9.991
9.991
9.991
9.9829
9.9829
9.9829
9.9829
9.9829
9.9829
9.9838
9.9825
9.9825
9.9825
9.9825
9.9825
9.9825
9.9825
9.9825
9.9825
9.9825
9.9825
9.9825
9.9825
9.9825
9.9825
9.9825
9.9825
9.9825
9.9865
9.9865
9.9865
9.9865
9.9865
9.9865
9.9865
9.991
9.991
9.991
9.991
9.991
9.991
9.991
9.991
9.991
9.991
9.991
9.991
9.991
9.991
9.991
9.991
9.991
9.991
9.991
9.991
9.991
9.991
9.991
9.991
9.991
9.991
9.991
9.991
9.991
9.991
9.991
9.991
9.991
9.991
9.991
9.991
9.991
9.991
9.991
9.991
9.991
9.991
9.991
9.991
9.991
9.991
9.991
9.991
9.991
9.991
9.991
9.991
9.991
9.991
9.991
9.991
9.991
9.991
9.991
9.991
9.991
9.991
9.991
9.991
9.991
9.991
9.991
9.9829
9.9829
9.9829
9.9829
9.9829
9.9829
9.9838
9.9825
9.9825
9.9825
9.9825
9.9825
9.9825
9.9825
9.9825
9.9825
9.9825
9.9825
9.9825
9.9825
9.9825
9.9825
9.9825
9.9825
9.9825
9.991
9.991
9.991
9.991
9.991
9.991
9.991
9.991
9.991
9.991
9.991
9.991
9.991
9.991
9.991
9.991
9.991
9.991
9.991
9.991
9.991
9.991
9.991
9.991
9.991
9.991
9.991
9.991
9.991
9.991
9.991
9.991
9.991
9.991
9.991
9.991
9.991
9.991
9.991
9.991
9.991
9.991
9.991
9.991
9.991
9.991
9.991
9.991
9.991
9.991
9.991
9.991
9.991
9.991
9.991
9.991
9.991
9.991
9.991
9.991
9.991
9.991
9.991
9.991
9.991
9.991
9.991
9.991
9.991
9.991
9.991
9.991
9.991
9.991
9.9871
9.9871
9.9871
9.9871
9.9871
9.9871
9.986
9.9872
9.9872
9.9872
9.9872
9.9872
9.9872
9.9872
9.9872
9.9872
9.9872
9.9872
9.9872
9.9872
9.9872
9.9872
9.9872
9.9872
9.9879
9.991
9.991
9.991
9.991
9.991
9.991
9.991
9.991
9.991
9.991
9.991
9.991
9.991
9.991
9.991
9.991
9.991
9.991
9.991
9.991
9.991
9.991
9.991
9.991
9.991
9.991
9.991
9.991
9.991
9.991
9.991
9.991
9.991
9.991
9.991
9.991
9.991
9.991
9.991
9.991
9.991
9.991
9.991
9.991
9.991
9.991
9.991
9.991
9.991
9.991
9.991
9.991
9.991
9.991
9.991
9.991
9.991
9.991
9.991
9.991
9.991
9.991
9.991
9.991
9.991
9.991
9.991
9.991
9.991
9.991
9.991
9.991
9.991
9.991
9.9871
9.9871
9.9871
9.9871
9.9871
9.9871
9.986
9.9872
9.9872
9.9872
9.9872
9.9872
9.9872
9.9872
9.9872
9.9872
9.9872
9.9872
9.9872
9.9872
9.9872
9.9872
9.9872
9.9872
9.9879
9.991
9.991
9.991
9.991
9.991
9.991
9.991
9.991
9.991
9.991
9.991
9.991
9.991
9.991
9.991
9.991
9.991
9.991
9.991
9.991
9.991
9.991
9.991
9.991
9.991
9.991
9.991
9.991
9.991
9.991
9.991
9.991
9.991
9.991
9.991
9.991
9.991
9.991
9.991
9.991
9.991
9.991
9.991
9.991
9.991
9.991
9.991
9.991
9.991
9.991
9.991
9.991
9.991
9.991
9.991
9.991
9.991
9.991
9.991
9.991
9.991
9.991
9.991
9.991
9.991
9.991
9.991
9.991
9.991
9.991
9.991
9.991
9.991
9.991
9.9871
9.9871
9.9871
9.9871
9.9871
9.9871
9.986
9.9872
9.9872
9.9872
9.9872
9.9872
9.9872
9.9872
9.9872
9.9872
9.9872
9.9872
9.9872
9.9872
9.9872
9.9872
9.9872
9.9872
9.9879
9.991
9.991
9.991
9.991
9.991
9.991
9.991
9.991
9.991
9.991
9.991
9.991
9.991
9.991
9.991
9.991
9.991
9.991
9.991
9.991
9.991
9.991
9.991
9.991
9.991
9.991
9.991
9.991
9.991
9.991
9.991
9.991
9.991
9.991
9.991
9.991
9.991
9.991
9.991
9.991
9.991
9.991
9.991
9.991
9.991
9.991
9.991
9.991
9.991
9.991
9.991
9.991
9.991
9.991
9.991
9.991
9.991
9.991
9.991
9.991
9.991
9.991
9.991
9.991
9.991
9.991
9.991
9.991
9.991
9.991
9.991
9.991
9.991
9.991
9.9871
9.9871
9.9871
9.9871
9.9871
9.9871
9.986
9.9872
9.9872
9.9872
9.9872
9.9872
9.9872
9.9872
9.9872
9.9872
9.9872
9.9872
9.9872
9.9872
9.9872
9.9872
9.9872
9.9872
9.9879
9.991
9.991
9.991
9.991
9.991
9.991
9.991
9.991
9.991
9.991
9.991
9.991
9.991
9.991
9.991
9.991
9.991
9.991
9.991
9.991
9.991
9.991
9.991
9.991
9.991
9.991
9.991
9.991
9.991
9.991
9.991
9.991
9.991
9.991
9.991
9.991
9.991
9.991
9.991
9.991
9.991
9.991
9.991
9.991
9.991
9.991
9.991
9.991
9.991
9.991
9.991
9.991
9.991
9.991
9.991
9.991
9.991
9.991
9.991
9.991
9.991
9.991
9.991
9.991
9.991
9.991
9.991
9.991
9.991
9.991
9.991
9.991
9.991
9.991
9.9871
9.9871
9.9871
9.9871
9.9871
9.9871
9.986
9.9872
9.9872
9.9872
9.9872
9.9872
9.9872
9.9872
9.9872
9.9872
9.9872
9.9872
9.9872
9.9872
9.9872
9.9872
9.9872
9.9872
9.9879
9.991
9.991
9.991
9.991
9.991
9.991
9.991
9.991
9.991
9.991
9.991
9.991
9.991
9.991
9.991
9.991
9.991
9.991
9.991
9.991
9.991
9.991
9.991
9.991
9.991
9.991
9.991
9.991
9.991
9.991
9.991
9.991
9.991
9.991
9.991
9.991
9.991
9.991
9.991
9.991
9.991
9.991
9.991
9.991
9.991
9.991
9.991
9.991
9.991
9.991
9.991
9.991
9.991
9.991
9.991
9.991
9.991
9.991
9.991
9.991
9.991
9.991
9.991
9.991
9.991
9.991
9.991
9.991
9.991
9.991
9.991
9.991
9.991
9.991
9.9871
9.9871
9.9871
9.9871
9.9871
9.9871
9.986
9.9872
9.9872
9.9872
9.9872
9.9872
9.9872
9.9872
9.9872
9.9872
9.9872
9.9872
9.9872
9.9872
9.9872
9.9872
9.9872
9.9872
9.9879
9.991
9.991
9.991
9.991
9.991
9.991
9.991
9.991
9.991
9.991
9.991
9.991
9.991
9.991
9.991
9.991
9.991
9.991
9.991
9.991
9.991
9.991
9.991
9.991
9.991
9.991
9.991
9.991
9.991
9.991
9.991
9.991
9.991
9.991
9.991
9.991
9.991
9.991
9.991
9.991
9.991
9.991
9.991
9.991
9.991
9.991
9.991
9.991
9.991
9.991
9.991
9.991
9.991
9.991
9.991
9.991
9.991
9.991
9.991
9.991
9.991
9.991
9.991
9.991
9.991
9.991
9.991
9.991
9.991
9.991
9.991
9.991
9.991
9.991
