9801

1.5
1.5
1.50794
1.52069
1.53145
1.53067
1.59845
1.53902
1.58333
1.62308
1.71754
1.79242
1.64334
1.6761
1.87059
1.8726
1.94757
1.95074
1.95561
1.99028
1.9495
1.94914
1.97523
1.96583
2.06643
2.19271
2.38177
2.47886
2.52423
2.48562
2.38208
2.44578
2.55789
2.69437
2.65702
2.63871
2.70759
2.81959
2.75977
2.88956
2.88235
3.03518
3.14706
3.28801
3.44592
3.35282
3.36451
3.37024
3.2929
3.32471
3.57493
3.66068
3.7801
3.7113
3.73659
3.76193
3.74437
3.67463
3.59951
3.67443
3.94384
4.0384
4.24943
4.49261
4.35934
4.51275
4.49649
4.72818
4.68672
4.95175
5.06395
5.15684
5.30943
5.68188
5.54183
5.60867
5.69051
5.58276
5.42084
5.71139
5.86509
5.71681
5.76269
5.72473
5.97995
6.09786
5.9028
6.46938
6.33857
5.97882
6.79192
7.02862
6.90418
7.20464
7.64331
7.87559
8.46275
7.85544
8.86675
1.50621
1.52198
1.53646
1.55189
1.54825
1.6281
1.7
1.66906
1.59032
1.59422
1.61041
1.60979
1.63315
1.83416
1.74272
1.71759
1.75847
1.7364
1.83528
1.97963
1.89016
1.92268
1.87543
1.88748
2.00081
2.05061
2.15854
2.1766
2.1365
2.16024
2.18457
2.30632
2.30446
2.49004
2.72975
2.59547
2.68471
2.85
2.95209
2.91592
2.75647
2.73319
2.81377
3.23998
3.09682
2.98447
2.99223
3.02471
2.97947
3.13771
3.21917
3.31876
3.53678
3.65178
3.6519
3.73096
3.66556
3.72037
3.84176
4.06587
4.49627
4.60632
4.71219
4.92766
4.36496
4.36671
4.55153
4.65178
4.72757
4.84231
4.93689
4.90146
4.85123
5.0843
4.79534
4.78653
5.11471
5.19964
5.2473
5.45606
5.52581
5.62603
5.34705
5.1437
5.13712
5.46705
5.3616
5.6161
6.04475
5.91648
6.80637
7.19558
7.5643
7.83017
7.52094
7.65047
7.9703
7.34911
7.89796
1.54955
1.57692
1.54059
1.62857
1.57213
1.54308
1.56061
1.58455
1.59392
1.55556
1.59732
1.57637
1.58764
1.79614
1.77216
1.79459
1.75819
1.73917
1.82682
1.85472
1.96078
1.80164
1.83909
1.84531
1.88791
1.9111
2.09264
2.11528
2.18612
2.31748
2.39109
2.41315
2.36651
2.46009
2.61785
2.50662
2.59783
2.86237
2.81111
2.89293
2.97395
2.91224
2.9437
3.14117
2.97354
2.95921
2.83303
2.81863
2.91068
3.01554
3.01884
2.98401
3.34846
3.27162
3.26923
3.26917
3.42935
3.39438
3.64223
3.83763
3.92289
3.98581
3.89106
3.94552
3.87812
3.92213
4.11883
4.38517
4.45624
4.67016
4.86192
4.85035
4.84444
4.89246
4.42284
4.49371
4.66324
4.9592
4.99296
5.33864
5.41916
5.56084
5.64317
5.68816
5.7789
6.09174
6.10296
6.95265
6.24871
5.9068
6.46066
6.65937
6.97774
7.13931
7.54392
7.40195
7.43951
7.15217
7.60144
1.60191
1.57362
1.62202
1.61911
1.66796
1.6604
1.7201
1.67056
1.63808
1.66
1.54792
1.60021
1.65248
1.72677
1.75645
1.71478
1.70388
1.80609
1.80699
1.83579
1.9023
1.86261
1.88966
2.01771
2.05894
2.00454
2.14994
2.18922
2.36148
2.48443
2.48811
2.53674
2.55145
2.52664
2.6863
2.75286
2.72814
2.82964
2.75473
2.97834
3.01237
2.94096
2.97619
3.28196
3.05603
3.11395
3.27291
3.46163
3.35738
3.3435
3.37618
3.20233
3.31138
3.27916
3.17941
3.22175
3.61536
3.5794
3.77759
3.96849
4.07181
4.56149
4.44392
4.44719
4.41516
4.52599
4.82391
4.74302
4.81796
5.21967
5.18847
4.99219
5.14815
5.33224
5.58594
5.75316
5.40279
5.84268
6.26709
6.32906
6.63487
6.77034
6.62493
6.73382
6.70196
6.30913
6.36117
6.63244
6.77524
6.53443
7.59597
6.70633
6.81456
7.83851
7.37391
8.57674
8.13492
8.20245
8.47684
1.67755
1.68049
1.72512
1.62993
1.617
1.70954
1.7198
1.69574
1.82381
1.77941
1.73297
1.76937
1.65146
1.73038
1.8522
1.84925
1.78675
1.77374
1.88115
1.99067
2.07181
2.00958
1.97561
1.95773
1.94378
2.12901
2.29838
2.27062
2.41991
2.41503
2.23441
2.37712
2.40937
2.54523
2.68779
2.7035
2.70436
2.53618
2.61408
2.66441
2.76064
2.80017
2.80527
2.88267
3.01997
3.19219
3.09841
3.15082
3.1329
3.06051
3.12259
3.23102
3.31684
3.28333
3.50279
3.69738
3.67272
3.87094
4.05091
3.96837
3.97421
4.18372
4.16875
4.00985
4.50679
4.49763
4.61091
4.74641
4.82936
5.40269
5.01791
4.96296
5.6642
6.96119
4.89543
5.67826
5.21666
5.56645
6.38013
6.45438
6.62394
6.87307
6.76457
6.93511
6.96948
6.32341
6.47307
6.51284
7.60901
7.35244
8.33194
8.49771
9.46064
7.74819
7.01603
8.1551
7.48464
8.18898
7.91678
1.86998
1.69492
1.66599
1.67964
1.6834
1.71533
1.69861
1.70914
1.67162
1.78271
1.74247
1.70489
1.7434
1.70432
1.88154
1.79655
1.81012
1.73097
1.80346
2.0316
2.14458
2.05047
2.04366
1.94926
1.98173
2.0423
2.17343
2.04023
2.11842
2.33988
2.30934
2.31801
2.42424
2.39899
2.48825
2.38151
2.4709
2.44066
2.4258
2.64971
2.55726
2.71926
2.76747
2.80658
2.86148
2.99194
3.01398
3.08929
3.02847
3.06569
3.22517
3.33893
3.29755
3.21485
3.43696
3.56386
3.71688
3.45321
3.47327
3.52471
3.48778
3.72809
3.85528
4.06358
4.15944
4.95137
5.32258
5.30211
4.4406
4.70433
4.92507
4.92723
4.96946
5.06462
5.16126
5.25362
5.2318
5.64455
5.92363
6.0105
6.22301
6.7381
6.74696
6.95441
7.15705
7.20196
6.89157
6.68261
7.62002
7.78484
8.83871
8.70876
7.99113
8.67973
9.23969
9.84809
9.81697
9.48652
9.26683
1.75234
1.68198
1.63799
1.74957
1.68033
1.66077
1.7217
1.74164
1.72446
1.74536
1.71972
1.67886
1.7389
1.70966
1.85383
1.86789
1.92124
1.9649
2.00111
2.09239
2.12162
2.05879
2.01613
1.94995
2.02577
2.08836
2.26511
2.13495
2.1689
2.21687
2.10531
2.06446
2.27798
2.21303
2.33625
2.31574
2.41241
2.57161
2.58476
2.67614
2.6936
2.80395
2.87453
3.18722
2.92815
3.01036
3.18491
3.35954
3.2726
3.17339
3.56771
3.77273
3.69772
3.65726
3.37937
3.34966
3.25245
3.34949
3.35341
3.35434
3.37353
3.36733
3.39504
3.43159
3.62845
4.66722
4.49945
5.28713
5.00792
5.34623
5.57534
5.6161
5.46804
5.67146
5.36473
5.27405
5.56631
5.92809
6.15041
6.88716
6.67004
6.73429
7.05
7.35094
7.26275
7.04993
6.96582
7.73755
10.9117
9.64149
9.9594
8.63218
8.37696
8.23178
8.30571
8.96186
9.11238
8.71155
9.64384
1.73667
1.69904
1.74337
1.73758
1.78866
1.73926
1.7095
1.6528
1.66911
1.72927
1.72904
1.71351
1.81294
1.76491
1.82989
1.86312
1.87091
1.86906
1.92497
1.96316
1.98529
2.11795
2.06371
2.02212
2.11891
2.13772
2.18056
2.22961
2.24139
2.24191
2.24579
2.25964
2.49181
2.43279
2.41231
2.54098
2.597
2.51423
2.54837
2.54596
2.64467
2.85991
2.93798
3.20883
3.11603
3.02555
3.24303
3.21795
3.07152
3.12092
3.32697
3.33962
3.20384
3.13077
3.13187
3.31646
3.25297
3.72248
3.84916
3.97227
4.06648
3.91016
3.80714
3.83278
3.97637
4.55306
5.24816
5.2151
4.82474
5.42124
5.28697
5.47007
5.4184
5.85842
5.65088
5.66683
5.80721
5.85502
6.57757
7.36648
6.95055
6.99033
7.01721
8.19987
7.92098
7.45114
7.07911
6.59482
7.30194
7.39634
7.37456
7.77654
8.23385
8.56701
7.79764
11.1211
10.2033
10.7007
10.9763
1.70532
1.77786
1.78512
1.75412
1.77595
1.8
1.73077
1.78886
1.83019
1.87765
1.81859
1.85675
1.9617
1.90938
1.96612
1.97955
1.95593
1.849
1.93393
1.93228
1.93113
1.93578
2.01117
1.99912
2.01368
2.02185
2.13955
2.07797
2.1474
2.27974
2.40207
2.40391
2.44885
2.47279
2.51875
2.49116
2.48271
2.44583
2.64475
2.77747
2.91148
2.79507
2.74269
3.08862
3.02956
3.09012
3.30443
3.293
3.30149
3.17519
3.26103
3.35194
3.39243
3.23538
3.29872
3.23329
3.27341
3.49091
3.92367
3.83842
3.7445
4.0059
4.10021
4.3748
4.38421
4.24039
4.34071
4.71241
5.63585
5.19715
5.22559
5.14712
5.15299
5.63996
6.1117
6.17584
6.45065
5.81696
5.94509
7.25734
8.09085
7.90698
7.71453
8.22038
7.76061
7.71763
8.37023
7.10637
6.90534
6.72748
10.1443
8.12803
10.5381
9.45393
9.23761
8.81493
10.4837
10.8343
11.159
1.77013
1.7717
1.81762
1.83933
1.81148
1.77618
1.77376
1.8
1.84978
1.72848
1.71689
1.94365
1.83003
1.90637
1.92348
2.00706
1.95841
1.82523
1.84124
1.90158
2
1.99023
1.91957
1.9166
1.99227
2.10224
2.24389
2.23709
2.44104
2.52102
2.64959
2.5785
2.59235
2.6141
2.30959
2.36662
2.43203
2.79355
2.94721
3.00902
3.10719
2.99706
2.79615
3.26733
2.93529
3.25045
3.32301
3.18038
3.18323
3.37378
3.29607
3.42042
3.22044
3.39531
3.44997
3.52158
3.35968
3.59032
4.08773
4.17903
4.12982
4.65018
5.09701
5.00374
4.99553
4.88525
4.98722
5.19783
5.1982
5.14662
4.72877
4.9711
4.75045
5.69333
5.45521
5.4
5.92177
5.92147
6.18172
6.03464
6.52138
6.90102
6.69295
7.19874
6.7682
6.65183
6.36097
6.40349
6.8431
7.02862
7.20801
8.08727
8.37574
8.92046
11.0297
8.42614
9.50116
9.52938
10.4929
1.94444
1.91257
1.99888
1.91466
1.83983
1.89623
1.89837
1.84818
1.8499
1.87721
1.84375
1.89591
1.95083
1.93151
1.9823
1.95326
2.01523
2.07986
2.14304
2.10131
2.18618
2.31434
2.26369
2.18295
2.2924
2.25094
2.33742
2.2887
2.69127
2.55755
2.60213
2.71989
2.68213
2.73959
2.86467
2.57167
2.65982
2.66536
2.7027
2.68059
3.02738
3.02638
3.08901
3.16526
3.10619
3.07434
3.1107
3.24379
3.52481
3.36384
3.45674
3.68792
3.74121
3.78036
3.8055
3.77378
3.82114
4.01203
3.66349
3.80754
3.75957
4.23562
4.88697
4.74964
4.771
4.60509
4.69612
4.80099
5.16468
4.56603
5.72641
6.35995
5.52352
5.58326
5.41953
6.35201
5.92839
5.69353
6.43867
6.48331
6.91524
6.66008
6.75489
7.38209
7.20602
7.40465
10.5236
9.49208
7.72275
7.92594
9.88485
10.6681
10.122
10.8879
10.8852
8.35628
8.69447
9.16286
14.8937
1.85103
1.85294
1.95729
1.88803
1.99053
1.95572
2.02395
1.96496
1.98034
2.02198
1.9635
1.99824
2.01701
2.08853
2.01299
2.04516
2.01106
1.98449
2.00514
2.08941
2.25323
2.27703
2.29455
2.23474
2.29288
2.218
2.26237
2.29365
2.63324
2.74764
2.69272
2.75016
2.91726
2.72667
2.7459
2.6448
2.84933
2.8025
2.95334
3.10392
3.01888
3.09767
2.91143
3.38501
3.24108
3.32457
3.09584
3.29381
3.3437
3.43102
3.66968
3.89276
3.63529
4.15685
4.42746
4.35758
4.60818
4.23122
4.21386
4.41283
4.42955
4.30067
4.93213
4.93695
4.93046
5.4751
5.50402
5.19751
4.84515
4.85775
5.88697
6.67027
6.52945
6.1176
7.58309
6.78741
6.58476
7.055
9.52285
8.79464
9.1876
9.34368
9.17707
7.65041
8.54804
8.3162
9.12918
9.22395
8.70143
8.94795
8.88166
12.3656
13.2434
15.6883
14.313
14.0155
13.6815
15.9671
20.9468
1.95472
1.89139
1.88258
1.92218
1.86476
1.8844
1.79129
1.88344
2.04329
1.98904
2.118
2.06803
2.0878
2.13272
2.048
2.0436
1.99806
2.07915
2.11836
2.29823
2.28412
2.29886
2.21267
2.27034
2.32459
2.23545
2.25051
2.3543
2.51303
2.55256
2.51586
2.50752
2.59135
2.68867
2.71763
2.91351
2.84388
2.96003
3.14512
2.95082
3.18094
3.29611
3.11763
3.16809
3.36565
3.81802
3.82407
3.77113
3.79715
3.81414
3.61145
3.95008
3.79138
4.03494
4.1756
4.02613
4.06728
4.20349
4.01607
3.96425
4.22723
4.32613
5.30109
5.8114
5.70561
5.56889
5.84577
5.59826
6.08404
6.18697
6.57833
7.20033
8.11567
6.39637
6.57217
6.35798
6.90729
9.65721
9.52252
8.87715
9.46774
8.28619
8.3882
9.70197
10.8212
11.6882
13.464
12.5174
11.9742
11.1421
11.9394
15.1222
15.3907
14.6574
15.5976
18.7774
17.9785
16.5158
25.7897
2.1323
2.25947
2.2467
2.15752
2.03007
1.98898
2.09648
2.02597
2.04899
2.07903
2.15608
2.09335
2.06978
2.03298
2.14161
2.1982
2.18206
2.09235
2.09643
2.19587
2.28829
2.29946
2.40027
2.3461
2.41205
2.4669
2.43477
2.45794
2.67942
2.68899
2.58022
2.65604
2.56093
2.78909
2.84647
3.0776
3.12564
3.10828
3.21357
3.19784
3.09814
3.12877
3.41853
3.44651
3.3905
3.37794
3.47648
3.58283
3.59916
3.66945
3.97207
3.92179
3.84845
4.09866
4.26258
4.37789
4.27589
5.09884
5.07644
4.76999
5.17451
5.17193
5.76132
6.2242
6.28033
6.17063
6.27236
6.00358
5.74218
6.39722
7.30487
7.17307
7.57876
7.77167
7.98458
8.68647
11.2361
9.82827
10.2002
10.3288
13.7074
13.2574
12.7398
9.66556
11.7011
12.9885
18.5288
18.5003
15.4495
13.5799
15.8356
20.2304
14.5484
16.9861
19.6129
16.7671
16.0491
13.7693
19.2436
2.17418
2.1965
2.17715
2.19224
2.25062
2.16991
2.09631
2.11538
2.16099
2.18784
2.1443
2.15445
2.20601
2.14816
2.31215
2.27964
2.3338
2.23798
2.31582
2.29657
2.48773
2.54398
2.4601
2.60332
2.57972
2.68532
2.7321
2.70072
2.81209
2.65053
2.76887
2.81046
2.86246
2.94022
2.84647
3.02824
3.04953
3.28579
3.44192
3.40971
3.44892
3.42212
3.66393
3.61986
3.87743
3.41998
3.47908
4.03794
3.91222
4.14809
4.6273
4.68165
4.76567
5.44314
5.40463
5.20557
4.81097
5.09575
4.67581
4.6641
5.15286
5.55506
7.12838
7.3143
7.19055
7.64198
7.84551
5.87883
5.95792
6.81875
6.96497
7.85997
8.77409
8.93361
9.10378
10.8454
14.5786
11.0305
13.9449
14.6847
15.9749
12.7877
13.6908
10.0353
10.0318
11.8709
12.1275
12.4337
14.7273
16.4784
13.211
22.648
16.4334
15.5931
13.6388
14.7375
26.3218
23.8172
40.3449
2.19396
2.32573
2.33522
2.35782
2.19319
2.19202
2.20535
2.33569
2.34347
2.2146
2.25306
2.16523
2.27516
2.21014
2.40591
2.41062
2.35658
2.25409
2.26667
2.30968
2.38261
2.58865
2.43568
2.48529
2.35531
2.51026
2.6331
2.63361
2.68583
2.88171
3.29395
3.19833
2.98895
3.0176
3.09569
3.10814
3.15771
3.32251
3.22858
3.38614
3.57334
3.49649
3.867
4.21729
4.00725
3.70288
3.87272
3.97924
4.06474
4.49356
4.55965
4.78004
4.97494
5.45484
5.16182
4.7827
4.97745
5.53525
5.56349
5.42454
5.60131
6.59393
7.6164
6.8866
7.54523
7.51714
7.49558
6.70398
6.6875
8.56055
8.5345
8.45347
10.0894
10.9832
9.61517
9.39347
9.74722
13.0425
11.8197
12.3089
14.6457
14.6379
12.9884
21.9413
14.948
15.5992
13.8285
12.6086
12.0645
15.5581
16.6777
16.8559
22.662
25.9404
18.8297
23.082
26.8497
20.7334
23.7929
2.17521
2.43349
2.40379
2.40847
2.47478
2.44307
2.36097
2.32282
2.31215
2.43842
2.63899
2.64411
2.36614
2.34112
2.52137
2.41852
2.57414
2.43571
2.39884
2.49449
2.51965
2.63174
2.61632
2.9044
2.8404
3.25466
3.10512
2.88363
2.99753
3.06733
3.22469
3.43191
3.25339
3.20455
3.3469
3.51534
3.75837
3.96246
4.42198
4.4818
4.29566
3.90416
4.63912
4.07983
4.10859
4.35539
3.88571
4.29326
5.14513
4.64369
4.50816
4.6942
4.52229
5.09572
5.2381
5.33011
6.15612
6.68561
6.7011
6.68695
6.53752
8.04028
8.80912
9.14016
8.10307
8.71257
10.2415
7.14629
7.16693
9.40267
10.2179
10.9559
11.6441
9.67872
10.8048
14.0299
13.7938
15.8362
16.4097
14.183
15.7871
14.3463
16.5926
16.0115
26.4598
22.5866
25.9432
31.2004
17.9582
31.0065
15.7188
55.9718
65.1358
59.7678
32.0518
28.0476
54.218
59.7267
36.7666
2.24093
2.34508
2.43081
2.59019
2.60644
2.49377
2.44467
2.3365
2.35495
2.26238
2.21419
2.33451
2.61802
2.4607
2.49626
2.34577
2.45435
2.48606
2.60316
2.59015
2.6654
2.64583
2.55889
2.73702
2.91345
3.03908
2.96125
3.05816
3.08902
3.01557
3.00891
3.31856
3.08114
3.52109
3.66724
3.6177
3.63801
3.63422
3.86652
3.94333
4.23013
4.17935
4.55196
4.52936
4.20456
3.92216
3.80689
4.86259
5.85526
5.8742
5.47124
5.38671
5.75637
5.49753
5.36981
5.67121
6.29026
7.96856
7.71046
7.76113
7.64207
8.48903
8.68157
8.17761
8.13995
8.22172
6.92928
8.52005
9.24019
11.1814
9.20666
8.26687
8.94028
9.34715
9.85636
14.4932
10.9376
13.2597
14.5199
13.8705
11.8359
11.5734
15.6699
15.1326
24.4002
22.3036
21.4232
16.2034
19.6234
24.0705
25.892
20.3846
26.9992
68.5199
46.3799
26.3973
37.9605
59.9478
35.6889
2.34185
2.33586
2.39876
2.46196
2.47741
2.43574
2.38718
2.37444
2.37484
2.32628
2.54928
2.53863
2.33739
2.47918
2.33087
2.36572
2.4456
2.64018
2.68563
2.68901
2.67954
2.52952
2.63272
2.77828
2.86118
2.76698
2.69264
2.70946
3.0934
3.08325
3.12141
2.98743
3.3339
3.34623
3.41964
3.77055
3.72499
3.5682
3.56909
3.3925
4.03345
3.96413
4.25428
4.43425
3.89405
4.11266
3.70035
4.84057
5.50295
5.57286
5.7098
6.26105
6.21886
6.09781
5.39943
6.20322
5.94019
7.96718
8.8453
9.11245
7.97342
8.13716
8.47316
10.456
8.4137
8.20747
6.77377
6.83297
7.18115
9.73221
9.39628
9.9681
11.7171
12.9201
12.8215
13.4609
14.293
12.8613
9.98982
17.2985
11.2178
15.9481
15.2695
20.5779
24.4122
19.9741
26.63
20.5139
36.2735
19.793
51.2799
65.0062
59.4253
40.5495
106.988
59.3599
158.552
246.568
55.2224
2.77887
2.79156
2.86092
2.62556
2.50958
2.48361
2.41475
2.46545
2.74924
2.74685
2.46757
2.59176
2.45597
2.70987
2.59715
2.65978
2.62201
2.78517
2.7633
2.77263
3.11035
3.05474
3.01756
3.09153
3.03127
3.18477
2.94878
3.16814
3.11415
3.19894
3.40595
3.52854
3.32818
3.30549
3.70592
3.94216
4.04185
3.77364
3.76818
3.91062
3.9402
4.02541
4.12013
4.29409
4.27475
4.22225
4.066
4.54557
4.62063
4.44948
5.11454
5.97653
5.7513
5.63505
5.61072
5.20074
7.94093
9.59226
7.90895
9.35137
9.27849
8.35258
8.90867
10.1061
10.9701
12.9136
10.1916
10.4429
8.77046
10.9876
11.9042
12.1187
13.0365
13.4438
17.8055
12.7079
11.3186
21.3553
23.9458
13.6246
13.3631
13.5945
14.3242
27.9229
18.5912
54.8189
51.0652
88.4518
37.6239
47.3092
96.7393
117.547
281.678
299.453
258.791
51.3347
109.104
72.6257
227.744
2.83864
2.79937
3.03487
2.56125
2.45449
2.40517
2.35372
2.53233
2.49706
2.62355
2.47044
2.66415
2.78232
2.88973
2.76738
2.78625
3.0063
2.99399
2.94143
2.92121
2.8623
3.22723
3.33799
3.31458
2.94843
3.15887
3.11028
3.19198
3.17279
3.13153
3.41268
3.38755
3.42812
3.60677
3.70492
4.14371
4.21027
4.10758
4.29825
4.41312
4.30858
4.52409
4.3494
4.5506
4.84963
4.24011
4.41376
6.8824
6.28712
6.39924
6.57707
6.94884
6.6529
6.26604
6.27884
6.09862
7.46981
7.25644
8.84265
7.59548
8.96221
8.31723
9.13384
8.59939
10.1738
9.75026
10.0762
11.0109
11.0876
11.7453
11.2255
11.7081
14.2914
18.6493
12.0696
18.7605
24.6364
25.99
42.1171
23.1847
38.6586
16.802
43.9196
27.7915
48.9139
26.929
58.6282
140.278
51.7217
49.5895
76.3465
114.575
240.771
181.974
84.0214
165.617
297.978
361.003
306.78
2.79024
2.8096
2.85259
2.82648
2.71065
2.74658
2.93849
2.65964
2.70135
2.61166
2.80881
2.75105
2.99579
3.02234
3.02779
3.08704
3.1092
2.97609
2.93819
3.1113
3.26557
3.53627
3.51584
3.66619
3.39126
3.4802
3.47213
3.74314
3.68566
4.11856
4.266
3.94116
3.94279
4.26154
3.93102
3.89309
4.19371
4.28397
4.81513
4.80679
4.85056
4.84006
5.14182
5.33227
5.36166
5.61355
7.14814
5.99557
7.12077
7.6161
7.5607
7.02512
6.78845
7.00019
7.07
8.17939
8.43635
6.56194
8.00673
7.93582
9.02477
9.68423
10.0279
9.69246
10.5154
12.4266
10.2493
9.24144
15.0665
15.3312
18.9058
9.59973
11.4396
12.461
10.8181
14.3554
20.4534
35.2602
30.7801
22.2323
44.3676
36.2971
43.2325
43.6502
26.2819
37.7316
133.156
31.0717
49.8889
77.0762
202.368
220.429
240.991
346.284
456.146
170.47
163.516
82.7221
435.1
2.95544
2.94343
2.91452
2.98833
3.01314
3.08202
3.19681
3.1474
3.11135
3.55547
3.06691
2.81544
3.09619
3.01911
2.9479
2.89643
2.89235
2.9575
2.85934
2.91011
3.02707
3.24601
3.50187
3.60592
3.49817
3.5389
3.50717
3.81716
3.62945
3.71318
3.85964
3.8181
3.87558
4.10478
4.32779
4.73515
4.82883
5.07748
5.34344
5.65464
5.98578
6.23612
7.02776
7.39421
8.72201
9.27389
9.2969
13.1298
13.0586
12.0676
12.8447
12.5076
13.4521
13.0799
13.0742
12.4727
15.0257
12.8696
15.2921
16.2489
12.7154
10.9889
15.3879
20.2698
21.5121
31.3482
24.5867
21.7843
28.3115
33.4341
20.7345
21.9804
24.1089
33.3137
39.3556
80.7938
52.1314
58.3694
92.8456
41.6086
32.2956
46.7767
259.99
79.0126
199.508
372.443
139.522
128.428
144.898
77.7801
124.282
37.5993
270.704
342.635
287.372
297.534
366.869
491.382
610.296
3.31945
3.69278
3.56923
3.47404
3.79556
3.74203
3.67091
3.94631
3.63486
3.53666
3.69577
3.61083
3.82312
3.13043
3.14703
3.86755
3.85822
3.04972
3.15881
3.08657
3.12603
3.42956
3.48387
3.97257
4.09319
4.36129
3.5034
3.72892
4.27492
4.91975
5.02424
4.8752
4.90277
4.75561
4.85358
5.3338
5.5913
5.43155
5.17878
5.83295
6.73943
7.54875
7.09132
7.73111
7.25381
6.51158
7.79083
8.41349
10.3844
12.7501
13.3481
12.693
12.2681
10.007
11.3073
12.4603
10.8238
14.4657
14.3179
16.8281
12.2584
17.4651
19.5083
14.747
14.7851
22.387
17.5306
12.8678
43.1735
44.248
18.5224
45.2659
81.3738
53.4226
93.051
222.227
222.982
144.383
115.236
127.971
178.788
171.562
148.112
148.182
141.471
242.417
336.904
519.292
474.589
521.385
137.821
238.595
391.654
437.723
516.312
247.933
420.879
555.909
512.588
3.25171
3.45106
3.44607
3.27897
3.25456
3.25721
3.33879
3.44812
3.36538
3.16279
3.23913
3.37494
3.7265
3.72419
3.37431
3.38022
3.09918
3.03152
3.1686
3.38656
3.49868
3.76431
3.86316
3.4836
3.71277
4.17978
4.73679
4.69163
4.81102
4.74124
4.625
5.19705
5.20314
5.58657
5.65613
5.61805
5.4084
6.05757
7.56199
7.47062
7.02059
7.33966
7.61015
7.91712
7.6654
7.51334
7.85689
8.88818
8.99014
8.82811
9.08284
9.96495
11.0428
16.4637
15.4162
15.0687
16.8996
21.497
13.9309
14.5843
15.1317
20.1741
25.928
31.7612
31.4425
36.9473
39.011
25.9699
49.04
121.204
40.5998
67.3011
54.0311
218.111
122.467
56.4551
215.455
163.156
141.452
262.037
214.747
204.771
234.382
128.857
271.273
309.701
247.932
382.406
569.475
583.563
513.096
558.579
414.561
677.774
687.267
739.26
610.925
700.327
505.883
3.66287
3.73345
3.6327
3.65571
3.6631
3.71321
3.56307
3.71186
5.00536
3.71067
3.98669
4.49042
4.99505
4.92832
4.24516
5.20031
4.42785
4.78044
4.65822
4.63045
4.91865
4.74088
4.45392
4.65154
4.84868
4.59476
4.59356
5.67783
5.34335
5.15626
4.72978
6.32031
5.90211
5.9693
6.45604
7.71199
7.56458
8.86852
7.68741
7.94292
7.36433
8.01269
8.51097
8.92781
8.68852
8.99118
7.99965
8.81064
9.51211
8.97726
10.4138
12.5708
11.7164
12.3003
14.6842
14.1253
16.9057
17.2039
19.1303
26.6869
18.8006
23.8921
18.6108
27.9891
31.5095
37.6666
22.7073
78.0944
72.6768
51.6089
71.575
47.5882
230.929
332.843
45.5743
94.4701
51.525
183.222
322.946
143.531
231.347
492.683
397.503
265.784
450.874
587.356
491.881
657.033
562.387
465.335
621.27
728.054
758.11
677.44
834.872
665.62
713.687
797.289
671.444
3.555
3.59108
3.50526
4.90172
4.56776
4.75862
4.75277
5.18612
6.21941
5.00786
5.00651
5.46454
4.86068
4.77114
4.68631
4.79096
4.20697
4.25456
3.95397
4.1395
4.47221
4.2402
4.7081
6.26954
5.47218
5.81724
5.96995
6.50115
6.73822
6.15637
6.42724
6.92177
6.73785
7.29251
5.74509
5.99394
6.54029
7.36319
8.65271
8.98059
8.66236
7.94871
10.1689
8.96355
8.90963
14.732
8.7901
11.0209
10.4475
12.632
10.2335
9.38208
22.7199
14.1444
11.4143
22.4301
12.9714
100.326
25.0213
31.154
31.5588
33.8146
46.2673
98.5468
48.0933
29.5986
45.0332
78.7099
154.318
194.549
212.363
181.196
106.575
210.759
117.158
295.956
503.065
257.766
331.82
437.245
282.837
478.828
542.45
505.684
632.383
291.55
466.832
547.154
659.046
644.778
743.809
966.983
961.772
540.85
843.026
910.891
930.856
907.443
777.254
4.46895
4.34431
4.66359
4.08891
3.54037
3.75056
4.082
3.94716
4.1144
4.01512
3.94808
4.71581
4.84404
5.12138
5.5476
6.13358
5.31543
5.27231
4.79798
5.08437
4.76076
5.26926
5.83617
6.34817
6.07291
6.03033
7.31375
6.54769
6.50374
7.85142
7.43082
7.62482
7.98234
10.0252
6.09362
6.71103
7.03776
8.02785
8.08027
7.54854
11.5219
12.6215
12.3932
11.2982
11.6041
13.0816
13.2563
12.3176
10.5468
10.8244
11.934
15.5458
13.745
15.2317
18.8308
23.4165
28.3174
33.0759
51.0541
58.8748
59.5223
73.6417
70.5065
51.4346
76.9422
198.218
87.7196
128.441
227.636
300.906
150.876
322.544
302.746
263.321
335.906
436.216
424.726
554.15
408.54
447.091
350.419
632.086
589.945
736.11
645.274
587.806
561.811
755.478
648.822
784.669
819.522
897.382
889.821
832.215
1051.65
1020.56
961.384
1005.26
905.979
3.99395
3.98749
4.39289
4.8684
4.78346
4.93593
5.21117
4.96555
5.53081
5.65268
5.2275
5.90947
4.85017
5.28869
5.57618
6.07006
6.06791
7.34342
6.89587
6.82307
6.81851
6.91514
8.60302
7.16617
8.31481
8.43037
7.72357
7.68999
8.23863
7.4964
7.32982
7.28546
6.69407
7.285
6.8033
7.44909
8.92891
10.0352
9.61791
11.1829
12.0779
14.9997
12.0855
16.1303
16.6041
23.2992
21.1294
25.3279
22.3237
11.9917
13.5815
15.6498
35.1511
56.1447
36.7425
103.6
44.0843
80.475
135.65
48.7588
76.6265
203.712
97.2208
61.628
57.5628
145.946
112.722
259.886
441.763
318.465
609.765
453.934
607.085
635.158
317.506
605.426
593.688
448.491
477.585
488.139
495.839
669.676
636.378
784.971
674.207
648.677
766.121
848.792
740.815
757.421
802.778
934.643
960.775
966.431
923.311
849.038
841.774
867.202
1058.33
5.0055
5.11571
5.00207
5.82003
6.0446
6.315
6.35551
5.79121
6.08485
6.0747
5.95415
5.60123
5.89295
5.4965
5.77035
6.27012
5.91326
6.21937
6.65975
7.08302
7.57667
8.61479
8.61806
8.63919
8.40771
7.4212
9.92771
11.1133
10.9514
12.486
8.9212
11.5225
11.3678
11.1578
9.23923
12.5493
9.04576
11.4008
13.0533
13.4034
14.1266
14.7101
13.5392
12.3822
9.76214
18.6416
19.6726
17.2865
21.204
16.1473
35.9765
33.1657
49.4169
61.7936
85.7513
199.163
92.8531
36.9945
169.602
300.75
303.574
159.451
337.426
281.299
275.27
315.264
278.732
488.61
502.769
546.196
341.997
500.014
619.798
545.637
557.036
483.346
762.773
685.437
570.833
733.461
649.375
783.663
687.69
654.503
698.328
983.423
868.378
842.896
870.391
701.145
765.626
778.362
967.437
1081.22
967.959
968.522
1093.74
1164.77
1175.9
5.37234
4.66424
4.69061
5.36697
5.51213
4.88399
4.93727
5.18767
5.75148
5.95022
6.24447
7.87013
8.05547
6.78288
6.42062
7.31194
9.38716
10.6703
11.1536
11.5564
11.0436
12.6472
15.59
12.4785
11.8804
11.6555
13.9269
13.2786
12.693
12.6182
15.1681
11.6926
11.7017
15.0662
9.23448
9.36744
12.1489
13.8633
14.2847
14.0632
14.5659
23.2891
14.0369
19.6523
34.8477
45.4607
104.193
45.3223
23.5543
31.4726
47.2194
247.76
30.9751
72.3312
84.9557
316.674
247.71
229.272
271.51
424.848
528.881
189.614
431.438
364.988
284.929
481.828
545.262
575.895
671.716
511.536
504.257
676.859
725.978
672.298
830.074
881.41
737.044
869.897
885.999
905.416
768.2
878.732
884.14
835.478
848.67
1036.76
828.728
842.012
1039.7
1096.05
1122.42
1038.37
1070.95
1140.19
1172.69
1322.98
1124.81
1225.53
1233.71
6.03044
5.94502
6.23981
7.5952
7.51788
8.22449
6.39788
7.06312
7.81202
9.51904
8.79545
12.5899
7.58715
6.26338
6.33776
7.22476
6.89181
11.6266
10.482
10.8371
9.65554
10.2779
10.5705
10.7551
16.6582
13.6865
14.3835
13.7363
10.659
9.9844
9.96725
13.7207
11.7945
11.381
15.4749
24.4392
26.3294
11.8247
17.4871
35.5782
32.7122
82.6589
51.5591
41.3356
29.2691
28.8422
38.2695
36.394
85.3412
153.012
234.997
139.306
228.778
311.664
276.463
62.0157
224.705
283.158
430.623
255.717
273.883
453.216
533.209
400.157
423.973
400.667
525.932
650.978
630.388
622.787
730.367
592.794
785.865
745.479
859.606
797.449
939.183
775.212
798.424
967.223
975.963
1010.64
951.004
987.665
793.046
992.948
1115.54
1067.81
1089.44
1183.48
1248.61
1100.78
1119.53
1203.34
1142.96
1251.37
1328.78
1342.42
1228.31
5.21842
5.21814
6.19219
6.08613
5.39575
5.89488
6.63672
7.07456
7.43771
11.6974
9.7157
13.3673
9.80158
8.07787
10.4769
9.3054
8.41661
9.52565
8.90729
9.47702
10.5804
12.0975
14.1064
18.3605
12.7267
11.8747
11.5837
15.098
14.9486
21.7369
13.3014
14.1295
31.2313
79.8549
35.0116
26.9492
25.3387
20.3899
27.1864
50.0506
71.0961
62.551
80.7007
141.652
240.814
322.88
191.756
418.17
448.676
210.077
396.425
607.916
581.936
512.9
458.11
435.472
521.845
525.842
521.821
634.797
696.42
704.817
622.294
523.899
551.742
551.141
597.191
556.355
578.269
864.208
879.811
889.513
882.62
785.638
798.822
867.203
881.518
950.002
955.97
987.38
1005.22
1021.61
1041.05
1115.25
1127.6
1063.57
1073.66
936.763
1169.01
1179.23
1196.15
1128.49
1168.71
1056.94
1342.23
1352.08
1460.42
1433.1
1448.21
7.64264
7.7362
8.41283
7.39468
7.82954
9.03199
6.76491
8.50073
8.52912
9.48313
10.1536
9.86032
12.4672
13.2117
13.1366
16.6259
12.4608
27.5081
22.9664
19.3018
25.2396
39.2632
37.8772
52.0544
42.787
14.2345
37.8776
23.0067
21.8879
96.7679
35.884
43.3742
72.6364
24.0089
30.4317
64.1888
39.7949
100.277
82.2057
42.3671
201.412
73.2267
380.215
420.435
487.813
346.45
382.148
444.32
339.229
611.006
456.084
532.055
558.779
396.606
436.535
449.65
374.661
369.952
638.799
603.048
745.1
538.872
792.67
726.231
493.225
712.929
792.883
812.644
828.079
785.614
980.857
1006.55
1022.73
968.43
991.454
1009.37
1029.02
969.448
1102.72
890.386
1027.76
1076.11
1065.69
1208.38
1216.84
1116.67
1131
1150.33
1187.05
1197.38
1247.78
1105.79
1276.89
1164.12
1450.39
1457.45
1474.5
1489.83
1504.45
10.7803
10.6246
11.5872
10.4506
10.0319
6.64006
6.77082
7.29349
9.46801
12.6244
10.9548
13.0908
12.2169
20.0194
15.5861
14.0846
13.9907
19.8637
15.6476
16.6978
20.4701
23.1924
15.4087
13.5951
33.9599
68.3702
42.0834
26.486
24.9589
23.1145
46.0629
45.6708
37.2152
116.292
179.753
215.71
220.716
74.049
119.617
68.4042
280.568
282.074
156.647
156.913
311.154
314.922
377.303
575.277
639.464
477.488
639.447
646.329
452.495
586.032
615.414
573.308
706.404
889.286
902.088
611.997
730.297
852.61
778.941
867.048
870.82
971.493
907.536
1006.66
812.244
949.919
976.294
997.652
1007.31
800.913
958.212
1153.15
1169.37
935.4
1080.42
1223.35
999.478
1040.53
1049.79
1167.32
1299.84
1124.67
1274.23
1280.04
1179.15
1182.92
1260.19
1272.95
1346.79
1285.48
1508.61
1515.33
1531.92
1546.73
1561.02
8.75536
9.87823
11.7347
10.6708
10.4516
9.19017
10.7337
13.0462
13.0617
23.0153
14.1265
12.6948
13.9935
14.0687
15.8547
15.1608
15.1766
17.2303
13.655
16.4506
24.2204
21.0779
40.5013
21.1985
32.2674
27.2063
15.584
24.0656
77.7367
51.5522
93.0867
77.5602
22.9539
36.6201
281.159
331.11
287.361
165.369
466.505
517.458
323.533
502.28
523.591
402.029
407.734
436.93
629.227
545.726
606.716
512.823
562.626
545.767
525.975
643.663
577.958
609.214
698.687
734.732
584.17
922.793
897.995
999.162
716.103
817.437
886.867
943.95
893.553
1105.85
1072.49
1061.52
1030.4
1024.33
898.757
958.918
1043.79
1189.5
1206.51
1187.16
1154.46
1168.8
1219.98
936.903
1112.52
1245.24
1281.99
1175.64
1316.35
1326.17
1318.04
1324.56
1345.46
1359.96
1284.43
1305
1350.69
1474.9
1487.52
1498.11
1509.68
10.5103
11.877
16.4979
13.2545
11.553
11.6459
14.1565
12.4737
15.6483
11.4025
12.7603
14.0645
13.7077
18.0569
35.1197
43.4442
21.8194
18.9191
23.4747
28.1206
66.7052
19.8394
33.1232
27.7287
33.6708
83.3193
118.389
67.479
77.2452
85.1467
197.484
97.205
221.987
302.503
153.422
191.001
266.88
508.573
529.268
570.486
474.728
481.061
398.396
576.132
328.134
465.723
546.968
627.707
676.899
700.614
715.242
640.658
664.967
696.128
662.941
715.615
747.905
687.83
869.039
993.294
1009.32
892.876
911.313
905.614
957.234
1022.06
1105.64
882.132
1008.15
931.827
920.739
1092.13
963.787
978.22
987.439
1043.43
1196.97
1185.97
1058.64
1208.01
1289.16
1283.47
1296.99
1258.05
1277.73
1295.98
1309.56
1312.7
1324.77
1343.86
1355.12
1332.95
1458.55
1329.67
1328.99
1348.41
1365.63
1382.15
1399.77
10.1344
10.283
11.7791
13.9669
12.7779
11.5471
11.3151
16.202
13.2677
17.3955
17.7292
19.0083
12.9959
15.5551
14.144
20.1312
19.9709
21.455
23.8643
35.5137
108.744
103.09
85.8227
62.9123
333.403
109.897
42.0436
248.132
80.21
110.56
247.025
353.893
236.01
389.363
304.721
320.103
328.401
318.061
318.743
399.456
569.209
581.17
636.625
551.424
457.413
685.931
787.532
658.402
668.082
566.499
571.124
534.12
830.771
851.091
876.787
833.066
848.748
795.952
934.179
924.959
893.775
980.482
822.359
911.324
1034.6
1211.3
1100.04
964.126
1065.45
1070.38
1086.27
1101.27
1006.53
1108.05
1116.06
1204.65
1220.09
1234.2
1095.41
1377.09
1402.58
1396.76
1391.79
1297.31
1367.61
1376.98
1466.46
1340.63
1351.61
1369.79
1378.98
1403.2
1482.27
1509.58
1594.45
1613.03
1511.14
1535.9
1542.35
24.0571
20.3655
13.1395
24.2075
16.7368
18.474
17.7299
13.6495
15.6779
21.0441
18.1907
38.8313
138.488
62.0599
57.843
64.1649
59.9918
90.4497
86.1556
88.7478
185.003
290.252
194.651
179.797
208.867
173.66
240.503
236.705
274.168
340.674
545.627
414.2
513.231
417.514
333.989
494.787
647.437
455.908
607.434
625.768
720.038
611.786
600.081
688.433
691.719
712.179
825.138
879.436
965.394
976.83
1001.19
1009.32
1004.36
876.201
919.746
978.027
924.412
920.608
1038.72
1053.53
959.521
994.203
999.264
1117.76
1187.86
1217.58
1227.4
1229.77
1148.54
1285.24
1246.37
1319.82
1370.39
1317.59
1332.08
1259.07
1268.83
1410.87
1425.98
1409.11
1502.55
1463.64
1458.91
1427.05
1442.9
1423.53
1476.71
1538.89
1618.87
1629.79
1636.27
1651.75
1520.39
1652.98
1663.71
1677.04
1653.76
1665.27
1672.23
20.1556
26.4729
20.6637
18.5236
274.209
66.8371
95.8263
46.7135
50.5093
43.8575
71.5693
108.433
39.6034
28.9139
92.5732
292.196
107.605
305.825
337.451
355.107
131.151
255.678
377.454
310.602
313.108
286.074
538.652
437.553
369.223
357.657
342.354
377.815
339.69
520.096
457.985
356.622
758.745
594.133
622.03
622.849
669.588
687.349
810.733
861.168
678.616
895
916.342
907.701
998.263
778.447
925.624
971.297
987.221
1013.37
1028.39
1047.75
1060.13
1078.24
1213.42
1223.58
1248.62
1239.71
1259.85
1036.66
1101.03
1165.03
1188.22
1122.62
1134.67
1142.29
1173.14
1315.13
1410.88
1423.91
1438.99
1423.53
1435.54
1455.91
1503.64
1523.84
1536.02
1608.82
1625.73
1461.53
1586.36
1413.63
1425.79
1523.83
1657.37
1667.9
1674.15
1689.28
1508.75
1691.16
1701.64
1714.62
1686.23
1696.74
1704.78
20.5814
36.3604
32.9602
50.9284
98.8809
40.1335
110.542
110.774
122.105
54.2015
101.258
116.453
24.9644
54.8607
34.8868
256.462
244.974
291.469
603.8
374.563
332.357
504.999
453.571
394.271
382.385
290.122
345.243
510.224
499.867
372.726
591.484
499.643
576.828
603.463
601.732
735.416
747.151
746.155
770.604
842.202
814.246
824.045
932.975
865.177
1068.44
812.987
863.355
926.411
1105.34
1142.25
968.063
1075
1091.71
1028.99
1038.6
922.032
1255.05
1120.51
1131.29
1278.92
1301.18
1309.8
1286.23
1287.6
1349.62
1423.99
1430.46
1445.2
1455.96
1469.57
1485.32
1495.46
1450.22
1452.19
1462.03
1405.14
1410.45
1338.69
1326.76
1342.37
1352.43
1365.75
1373.08
1629.09
1645.88
1639.63
1654.33
1730.83
1616.56
1625.28
1644.64
1659.91
1632.38
1784.21
1794.21
1804.65
1734.91
1745.14
1752.93
33.8509
40.9983
45.7431
64.5135
176.523
112.687
103.888
136.748
126.388
109.271
129.398
135.458
238.644
225.821
196.569
260.501
310.164
193.331
353.474
296.59
525.172
512.816
506.574
556.418
361.139
343.477
427.651
576.992
531.78
655.254
743.463
662.089
821.984
854.788
875.355
853.634
904.132
822.429
837.675
910.807
815.557
982.76
998.851
881.249
929.573
1065.37
917.583
1095.93
1112.86
1119.85
1138.24
1067.2
1080.75
1136.52
1150.73
1045.5
1259.77
1145.32
1163.44
1332.47
1318.57
1245.1
1260.97
1265.71
1309.88
1358.67
1435.79
1406.91
1420.04
1430.45
1443.62
1454.53
1464.21
1476.67
1512.03
1449.16
1469.84
1488.34
1504.38
1518.7
1530.27
1641.42
1663.78
1670.67
1687.06
1543.88
1545.63
1627.32
1665.5
1673.9
1692.72
1707.52
1670.02
1696.02
1708.59
1718.15
1877.03
1904.71
1921.01
83.6729
99.6955
96.6343
216.283
82.9126
150.835
57.4598
135.624
244.287
170.948
347.21
500.143
282.052
554.269
313.056
298.669
334.019
453.477
307.393
380.423
606.775
539.738
517.113
538.639
547.767
763.951
788.966
817.415
836.951
915.85
990.535
799.234
795.823
773.282
783.791
761.608
922.128
881.807
965.003
1050.2
1013.86
1023.19
1037.65
958.411
1094.47
1223.22
1236
1256.15
1236.75
1246.88
1258.21
1020.54
1032.9
1174.83
1083.68
1322.21
1356.55
1377.43
1395.2
1411.45
1216.16
1232.59
1277.56
1291.07
1309.36
1324.6
1369.77
1298.41
1415.76
1424.78
1440.12
1423.94
1442.84
1367.09
1377.35
1648.14
1663.64
1672.01
1688.93
1709.59
1615.46
1622.37
1637.5
1674.16
1683.37
1632.63
1640.46
1679.65
1615.47
1660.19
1674.75
1702.21
1716.21
1727.25
1739.57
1760.29
1743.09
1798.27
1781.24
142.907
228.417
85.373
383.298
356.724
353.06
169.479
311.877
293.037
414.199
506.747
496.765
557.021
506.342
354.896
594.862
608.308
601.306
438.446
724.809
674.749
705.345
695.106
744.71
755.953
801.038
813.983
816.702
828.239
714.35
858.284
995.204
1001.28
1012.75
939.522
991.126
1110.53
1112.3
1003.11
977.121
994.471
863.591
956.47
1013.96
1167.87
1274.3
1194.46
1183.91
1019.37
1037.72
1157.95
1240.85
1205.77
1220.69
1344.31
1358.86
1373.64
1394.68
1406.66
1370.28
1336.56
1413.57
1430.09
1472.07
1485.51
1496.42
1515.37
1414.22
1549.22
1563.49
1582.57
1595.8
1613.31
1621.8
1631.13
1696.52
1712.67
1722.8
1738.53
1751.4
1766.68
1783.96
1799.8
1581.03
1594.91
1607.43
1618.06
1789.21
1794.74
1713.99
1867.61
1772.89
1786.28
1796.88
1808.62
1828.59
1942.96
1953.33
1818.26
146.127
408.915
118.639
220.325
183.059
280.418
432.385
340.637
574.047
596.804
563.33
742.345
420.359
466.162
726.769
598.278
685.383
710.245
463.504
454.321
513.157
492.973
601.26
677.482
1066.23
911.391
739.572
753.806
749.264
910.479
995.296
1148.4
1010.44
1023.96
986.189
1023.41
1166.46
1084.47
1145.79
1156.29
1184.75
1358.61
1370.24
1218.83
1344.63
1363.37
1373.96
1395.7
1215.87
1234.7
1251.03
1266.42
1280.68
1300.04
1317.42
1381.43
1391.2
1410.47
1426.78
1438.46
1561.38
1462.26
1499.5
1512.97
1521.09
1500.92
1550.32
1565.64
1575.05
1555.53
1568.55
1577.21
1586.69
1593.78
1744.49
1748.36
1763.85
1773.67
1788.98
1801.45
1816.21
1831.31
1846.75
1629.98
1643.74
1656.02
1666.26
1832.11
1837.43
1970.03
1856.15
1936.56
1764.16
1776.2
1790.22
1811.89
1979.48
1989.53
1983.39
284.223
422.052
449.331
252.038
348.433
370.39
499.779
553.354
530.68
601.56
769.765
574.91
568.473
486.291
811.487
749.498
776.63
727.959
898.01
676.116
737.248
922.065
935.183
886.819
941.134
1079.96
1093.03
1094.3
1111.41
1121.63
929.145
884.38
897.879
986.059
1062.12
941.379
957.1
975.205
996.706
1037.24
1068.44
1081.87
1240.81
1164.72
1402.87
1420.87
1431.14
1452.37
1280.3
1295.48
1314.74
1331.42
1351.96
1359.56
1353.32
1511.29
1474.15
1499.25
1410.57
1424.1
1605.33
1616.67
1506.22
1569.63
1581.45
1595.56
1609.98
1620.94
1528.67
1535.64
1550.26
1518.38
1533.98
1577.01
1586.89
1807.82
1822.69
1832.19
1846.95
1859.02
1873.33
1888.7
1903.77
1843.96
1852.24
1862.26
1875.15
1888.05
1893
2020.13
1909.06
1985.86
1815.05
1826.64
1839.96
1861.19
2028.25
2037.71
1875.34
463.993
476.393
500.892
748.266
625.879
709.035
611.998
511.042
608.08
656.243
580.392
942.402
858.782
656.135
813.449
828.633
680.588
804.755
807.916
780.917
828.973
879.563
893.626
909.263
999.675
854.358
946.747
960.53
1050.89
1060.36
1056.97
1131.62
1142.41
1156.41
1169.47
1088.42
1086.65
1067.87
1065.46
1071.53
1094.49
1168.94
1221.28
1301.32
1350.64
1349.45
1361.3
1344.31
1358.36
1349.88
1345.81
1361.3
1613.18
1628.99
1637.8
1646.4
1661.44
1679.11
1469.35
1483.74
1500.62
1513.56
1521.01
1541.47
1613.77
1673.68
1568.96
1575.95
1585.07
1589.97
1550.77
1560.47
1565.56
1606.34
1617.55
1624.86
1641.25
1712.05
1725.99
1738.45
1757.06
1949.39
1962.97
1976.97
1984.36
1994.21
2004.96
2011.16
1896.35
1912.54
1923.15
1938.71
1949.98
1958.39
1967.81
2040.36
2050.41
2058.58
2068.37
599.883
651.613
567.398
576.115
623.976
735.477
725.756
631.314
767.756
915.699
776.738
643.536
844.478
912.79
868.474
983.022
998.492
1028.84
928.951
946.62
945.164
1005.28
1021.27
1035.69
1024
1139.81
1153.43
1172.29
1192.06
1133.98
1153.65
1167.78
1270.31
1177.8
1197.09
1247.24
1214.3
1347.68
1317.57
1331.19
1377.89
1384.41
1435.51
1391.5
1395.4
1411.83
1420.15
1303.35
1316.11
1470.23
1486.14
1495.4
1505.18
1516.09
1527.64
1547.67
1564
1573.55
1581.46
1592.35
1603.13
1643.63
1654.33
1676.24
1666.89
1666.09
1671.59
1679.03
1690.75
1697.28
1705.54
1804.41
1814.96
1826.02
1832.53
1757.7
1765.1
1808.27
1701.33
1788.22
1792.69
1800.95
1812.64
1973.17
1987.61
1910.09
1919.96
1927.68
1957.57
1978.06
1916.07
1933.33
1942.27
1949.61
1990.03
2108.5
2164.24
2166.23
2172.13
567.291
677.562
697.166
794.862
684.943
705.11
844.291
636.305
705.937
757.311
777.659
875.617
927.34
875.923
936.388
991.89
916.637
932.465
946.714
847.698
893.639
908.393
947.689
964.347
1170.5
1188.79
1171.84
1192.57
1212.22
1216.47
1231.76
1241.69
1298.06
1351.48
1363.23
1374.11
1367.58
1387.35
1264.58
1275.63
1440.71
1451.07
1584.4
1386.55
1402.41
1414.27
1428.11
1423.04
1435.36
1530.32
1545.76
1554.67
1564.01
1574.47
1585.68
1604.99
1620.8
1630.03
1637.52
1648.09
1658.54
1701.77
1711.92
1734.87
1697.02
1700.99
1706.21
1712.05
1724.92
1731.24
1739.32
1855.62
1854.06
1864.74
1871.02
1729.9
1738.98
1857.95
1955.34
1835.5
1839.79
1847.67
1858.04
2016.52
2030.56
1952.15
1961.58
1970
2000.11
2016.33
1957.34
1974.12
1982.75
1989.9
2130.94
2049.84
2190.17
2027.42
2033.62
780.125
621.553
602.96
697.468
887.514
720.43
1026.29
907.337
910.069
1038.15
1053.5
921.964
916.732
1109.31
1084.61
887.558
1013.36
1023.63
1173.95
1188.17
1196.87
1163.98
1165.4
1173.48
1225.86
1243.54
1232.27
1252.32
1271.39
1279.32
1294.2
1303.71
1364.26
1374.44
1493.75
1501.69
1245.57
1464.52
1398.42
1412.95
1340.35
1351.18
1439.26
1660.7
1664.91
1480.67
1489.3
1298.68
1440.46
1588.29
1603.29
1611.86
1620.73
1630.79
1641.68
1660.19
1675.61
1684.56
1691.84
1702.16
1712.3
1542.3
1771.14
1778.09
1788.6
1799.51
1811.99
1822.11
1831.17
1840.25
1844.19
1855.87
1860.75
1852.23
1860.11
1865.28
1878.44
1802.2
1956.33
1997.6
2005.06
2012.97
1876.78
2043.98
2047.24
1989.06
1998.18
2000.08
2042.87
2057.38
1990.34
2006.76
2015.14
2022.19
2169.43
2086.93
2232.38
2063.11
2069.12
735.408
695.431
736.719
817.71
966.893
1029.96
1013.23
894.324
965.591
1065.39
1082.8
958.476
1077.63
1126.18
1192.1
1103.29
1109.74
1121.31
1128.61
1139.67
1157.1
1172.28
1184.59
1204.66
1204.49
1452.66
1405.09
1423.57
1437.74
1500.48
1516.31
1539.75
1521.37
1537.19
1548.99
1555.88
1457.11
1367.98
1403.37
1411.87
1394.21
1404.54
1463.38
1619.92
1623.69
1634.58
1644.8
1470.69
1482.54
1645.25
1659.57
1667.86
1676.23
1685.85
1696.51
1714.45
1729.54
1738.23
1745.35
1755.3
1765.07
1780.37
1787.3
1826.87
1834.47
1851.27
1867.65
1880.63
1767.39
1773.98
1786
1800.47
1815.38
1825.64
1836.48
1842.85
1855.78
1866.84
1988.71
2053.96
2061.19
2068.74
1908.21
2093.63
2096.73
2013.11
2024.08
2112.04
2250.83
2012.71
2022.05
2038.09
2046.23
2053.21
2182.38
2140.84
2271.88
2106.25
2112.07
689.229
979.899
994.785
924.215
1049.61
1065.48
1043.32
1071.37
966.244
1156.69
1137.05
1109.59
1078.56
1127.82
1023.44
1132.37
1160.05
1176.52
1196.29
1209.25
1245.87
1256.06
1128.06
1137.58
1238.69
1254.53
1421.13
1436.65
1451.13
1547.7
1562.99
1585.83
1596.29
1611.72
1623
1629.47
1496.49
1523.34
1526.86
1565.38
1512.18
1520.48
1620.64
1634.03
1650.25
1662.98
1678.7
1696.84
1716.47
1733.16
1732.47
1747.21
1759.75
1773.59
1735.77
1753.3
1766.02
1774.77
1781.69
1790.01
1799.47
1803.06
1812.58
1815.85
1759.17
1847.46
1874.98
1886.1
1894.6
1902.56
1912.03
1922.22
1927.71
1939
1947.34
1960.09
1974.26
1885.64
1898.93
2049.51
2059.98
2068.29
2252.23
1971.55
1980.41
2003.19
2015.52
2084
2278.7
2046.82
2056
2071.75
2079.69
2086.54
2155.19
2265.5
2297.8
2144.18
2149.8
970.335
1016.95
1025.58
1018.51
1018.62
1029.33
1295.04
1159.04
1232.05
1081.4
1066.61
1185.76
1188.84
1267.64
1217.76
1164.12
1338
1348.2
1363.29
1373.32
1385.81
1210.23
1388.96
1396.76
1399.61
1432.71
1428.44
1438.81
1404.82
1419.01
1335.56
1354.78
1384.15
1501.45
1653.16
1489.09
1499.64
1458.29
1460.94
1479.22
1644.33
1650.1
1687.03
1696.34
1711.35
1748.1
1754.45
1625.91
1643.47
1657.53
1814.49
1823.77
1832.57
1844.47
1773.77
1835.31
1757.02
1766.06
1772.64
1780.54
1790.06
1796.7
1804.31
1813.57
1826.65
1823.36
1834.55
1861.02
1783.57
1796.2
1804
1814.97
1823.24
1831.15
1845.82
2019.89
2028.54
1919.98
1920.67
2195.33
2117.98
2126.29
2244.49
2020.9
2029.51
2222.96
2233.54
2142.86
2304.18
2094.78
2103.67
2118.84
2126.35
2133.04
2285.61
2199.33
2328.57
2189.88
2195.18
1064.83
1128.8
1159.62
1106.66
1124.66
1198.94
1223.13
1347.73
1261.65
1216.31
1274.62
1285.69
1294
1349.08
1340.54
1268.26
1263.04
1273.44
1469.56
1490.4
1500.01
1395.48
1407.09
1417.57
1542.96
1352.29
1371.6
1330.2
1345.12
1363.82
1375.8
1392.44
1417.53
1427.08
1656.71
1668.79
1678.38
1695.87
1710.32
1724.04
1538.9
1548.41
1581.6
1602.44
1617.8
1630.38
1639.17
1646.31
1651.9
1660.18
1786.65
1800.16
1811.48
1826.86
1834.67
1842.57
1833.56
1844.05
1800.82
1805.4
1813.28
1825.76
1833.76
1849.29
1838.57
1994.61
2009.22
2018.44
1872.7
1950.38
1957.76
1975.26
1984.31
1994.78
2119.21
2124.85
2132.08
2143.02
2043.63
2235.67
2155.72
2163.78
2282.31
2056.15
2064.53
2102.43
2110.61
2178.91
2349.88
2132.8
2141.39
2156.07
2163.07
2169.56
2226.44
2347.84
2319.69
2326.53
2331.37
1053.28
1013.2
1130.5
1139.59
1291.33
1171.51
1246.09
1265.77
1277.69
1291.64
1300.26
1298.67
1380.01
1586.36
1352.76
1369.06
1382.91
1391.21
1486.88
1497.31
1500.97
1521.3
1429.69
1444.35
1463.35
1474.7
1555.11
1568.7
1586.14
1600.59
1695.65
1708.65
1726
1743.53
1750.92
1770.24
1779.1
1654.8
1834.73
1848.22
1856.66
1865.59
1875.63
1887.03
1899.01
1909.8
1927.37
1944.42
1957.51
1970.85
1982.62
1999.64
2008.48
2014.75
1894.99
1904.56
1957.15
1975.84
1984.11
1997.04
2006.25
2015.88
2029.35
2040.13
2045.56
2058.93
2078.76
2087.05
2094.82
2101.68
2116.61
2127.53
2134.32
2145.05
2156.22
2169.06
2180.32
2188.81
2203.46
2216.04
2228.33
2239.52
2251.57
2260.02
2270.08
2285.84
2293.52
2299.43
2307.87
2314.39
2321.44
2330.53
2338.72
2345.84
2354.77
2357.69
2396.68
2404.74
2356.02
1198.98
1308.51
1389.69
1404.73
1326.56
1306.72
1300.93
1185.94
1203.27
1213.43
1225.52
1363.45
1377.67
1664.18
1485.42
1581.96
1589.34
1548.54
1626.76
1636.32
1639.46
1655.4
1666.93
1678.58
1693.99
1704.73
1620.41
1633
1649.71
1655.74
1585.52
1601.78
1614.5
1628.92
1642.55
1662.8
1673.66
1739.88
1881.75
1897.39
1904.2
1912.69
1922.26
1931.84
1942.3
1952.72
1969.99
1984.98
1999.02
2011.89
2023.12
2036.78
2045.28
2051.27
1945.68
1954.7
2003.32
2021.42
2029.25
2041.77
2050.76
2060.11
2073.14
2083.58
2088.91
2101.61
2120.89
2128.88
2136.38
2142.85
2157.3
2167.97
2174.58
2184.91
2195.79
2208.35
2219.2
2227.46
2241.55
2253.83
2265.84
2276.75
2288.56
2296.87
2306.66
2322.07
2329.53
2335.35
2343.61
2349.93
2356.83
2365.76
2373.78
2380.74
2389.5
2392.29
2269.62
2276.94
2289.32
1395.12
1371.68
1394.96
1479.81
1493.79
1411.3
1603.9
1610.01
1631.68
1641.73
1651.03
1666.55
1681.96
1666.42
1683.66
1693.12
1701.31
1705.67
1718.84
1729.85
1597.72
1606.24
1611.27
1568.69
1584.97
1694.29
1677.81
1686.28
1703.14
1711.66
1727.18
1780.04
1783.98
1824.23
1831.17
1847.61
1889.9
1902.73
1840.76
1844.53
1849.92
1855.18
1870.82
1888.07
1843.31
1857.84
1872.39
1885.08
1896.28
1910.98
1917.26
1928.55
1938.92
1954.72
1964.94
1974.31
1988.59
2005.25
1976.48
1979.87
1993.9
2007.06
2019.24
2027.63
2038.69
2053.53
2061.3
2066.78
2080.51
2090.93
2100.67
2113.22
2124.11
2132.35
2135.71
2141.88
2152.77
2161.32
2170.19
2181.43
2190.93
2329.72
2339.15
2344.35
2350.55
2359.7
2370.23
2370.67
2380.2
2386.41
2396.43
2410.75
2419.73
2426.21
2436.31
2441.49
2451.48
2457.63
2463.09
1502.69
1436.7
1460.91
1475.84
1486.96
1501.64
1476.26
1485.11
1500.74
1508.27
1523.29
1533.08
1542.37
1747.86
1759.25
1768.05
1780.9
1787.65
1800.86
1813.08
1828
1831.04
1711.27
1722.78
1730.19
1817.72
1856.78
1867.56
1781.55
1789.57
1804.1
1865.06
1875.03
1881.53
1888.18
1904.03
1933.83
1946.24
1900.19
1903.76
1908.72
1913.63
1928.63
1945.23
1888.01
1900.55
1913.68
1925.53
1931.83
1939.44
1946.69
1960.98
1973.59
1984.51
2000.37
2007.82
2021.06
2051.62
2022
2025.21
2038.91
2051.81
2063.69
2071.9
2082.74
2097.17
2104.76
2110.1
2123.31
2133.41
2142.73
2154.87
2165.22
2173.12
2176.42
2182.38
2192.94
2201.13
2209.7
2220.67
2229.89
2362.6
2370.19
2375.17
2382.8
2391.55
2401.81
2412.37
2421.56
2427.53
2437.26
2451.13
2459.64
2465.92
2475.57
2480.6
2490.29
2496.27
2501.54
1590
1503.4
1526.84
1541.3
1551.93
1566.02
1537.84
1546.32
1561.42
1568.49
1582.92
1592.29
1601.28
1617.48
1627.82
1638.66
1647.29
1658.53
1666
1675.02
1684.71
1725.44
1741.59
1746.91
1753.98
1867.3
1867.84
1879.47
1892.53
1899.21
1913.17
1910.06
1919.55
1925.77
1932.05
1947.56
1853.53
1868.56
1951.89
1955.21
1959.97
1964.57
1979.24
1995.46
1932.62
1944.67
1957.52
1969.11
1975.23
1982.64
1989.71
2003.48
2015.75
2026.42
2041.92
2049.21
2062.2
2192
2063.01
2066.06
2079.49
2092.16
2103.7
2111.71
2122.25
2136.26
2143.7
2148.81
2161.64
2171.46
2180.4
2192.31
2202.41
2210.06
2213.17
2218.84
2229.08
2237.13
2245.51
2256.31
2265.29
2394.55
2401.92
2406.78
2414.17
2422.73
2432.72
2443.09
2452.05
2457.76
2467.29
2480.76
2489
2495.16
2504.6
2509.49
2519.05
2524.93
2530.15
1483.54
1490.72
1501.89
1511.73
1530.76
1553.39
1682.85
1625.85
1641.16
1573.64
1584.33
1599.62
1629.97
1640.54
1650.3
1661.15
1761.05
1769.59
1746.94
1754.85
1816.1
1755.42
1845.72
1855
1865.7
1718.68
1728.93
1738.53
1702.78
1711.87
1726.92
1921.34
1857.95
1867.16
2070.04
2074.63
2083.91
2099.66
2116.83
2125.49
2146.02
2153.64
2158.39
2165.78
2169.38
2176.83
2186.15
2203.94
2217.4
2224.3
2203.88
2210.62
2219.01
2229.82
2236.55
2241.64
2099.99
2108.57
2119.56
2126.69
2137.13
2142.16
2151.18
2156.52
2166.5
2255.27
2260.48
2265.99
2274.23
2328.68
2335.02
2341.11
2346.14
2357.92
2364.63
2370.37
2382.05
2391.37
2397.57
2401.48
2407.91
2425.43
2433.97
2438.73
2445.77
2457
2468.32
2473.85
2485.92
2493.08
2371.48
2381.15
2385.56
2394.54
2396.89
2406.64
2415.19
2421.6
2429.75
1581.57
1587.49
1690.17
1478.55
1695.57
1710.53
1606.97
1627.38
1609.22
1617.28
1627.32
1583.33
1595.58
1919.08
1930.78
1585.66
1598.82
1605.68
1622.74
1660.32
1675.95
1685.31
1696.31
1773.4
1709.91
1875.56
1804.43
1814.35
1830.66
1800.86
1807.41
1821.48
1833.55
2120.69
2131.12
2139.5
2089.7
2102
2113.35
2123.46
2135.95
2139.55
2153.26
2175.62
2181.41
2069.72
2073.58
2087.18
2098.3
2104.27
2177.06
2188.66
2198.69
2205.74
2212.94
2219.49
2226.99
2236.58
2246.35
2253.58
2258.6
2266.57
2272.9
2281.39
2293
2282.85
2288.65
2295.38
2305.72
2316.39
2325.19
2330.56
2338.82
2343.31
2346.69
2353.25
2359.14
2364.74
2372.94
2377.86
2387.1
2394.26
2400.31
2408.62
2415.65
2424.13
2429.77
2435.18
2630.92
2638.12
2646.04
2654.2
2660.56
2670.3
2674.66
2685.5
2693.19
2699.17
2710.72
1706.25
1709.28
1740.34
1619.66
1744.6
1558.82
1655.65
1675.61
1676.93
1682.87
1696.7
1633.83
1645.72
1971.82
1983.18
1712.68
1722.66
1734.82
1740.2
1746.93
1756.29
1768.79
1779.13
1794.99
1921.88
1782.38
1856.86
1866.45
1882.28
1723.01
1731.54
1740.52
1754.53
2164.98
2175.05
2183.28
2132.25
2144.16
2155.32
2165.22
2177.54
2181.07
2194.42
2209.62
2215.17
2113.41
2117.17
2130.38
2141.15
2146.82
2211.2
2222.52
2232.27
2239.17
2246.14
2252.44
2259.75
2269.13
2278.63
2285.62
2290.48
2298.28
2304.44
2312.63
2323.93
2309.64
2315.27
2321.87
2332.01
2342.52
2351.2
2356.46
2364.56
2369.03
2372.24
2378.68
2384.38
2389.79
2397.76
2402.52
2411.58
2418.63
2424.58
2432.73
2439.61
2447.92
2453.43
2458.77
2658.41
2665.43
2673.19
2681.24
2687.45
2697
2701.3
2711.92
2719.44
2725.29
2736.63
1585.36
1599.23
1785.56
1593.03
1647.64
1647.32
1900.02
1908.17
1684.34
1692.53
1704.86
1753.29
1759.58
1776.16
1789.85
1759.36
1769.02
1780.84
1786.09
1792.61
1801.81
1813.99
1824.04
1839.42
2003.98
1992.96
2000.06
2008.19
1853.09
1862.79
1987.06
1992.56
2002.37
2196.66
2206.44
2214.55
2166.23
2176.58
2153.98
2158.58
2162.15
2167.72
2182.87
2234.75
2240.18
2149.17
2152.8
2165.42
2175.79
2181.15
2238.61
2249.65
2259.14
2265.86
2272.75
2278.94
2286.06
2295.23
2304.42
2311.18
2315.92
2323.59
2329.58
2337.65
2348.76
2339.06
2344.58
2351
2360.91
2371.09
2379.49
2384.58
2392.44
2396.86
2399.98
2406.32
2411.9
2417.02
2424.67
2429.31
2438.14
2445.02
2450.84
2458.75
2465.48
2473.63
2478.99
2484.25
2684.45
2691.21
2698.75
2706.73
2712.81
2722.22
2726.45
2736.89
2744.24
2750.02
2761.08
1636.65
1650.15
1791.34
1807.32
1817.17
1826.94
1841.51
1848.99
1769.57
1775.86
1785.5
2065.17
2072.94
1828.94
1842.24
1813.82
1823.21
1834.64
1839.66
1845.89
1854.74
1866.32
1876.14
1890.91
1835.26
1849.42
1857.67
1864.78
2070.31
1966.41
2018.71
2024.12
2033.79
2244.53
2253.75
2261.64
2218.22
2228.12
2203.8
2208.3
2211.61
2216.95
2231.5
2105.96
2113.66
2198.5
2201.99
2214.17
2224.09
2229.25
2274.22
2285.06
2294.26
2300.85
2307.62
2313.66
2320.59
2329.56
2338.57
2345.18
2349.76
2357.31
2362.96
2370.82
2381.61
2293.24
2303.02
2312.28
2321.79
2402.92
2410.28
2416.91
2426.42
2440.25
2447.21
2452.2
2457.32
2461.35
2467.78
2474.55
2482.46
2488.55
2498.16
2504.31
2513.77
2522.05
2530.49
2535.75
2711.77
2718.33
2725.7
2733.57
2739.42
2748.62
2752.78
2762.99
2770.24
2775.91
2786.76
1714.03
1719.78
1845.15
1851.13
1864.07
1876.3
1890.4
1734.74
1828.36
1834.43
1843.67
2106.47
2113.95
1890.98
1903.96
1866.69
1875.64
1886.63
1891.31
1897.27
1905.99
1916.98
1926.55
1940.85
2016.37
2028.6
2036.77
2049.34
2062.77
2072.93
2085.21
2098.26
2112.13
2282.76
2291.63
2299.25
2091.76
2104.28
2246.85
2251.08
2254.13
2259.19
2273.1
2294.2
2298.47
2236.18
2239.63
2251.59
2261.33
2266.37
2315.03
2325.43
2334.31
2340.6
2347.09
2352.92
2359.71
2368.36
2376.97
2383.32
2387.72
2395.04
2400.48
2408.07
2418.5
2468.38
2482.14
2493.14
2501.06
2441.05
2448.26
2454.81
2464.02
2477.41
2484.1
2488.86
2493.82
2497.72
2503.91
2510.48
2518.23
2524.05
2533.38
2539.3
2548.53
2556.61
2564.8
2569.93
2737.09
2743.55
2750.83
2758.54
2764.28
2773.35
2777.4
2787.48
2794.54
2800.13
2810.81
1981.99
1994.38
1765.43
1780.56
1790.74
1803.02
1806.94
1892.85
1940.49
1951.88
1877.33
1946.04
1956.67
1965.46
1978.08
1988.79
1998.85
2005.05
2017.85
2026.02
2035.02
2046.83
2055.65
2062.68
2071.88
2082.01
2062.39
2121.43
2133.33
2142.06
2151.71
2157.11
2163
2111.87
2117.54
2126.11
2134.58
2219.91
2230.98
2242.16
2249.42
2254.77
2262.02
2316.88
2321.04
2298.26
2302.61
2315.93
2324.14
2332.07
2340.38
2350.55
2359.13
2365.27
2371.65
2377.36
2384
2392.49
2400.93
2407.02
2411.31
2418.52
2423.65
2430.94
2441
2566.85
2575.31
2587.4
2595.61
2473.89
2480.97
2487.47
2496.3
2509.3
2515.82
2520.42
2525.16
2528.9
2534.92
2541.3
2548.91
2554.56
2563.7
2569.4
2578.36
2586.16
2593.94
2598.98
2530.74
2542.03
2547.22
2554.68
2557.88
2571.44
2582.29
2701.41
2709.34
2716.09
2719.86
2032.73
2044.65
1834.27
1846.97
1861.43
1876.17
1884.53
1927.88
1801.95
1809.4
1883.61
2084.28
2092
2100.93
2110.6
2114.23
2123.45
2132.83
2141.6
2155.39
2159.82
2175.01
2193.65
2204.21
2209.91
2216.11
2174.23
2186.86
2191.71
2196.45
2204.3
2214.18
2224.89
2148.23
2153.75
2162.07
2170.36
2224.51
2238.23
2248.37
2256.89
2261.17
2274.33
2358.26
2362.31
2343.6
2347.81
2360.76
2368.66
2376.36
2384.29
2394.09
2402.42
2408.3
2414.45
2420.01
2426.4
2434.5
2442.44
2448.23
2452.31
2459.29
2464.2
2471.27
2480.99
2548.25
2551.38
2559.22
2567.24
2511.49
2518.33
2524.68
2533.26
2545.8
2551.96
2556.34
2560.92
2564.49
2570.31
2576.43
2583.84
2589.22
2598.03
2603.47
2612.08
2619.65
2627.25
2632.22
2730.69
2575.71
2580.79
2588.1
2591.28
2604.52
2615.08
2725.6
2733.4
2740.03
2743.67
1852.24
1860.96
1909.63
1919.28
1930.44
1942.02
1958.04
1965.58
1877.09
1882.41
1953.57
1947.33
1961.43
1969.67
1980.78
1989.35
1995.48
2008.38
2014.27
2019.57
2027.49
2053.92
2055.79
2064.11
2072.35
2081.41
2114.47
2126.54
2133.49
2145.09
2157.08
2163.3
2172.73
2156.21
2305.67
2309.33
2315.04
2262.03
2275.27
2285.23
2293.52
2297.71
2310.61
2394.36
2398.27
2374.96
2379.07
2391.84
2399.53
2407.08
2414.75
2424.32
2432.42
2438.15
2444.14
2449.53
2455.8
2463.69
2471.53
2477.2
2481.13
2488.03
2492.81
2499.71
2509.34
2394.67
2400.92
2406.55
2413.89
2420.17
2428.84
2429.08
2435.35
2444.99
2480.82
2486.52
2496.45
2503.12
2513.39
2522.49
2524.65
2529.99
2535.61
2541.46
2545.54
2553.48
2559.63
2568.62
2617.18
2625.53
2632.56
2636.39
2641.48
2575.18
2578.9
2578.16
2664
2666.9
2675.09
1930.89
1853.21
1957.63
1967
1977.8
1988.82
2004.24
2011.49
1923.79
1928.92
1987.99
2105.36
2117.31
2127.71
2134.07
2142.48
2149.89
2153.8
2163.91
2170.08
2173.69
2183.04
2188.17
2196.79
2205.94
2216.45
2228.13
2233.93
2239.66
2243.52
2250.72
2256.7
2265.18
2190.25
2333.35
2336.89
2342.5
2339.55
2351.97
2358.67
2375.61
2381.67
2384.99
2389.25
2391.87
2397.69
2405.15
2416.5
2367.51
2370.9
2379.57
2386.11
2392.28
2396.35
2404.89
2411.81
2417.26
2424.3
2439.5
2442.89
2447.86
2455.07
2460.03
2470.65
2482.34
2423.66
2429.77
2435.24
2442.47
2448.69
2457.18
2457.39
2463.57
2472.95
2508.47
2514.06
2523.68
2530.08
2540.12
2548.86
2550.92
2556.12
2561.59
2567.33
2571.32
2579.13
2585.15
2594.03
2649.51
2654.99
2661.34
2665.62
2671.91
2680.35
2689.56
2695.86
2703.12
2709.28
2710.14
1891.37
1908.04
1995.97
2005.09
2015.7
2026.36
2041.49
2048.54
2187.45
2191.22
2201.81
2154.83
2166.47
2176.55
2182.69
2190.86
2197.86
2198.81
2208.67
2214.61
2218.05
2227.03
2231.9
2240.32
2249.17
2259.4
2270.54
2275.97
2281.54
2285.32
2292.2
2297.96
2306.17
2345.25
2359.17
2364.33
2372.73
2377.34
2389.33
2395.77
2412.35
2418.21
2421.36
2425.46
2427.96
2433.54
2440.87
2451.94
2396.83
2400.12
2408.65
2415.08
2421.14
2425.09
2433.47
2440.22
2445.55
2452.49
2467.43
2470.73
2475.58
2482.65
2487.5
2497.92
2509.37
2534.48
2540.19
2545.4
2552.47
2559.48
2566.84
2570.95
2577.79
2580.54
2582.08
2588.75
2592.31
2594.81
2599.46
2603.15
2610.49
2615.07
2619.94
2627.51
2634.88
2724.17
2726.67
2731.82
2769.78
2775.94
2781.54
2788.92
2687.35
2693.59
2700.46
2707.33
2714.62
2717.63
2723.24
1981.35
1995.54
2039.15
2048.07
2058.46
2068.78
2083.52
2090.39
2220.5
2224.11
2234.43
2103.03
2111.79
2121.99
2131.94
2141.6
2151.77
2243.52
2249.04
2260.8
2264.98
2168.39
2174.52
2187.9
2199.52
2207.95
2219.75
2226.18
2235.31
2247.93
2258.5
2218.51
2230.49
2372.9
2386.41
2391.52
2399.77
2483.47
2494.81
2500.95
2518.04
2523.55
2526.71
2532.1
2534.37
2539.75
2546.73
2558.67
2569.16
2573.64
2579.17
2583.91
2589.99
2598.1
2601.41
2604.72
2609.29
2617.78
2625.11
2632.62
2638.42
2640.89
2644.89
2649.55
2655.58
2554.68
2560.21
2565.32
2572.24
2579.16
2586.39
2590.38
2597.15
2599.83
2601.32
2607.81
2611.2
2613.54
2618.01
2621.54
2628.65
2633.2
2638.02
2645.44
2652.71
2745.75
2748.21
2753.26
2721.36
2726.21
2732.05
2739.77
2743.17
2752.3
2759.57
2830.18
2838.61
2839.34
2843.31
2070.8
2078.36
2064.22
2072.95
2083.2
2093.29
2107.83
2114.56
2084.27
2094.78
2102.71
2116.44
2121.54
2133.52
2143.48
2148.61
2153.8
2160.94
2172.73
2181.18
2185.91
2190.55
2197.4
2206.27
2213.93
2222.09
2226.09
2238.83
2245.95
2257.29
2263.83
2269.42
2280.76
2401.24
2414.33
2419.28
2427.25
2509
2519.98
2525.88
2542.56
2547.92
2551.01
2556.26
2558.48
2563.82
2570.7
2582.45
2592.81
2597.18
2602.59
2607.23
2613.2
2621.14
2624.39
2627.57
2632.07
2640.43
2647.67
2655.11
2660.79
2663.2
2667.19
2671.77
2677.7
2563.37
2567.73
2572.58
2582.66
2584.91
2588.87
2593.6
2600.39
2607.13
2611.05
2613.71
2619.48
2626.79
2634.89
2644.57
2657.5
2664.37
2668.38
2672.2
2604.52
2764.15
2766.55
2771.54
2739.71
2744.51
2750.27
2757.86
2761.2
2770.03
2777.12
2853.66
2861.91
2862.61
2866.5
1988.07
1995.05
2002.56
2009.08
2018.91
2117.44
2125.82
2133.89
2128.85
2136.2
2148.04
2159.41
2169.69
2180.89
2187.84
2199.08
2207.08
2215.92
2225.68
2235.5
2239.71
2246.39
2249.26
2255.2
2262.58
2272.99
2278.17
2285.09
2292.68
2302.28
2313.86
2321.04
2515.35
2523.16
2535.59
2604.01
2610.8
2618.42
2627.65
2639.7
2650.57
2655.73
2661.46
2454.9
2462.79
2470.12
2475.93
2479.35
2483.91
2486.89
2496.15
2506.08
2511.95
2518.05
2528.91
2690.73
2698.54
2706.29
2709.91
2716.6
2720.6
2701.76
2707.14
2713.46
2722.96
2728.05
2738.09
2747.3
2753.22
2757.93
2573.72
2581.73
2588.96
2594.45
2598.41
2606.54
2613.71
2620.06
2626.62
2636.18
2643.63
2648.9
2655.51
2663.61
2670.79
2678.71
2688.69
2691.59
2703.68
2712.21
2718.19
2722.61
2770.77
2775.52
2778.17
2784.37
2788.36
2790.93
2800.86
2097.5
2107.37
2116.13
2215.21
2225.17
2231.38
2086.73
2096.65
2106.27
2109.48
2119.47
2214.25
2241.14
2248.49
2258.48
2268.5
2279.88
2284.65
2292.89
2298.27
2305.53
2311.81
2319.07
2323.61
2330.73
2336.2
2441.42
2446.27
2452.77
2456.04
2463.25
2470.87
2471.52
2476.37
2488.68
2643.17
2649.86
2657.21
2666.22
2678.07
2688.75
2693.77
2699.3
2488.67
2496.41
2503.58
2509.26
2512.58
2517.04
2519.98
2529.07
2538.7
2544.46
2550.39
2560.98
2724.1
2731.75
2739.3
2742.83
2749.29
2753.06
2799.79
2805.52
2811.54
2821.76
2826.44
2832.56
2843.06
2847.8
2854.86
2860.84
2870.76
2875.15
2881
2882.84
2888.46
2889.96
2896.29
2712.36
2723.35
2730.17
2734.65
2743.76
2751.89
2756.46
2762.04
2769.01
2772.83
2779.28
2782.31
2787.64
2797.75
2800.93
2804.99
2808.17
2814.4
2823.13
2825.6
2835.35
2313.35
2322.4
2332.08
2236.17
2245.94
2252
2123.02
2132.82
2142.27
2145.43
2155.21
2242.38
2271.4
2278.62
2288.33
2298.1
2309.3
2313.97
2321.97
2327.23
2334.34
2340.48
2347.61
2352.08
2359.03
2364.4
2449.01
2456.6
2464.23
2470.56
2475.6
2486.06
2498.88
2503.63
2515.7
2450.07
2455.9
2631.45
2640.37
2650.28
2660.91
2665.81
2672.87
2677.88
2680.72
2688.93
2695.38
2701.52
2705.72
2714.01
2722.43
2556.66
2561.35
2569.27
2575.32
2582.64
2590.7
2605.05
2614.43
2621.39
2625.89
2823.36
2828.96
2834.9
2844.97
2849.53
2855.58
2865.88
2870.51
2877.49
2883.34
2893.09
2897.32
2903.08
2904.87
2910.31
2911.74
2917.95
2728.56
2739.34
2746.1
2750.54
2759.57
2767.62
2772.13
2777.66
2784.55
2788.34
2794.71
2797.68
2802.96
2812.95
2816.09
2820.1
2823.24
2829.35
2839.87
2842.26
2851.84
2161.03
2170.29
2175.45
2294.83
2300.71
2310.99
2320.55
2332.03
2337.51
2345.94
2356.36
2361.25
2368.15
2378.08
2386.56
2394.1
2396.89
2406.62
2414.48
2419.77
2428.62
2434.31
2443.43
2455.78
2463.87
2472.92
2479.17
2483.76
2489.6
2492.88
2497.69
2364.3
2500.63
2508.37
2516.16
2519.2
2523.41
2532.41
2539.54
2544.23
2551.95
2555.14
2665.29
2673.01
2675.17
2682.28
2688.56
2693.91
2700.5
2706.31
2712.23
2719.3
2728.01
2734.56
2577.42
2581.31
2591.28
2604.16
2608.53
2616.6
2623.86
2649.95
2657.04
2664.53
2671.79
2678.55
2684.68
2690.23
2697.24
2702.29
2749.13
2755.3
2762.41
2770.16
2774.74
2781.63
2788.21
2795.73
2806
2815.46
2820.18
2823.48
2828.98
2760.32
2764.81
2770.31
2777.18
2778.27
2784.55
2788.85
2794.04
2802.36
2805.39
2809.54
2946.72
2950.07
2957.93
2961.93
2964.96
2201.34
2210.41
2215.5
2326.3
2331.91
2342
2351.28
2362.53
2367.76
2375.98
2386
2391.22
2397.98
2407.67
2415.99
2423.37
2426.1
2435.61
2443.21
2448.41
2456.91
2462.38
2471.16
2483.2
2491.18
2499.98
2506.1
2510.53
2516.19
2519.34
2524.03
2391.08
2523.75
2531.32
2538.98
2541.95
2546.05
2554.82
2561.74
2566.28
2573.8
2576.94
2686.55
2694.11
2696.2
2703.19
2709.35
2714.6
2720.97
2726.66
2732.48
2739.38
2747.99
2754.44
2605.4
2609.19
2618.93
2631.46
2635.7
2643.59
2650.69
2672.15
2679.1
2686.46
2693.55
2700.09
2706.1
2711.54
2718.37
2723.32
2774.46
2780.46
2787.35
2794.95
2799.41
2806.06
2812.51
2819.68
2829.78
2838.83
2843.37
2846.57
2852
2788.87
2793.24
2798.6
2805.3
2806.38
2812.52
2816.63
2821.62
2829.67
2832.56
2836.67
2964.65
2967.91
2975.61
2979.5
2982.5
2276.68
2286.85
2300.58
2416.46
2219.17
2226.36
2236.59
2244.14
2250.22
2345.63
2354.32
2362
2369.18
2376.05
2386.43
2394.04
2401.93
2407.41
2413.37
2418.25
2423.58
2427.73
2433.11
2438.74
2448.06
2454.64
2461.62
2470.93
2478.58
2484.91
2493.83
2424.19
2557.75
2565.08
2572.47
2575.31
2579.2
2587.63
2594.34
2598.69
2605.9
2608.97
2585.99
2589.94
2594.15
2600.45
2602.97
2614.73
2621.36
2625.64
2668.2
2674.9
2680.6
2691.38
2695.9
2698.38
2707.05
2713.62
2719.61
2728.56
2732.44
2740.31
2744.66
2748.75
2754.93
2762.7
2768.31
2772.51
2778.08
2783.84
2800.96
2806.84
2813.41
2820.88
2825.21
2831.64
2837.83
2844.79
2854.65
2863.54
2868.01
2871.08
2876.37
2812.51
2816.79
2822.01
2828.51
2829.58
2835.6
2839.62
2844.46
2852.24
2855.03
2859.09
2984.97
2988.2
2995.75
2999.55
3002.53
2314.66
2324.64
2338.14
2342.01
2345.4
2350.53
2363.47
2368.88
2377.77
2334.69
2339.68
2346.28
2530.35
2536.41
2418.7
2423.34
2430.46
2439.58
2441.05
2450.27
2454.08
2462.9
2466.32
2474.93
2617.89
2622.59
2628.68
2633.05
2636.11
2637.62
2642.71
2447.45
2581.24
2588.45
2595.58
2598.32
2602.1
2610.29
2616.79
2620.92
2627.86
2630.88
2632.68
2641.55
2651.34
2657.82
2664.39
2671.56
2677.11
2682.41
2756.28
2757.7
2762.32
2769.72
2773.49
2782.27
2790.55
2799.07
2805.12
2813.3
2820.66
2828.56
2833.29
2835.85
2842.65
2844.81
2853.65
2859.48
2862.84
2870.8
2829.63
2835.43
2841.82
2849.16
2853.35
2859.59
2865.65
2872.45
2882.17
2890.87
2895.2
2898.14
2903.36
2841.27
2845.41
2850.54
2856.87
2857.9
2863.79
2867.67
2872.36
2879.91
2882.6
2886.62
3012.8
3015.99
3023.39
3027.07
3030.01
2461.62
2466.94
2474.59
2477.7
2484.17
2493.67
2502.12
2509.06
2514.82
2522.4
2534.07
2546.21
2550.71
2559.67
2568.9
2575.39
2604.77
2610.9
2615.92
2626.28
2630.79
2632.09
2640.04
2643.25
2648.25
2659.04
2666.88
2670.73
2680.32
2684.35
2690
2695.89
2702.47
2707.93
2567.76
2572.49
2579.14
2584.02
2589.77
2596.82
2602.6
2603.76
2662.91
2671.56
2681.1
2687.33
2693.67
2700.71
2706.1
2711.3
2792
2793.38
2797.83
2805.07
2808.71
2817.19
2825.14
2833.46
2839.34
2847.29
2854.41
2862.05
2866.64
2869.07
2875.64
2877.7
2886.37
2892.06
2895.34
2903
2866.84
2872.45
2878.56
2885.75
2889.85
2895.9
2901.76
2908.35
2917.9
2926.36
2930.61
2933.4
2938.5
2831.8
2834.75
2841.03
2845.97
2852.13
2855.59
3075.49
3079.79
3085.89
3090.15
3098.6
3042.64
3045.81
3053.02
3056.55
3059.47
2358.57
2365.81
2351.16
2358.84
2368.04
2372.32
2409.58
2417.59
2419.84
2433.4
2441.81
2453.75
2564.47
2594.55
2598.33
2606.08
2611.03
2615.89
2621.55
2631.87
2637.22
2641.07
2649.1
2651.85
2656.62
2664.02
2672.82
2679.34
2684.6
2690.08
2692.89
2703.27
2713.23
2716.08
2726.62
2729.91
2736.13
2740.74
2746.63
2751.74
2757.33
2760.92
2694.59
2703.01
2712.31
2718.37
2724.52
2731.43
2736.68
2741.63
2819.88
2821.19
2825.51
2832.58
2836.13
2844.45
2852.17
2860.27
2865.91
2873.66
2880.59
2888.01
2892.52
2894.85
2901.26
2903.25
2911.66
2917.24
2920.43
2927.85
2890.57
2896.09
2902.02
2909.14
2913.17
2919.09
2924.85
2931.29
2940.7
2949.02
2953.2
2955.9
2960.95
2860.38
2863.2
2869.33
2874.2
2880.21
2883.6
3095.61
3099.84
3105.83
3109.98
3118.3
3064.21
3067.31
3074.36
3077.83
3080.7
2638.41
2644.27
2465.57
2471.87
2476.51
2483.71
2486.94
2494.13
2498.01
2503.81
2509.14
2520.36
2526.5
2486.42
2492.99
2501.5
2506.62
2511.6
2518.12
2521.3
2529.07
2535.47
2541
2546.29
2558.62
2565.95
2570.84
2575.16
2585.19
2590.76
2595.45
2601.14
2612.18
2619.29
2621.36
2626.32
2632.85
2638.41
2645.94
2650.5
2657.21
2662.65
2776.76
2786.62
2792.72
2797.24
2802.8
2807.31
2814.53
2822.01
2825.14
2830.31
2835.9
2840.93
2842.41
2844.56
2850.96
2860.2
2862.93
2869.53
2874.44
2878.21
2885.86
2891.31
2894.17
2899.21
2908.89
2912.65
2916.61
2920.09
2927.05
2932.57
2937.85
2945.33
2950.71
2957.52
2962.62
2967.28
2975.23
2982.66
2989.36
2994.58
3000.99
3004.77
3008.89
3018.23
3022.28
3024.36
3029.21
3032.65
3036.9
3041.77
3046.38
3049.95
3054.81
3056.26
3061.44
3066.61
3071.39
2665.56
2671.32
2491.64
2497.75
2502.23
2509.33
2512.42
2519.46
2523.18
2528.83
2534.05
2545.03
2551.03
2521.34
2527.65
2535.93
2540.78
2545.62
2551.96
2555.01
2562.49
2568.77
2574.21
2579.38
2591.4
2598.6
2603.36
2607.59
2617.45
2622.82
2627.45
2633.02
2643.81
2650.8
2652.78
2657.64
2664.04
2669.54
2676.93
2681.4
2687.92
2693.24
2803.04
2812.69
2818.7
2823.07
2828.57
2832.98
2840.03
2847.4
2850.45
2855.53
2861
2865.96
2867.42
2869.48
2875.81
2884.87
2887.49
2893.96
2898.78
2902.5
2910.03
2915.37
2918.15
2923.04
2932.46
2936.16
2940.03
2943.45
2950.27
2955.69
2960.88
2968.23
2973.46
2980.04
2985.01
2989.61
2997.41
3004.72
3011.3
3016.42
3022.71
3026.43
3030.46
3039.68
3043.68
3045.72
3050.48
3053.86
3058.05
3062.84
3067.37
3070.85
3075.61
3077.04
3082.13
3087.24
3091.97
2478.43
2484.05
2488.3
2496.62
2502.8
2508.97
2451.69
2587.86
2591.5
2600.43
2607.3
2616.56
2621.61
2630.22
2636.37
2643.43
2649.74
2653.15
2658.22
2662.04
2669.48
2670.33
2681.04
2688.41
2698.69
2707.45
2714.97
2723.27
2726.36
2734.25
2738.35
2744.19
2747.63
2751.91
2755.47
2760.65
2765.26
2774.81
2782.61
2789.54
2799.12
2801.95
2809.73
2814.87
2820.95
2825.62
2830.57
2835.44
2841.75
2847.63
2850.86
2854.89
2859.85
2864.85
2871.19
2875.95
2882.34
2895.95
2904.9
2910.32
2966.41
2968.05
2970.94
2974.22
2978.81
2984.56
2988.62
2993.66
2997.22
3000.41
3001.69
3007.32
3009.66
3013.56
3016.5
3023.31
3028.59
3031.59
3036.85
3040.76
3045.68
3049.74
3054.88
2974.82
2981.03
2986.28
2991.75
2995.64
3000.5
3004.11
3007.39
3010.48
3016.11
3019.78
3022.88
3028.41
3032.4
3034.4
3039.62
2499.45
2504.97
2509.18
2517.29
2523.34
2529.35
2474.79
2604.78
2608.38
2617.21
2624
2633.08
2638.09
2646.51
2652.57
2659.46
2665.73
2669.08
2674.08
2677.85
2685.04
2685.86
2696.41
2703.73
2713.87
2722.58
2730.04
2738.26
2741.29
2749
2753.06
2758.86
2762.24
2766.45
2769.89
2775.02
2779.55
2789.01
2796.68
2803.5
2812.98
2815.78
2823.45
2828.55
2834.58
2839.11
2843.96
2848.64
2854.86
2860.63
2863.81
2867.77
2872.66
2877.57
2883.8
2888.49
2894.79
2908.26
2917.06
2922.41
2977.83
2979.45
2982.29
2985.53
2990.07
2995.74
2999.74
3004.73
3008.21
3011.37
3012.63
3018.19
3020.5
3024.37
3027.25
3034.01
3039.22
3042.2
3047.42
3051.29
3056.13
3060.17
3065.22
2988.74
2994.89
3000.05
3005.4
3009.26
3014.02
3017.57
3020.82
3023.87
3029.44
3033.06
3036.14
3041.62
3045.58
3047.57
3052.73
2524.78
2528.24
2536.42
2542.09
2546.35
2551.94
2524.7
2640.74
2644.25
2652.87
2659.4
2668.09
2672.9
2681.12
2687.09
2693.83
2700.01
2703.24
2708.1
2711.7
2718.76
2719.55
2729.98
2737.21
2747.16
2755.72
2763.04
2771.1
2774.03
2781.54
2785.49
2791.21
2794.51
2798.59
2801.88
2806.88
2811.37
2820.62
2828.04
2834.72
2844
2846.74
2854.19
2859.14
2865.05
2869.42
2874.11
2878.66
2884.65
2890.23
2893.23
2897.01
2901.81
2906.62
2912.77
2917.29
2923.34
2936.49
2945.07
2950.22
3001.65
3003.23
3006
3009.19
3013.64
3019.23
3023.12
3028.01
3031.45
3034.55
3035.78
3041.26
3043.54
3047.35
3050.19
3056.91
3062.03
3064.97
3070.15
3073.96
3078.73
3082.7
3087.66
3011.82
3017.82
3022.8
3028.07
3031.87
3036.55
3040.07
3043.28
3046.26
3051.67
3055.24
3058.26
3063.68
3067.59
3069.55
3074.64
2548.27
2551.68
2559.75
2565.29
2569.48
2574.99
2550.01
2670.43
2673.8
2682.27
2688.68
2697.21
2701.91
2709.91
2715.75
2722.3
2728.4
2731.56
2736.25
2739.79
2746.73
2747.5
2757.73
2764.86
2774.68
2783.13
2790.35
2798.23
2801.09
2808.42
2812.26
2817.88
2821.11
2825.07
2828.27
2833.17
2837.55
2846.61
2853.78
2860.27
2869.41
2872.08
2879.36
2884.22
2889.97
2894.2
2898.76
2903.17
2909.02
2914.4
2917.3
2920.95
2925.69
2930.34
2936.36
2940.77
2946.69
2959.57
2968.02
2973.06
3020.11
3021.68
3024.4
3027.56
3031.96
3037.5
3041.34
3046.18
3049.57
3052.65
3053.87
3059.3
3061.56
3065.33
3068.13
3074.76
3079.81
3082.69
3087.83
3091.59
3096.3
3100.21
3105.09
3028.91
3034.83
3039.73
3044.96
3048.71
3053.34
3056.82
3059.99
3062.91
3068.25
3071.79
3074.78
3080.15
3084
3085.93
3090.93
2674.44
2678.59
2685.65
2688.28
2693.42
2701.51
2641.61
2686.59
2689.91
2698.28
2704.61
2712.97
2719.14
2727.06
2732.85
2739.21
2745.25
2748.36
2753.06
2756.55
2763.42
2764.2
2774.36
2781.44
2792.34
2759.62
2766.78
2770.79
2780.24
2782.03
2785.38
2789.74
2793.68
2798.88
2807.03
2810.94
2818.49
2823.46
2824.54
2828.78
2833.92
2837.01
2842.61
2851.31
2917.46
2921.41
2926.47
2930.42
2937.05
2942.8
2945.5
2950.01
2955.01
2959.66
2960.98
2962.68
2967.28
2975.44
2979
2985.02
2990.89
2994.43
3001.6
3006.62
3009.19
3013.55
3023.41
3026.84
3029.13
3032.32
3038.74
3043.78
3047.59
3053.2
3058.14
3065.51
3070.14
3074.49
3081.81
3088.73
3094.99
3101
3106.99
3077.14
3079.14
3083.92
3088.64
3094.61
3104.06
3109.35
3114.54
3116.17
3120.99
3125.29
3127.28
3134.52
3139.03
3142.51
3146.58
2646.33
2650.78
2659.93
2666.65
2670.58
2677.24
2675.6
2676.99
2699.63
2706.83
2713.07
2717.84
2723.5
2846.03
2850.24
2856.84
2860.56
2863.33
2867.05
2875.59
2881.4
2884.72
2891.25
2893.74
2895.54
2901.48
2909.83
2915.23
2919.67
2924.32
2926.57
2933.83
2939.6
2945.52
2884.94
2891.77
2894.01
2898.88
2902.88
2910.01
2917.23
2919.48
2922.43
2863
2865.43
2867.61
2870.01
2872.36
2879.05
2883.39
2890.8
2894.88
2898.33
2902.95
2905.74
2910.75
2916.26
2922.64
2931.61
2936.12
2942.76
2944.79
2950.55
2956.34
2962.13
2968.71
2973.64
2979.94
2985.51
2991.34
2995.08
3000.1
3005.43
3013.43
3016.3
3025.02
3028.62
3032.5
3036.51
3042.8
3050.45
3052.72
3058.1
3077.19
3079.14
3141.27
3145.03
3146.85
3151.32
3154.46
3158.31
3162.7
3166.89
3170.04
3174.41
3176.79
3181.36
3186.02
3190.43
2664.35
2668.7
2677.74
2684.37
2688.22
2694.8
2696.45
2625.66
2634.31
2637.85
2645.27
2656.93
2660.23
2663.74
2667.95
2675.85
2679.84
2686.1
2688.04
2695.86
2702.12
2708.13
2709.69
2711.74
2718.66
2820.46
2827.12
2834.58
2837.3
2844.16
2848.85
2854.13
3021.57
3023.74
3026.31
3027.39
3033.66
3037.09
3045.86
3053.64
3061.21
3064.89
3069.59
3073.13
3075.33
3081.56
3086.39
3089.25
3092.28
3099.47
3103.78
3107.9
3112.04
3113.7
3116.67
3121.28
3125.61
3130.76
3139.05
3140.86
3145.99
3151.34
3155.84
3160.33
3168.17
3171.22
3176.59
3183.25
3186.55
3191.91
3196.27
3203.9
3207.26
3213.22
3214.55
3219.8
3220.45
3225.13
3231
3238.54
3243.86
3248.83
3250.9
3255.18
3256.4
3259.98
3266.12
3270.47
3275.79
3279.53
3284.14
3289.19
3293.55
3298.83
3301.47
3308.31
3311.89
3314.32
3320.35
2691.24
2695.53
2704.4
2710.9
2714.68
2721.12
2723.87
2856.27
2859.03
2866.87
2873.42
2882.02
2885.59
2892.29
2897.28
2899.17
2903.74
2909.46
2912.25
2919.81
2921.5
2928.6
2939.58
2945.38
2949.57
2842.53
2849.09
2856.46
2859.12
2865.84
2870.41
2875.6
3044.52
3046.66
3049.17
3050.22
3056.43
3059.78
3068.37
3076.02
3083.45
3087.07
3091.66
3095.12
3097.24
3103.32
3108.04
3110.84
3113.79
3120.85
3125.05
3129.12
3133.17
3134.76
3137.68
3142.24
3146.53
3151.57
3159.66
3161.33
3166.28
3171.56
3176
3180.4
3188.07
3191.06
3196.32
3202.91
3206.14
3211.43
3215.74
3223.23
3226.54
3232.38
3233.68
3238.85
3239.45
3244.06
3249.86
3257.29
3262.49
3267.4
3269.42
3273.62
3274.8
3278.33
3284.38
3288.67
3293.85
3297.51
3302.06
3307.02
3311.28
3316.48
3319.08
3325.8
3329.31
3331.68
3337.6
2712.03
2716.25
2724.95
2731.35
2735
2741.34
2745.36
2871.42
2874.13
2881.84
2888.27
2896.8
2900.27
2906.89
2911.82
2913.68
2918.23
2923.88
2926.63
2934.07
2935.72
2942.7
2953.53
2959.31
2963.42
2867.85
2874.31
2881.53
2884.07
2890.6
2895.07
2900.22
3058.4
3060.48
3062.95
3063.96
3070.06
3073.3
3081.71
3089.2
3096.5
3100.09
3104.58
3107.98
3110.06
3116.04
3120.68
3123.4
3126.26
3133.2
3137.33
3141.35
3145.3
3146.89
3149.75
3154.23
3158.43
3163.35
3171.32
3172.94
3177.84
3183.07
3187.48
3191.82
3199.41
3202.36
3207.6
3214.12
3217.31
3222.54
3226.8
3234.2
3237.45
3243.25
3244.53
3249.6
3250.18
3254.72
3260.43
3267.76
3272.89
3277.66
3279.68
3283.82
3284.97
3288.43
3294.36
3298.63
3303.69
3307.31
3311.82
3316.74
3320.92
3326.06
3328.63
3335.28
3338.75
3341.06
3346.89
2735.63
2739.77
2748.37
2754.65
2758.2
2764.45
2763.58
2892.15
2894.78
2902.3
2908.63
2917.08
2920.44
2926.92
2931.75
2933.58
2938.04
2943.62
2946.26
2953.49
2955.08
2961.99
2972.71
2978.44
2982.47
3049.57
3051.94
3054.89
3057.95
3062.41
3068.92
3073.54
3079.97
3082.01
3084.41
3085.41
3091.41
3094.57
3102.82
3110.18
3117.31
3120.84
3125.24
3128.62
3130.67
3136.49
3141.05
3143.67
3146.42
3153.14
3157.21
3161.17
3165.05
3166.6
3169.39
3173.81
3177.97
3182.77
3190.68
3192.26
3197.09
3202.23
3206.6
3210.88
3218.39
3221.29
3226.46
3232.92
3236.04
3241.17
3245.38
3252.64
3255.84
3261.6
3262.86
3267.87
3268.43
3272.83
3278.45
3285.66
3290.65
3295.33
3297.32
3301.39
3302.51
3305.89
3311.7
3315.93
3320.86
3324.44
3328.91
3333.74
3337.83
3342.92
3345.42
3351.93
3355.3
3357.59
3363.32
2771.07
2775.1
2783.49
2788.33
2791.77
2797.83
2824.43
2882.39
2886.78
2893.56
2896.56
2903.73
2908.55
2914.13
2917.97
2924
2927.29
2929.71
2933.1
2940.84
2946.27
2949.25
2955.19
2956.32
2865.5
3071.85
3074.08
3077.01
3079.94
3084.31
3090.66
3095.19
3101.48
3103.45
3105.75
3106.74
3112.63
3115.71
3123.8
3130.98
3137.94
3141.44
3145.73
3149.09
3151.14
3156.81
3161.25
3163.74
3166.41
3173.03
3176.97
3180.89
3184.69
3186.19
3188.9
3193.24
3197.37
3202.08
3209.8
3211.35
3216.14
3221.25
3225.56
3229.73
3237.1
3239.9
3244.96
3251.24
3254.24
3259.22
3263.37
3270.5
3273.63
3279.36
3280.62
3285.55
3286.08
3290.35
3295.83
3302.86
3307.8
3312.36
3314.29
3318.26
3319.34
3322.63
3328.38
3332.57
3337.42
3340.92
3345.29
3350.03
3354.03
3359.05
3361.51
3367.93
3371.17
3373.43
3379.08
2800.92
2804.9
2813.19
2817.84
2821.2
2827.18
2845.15
2907.19
2911.48
2918.11
2921.03
2928.05
2932.76
2938.21
2941.91
2947.83
2951.02
2953.35
2956.68
2964.25
2969.61
2972.53
2978.37
2979.48
2887.17
3094.32
3096.45
3099.33
3102.17
3106.43
3112.66
3117.1
3123.3
3125.2
3127.44
3128.4
3134.17
3137.13
3145.09
3152.15
3158.99
3162.43
3166.64
3169.95
3171.95
3177.51
3181.88
3184.32
3186.92
3193.43
3197.28
3201.13
3204.86
3206.3
3208.95
3213.23
3217.31
3221.93
3229.54
3231.07
3235.8
3240.84
3245.06
3249.15
3256.38
3259.08
3264.01
3270.16
3273.09
3277.98
3282.07
3289.12
3292.2
3297.86
3299.11
3303.92
3304.41
3308.6
3313.99
3320.88
3325.73
3330.22
3332.09
3335.97
3337.03
3340.26
3345.92
3350.09
3354.84
3358.26
3362.6
3367.26
3371.2
3376.1
3378.51
3384.8
3387.95
3390.18
3395.74
2826.32
2830.23
2838.42
2842.96
2846.13
2852.04
2875
2934.76
2938.9
2945.31
2948.18
2955.04
2959.62
2964.93
2968.56
2974.36
2977.48
2979.74
2983.02
2990.41
2995.66
2998.54
3004.24
3005.34
2920.08
3109.5
3111.57
3114.41
3117.21
3121.39
3127.52
3131.89
3137.95
3139.83
3142.01
3142.94
3148.64
3151.52
3159.36
3166.37
3173.13
3176.52
3180.69
3183.93
3185.9
3191.4
3195.72
3198.1
3200.66
3207.11
3210.91
3214.72
3218.4
3219.82
3222.44
3226.69
3230.72
3235.27
3242.78
3244.25
3248.87
3253.85
3258.06
3262.06
3269.15
3271.82
3276.67
3282.72
3285.57
3290.4
3294.47
3301.41
3304.45
3310.07
3311.31
3316.05
3316.52
3320.64
3325.97
3332.81
3337.57
3342.03
3343.88
3347.72
3348.76
3351.97
3357.55
3361.64
3366.31
3369.7
3373.97
3378.57
3382.44
3387.28
3389.68
3395.9
3399.03
3401.2
3406.7
2846.22
2850.04
2858.05
2862.48
2865.6
2871.35
2900.92
2952.79
2956.87
2963.14
2965.95
2972.7
2977.21
2982.46
2986.03
2991.76
2994.81
2997.03
3000.24
3007.46
3012.65
3015.46
3021.11
3022.19
2946.59
3128.69
3130.67
3133.46
3136.19
3140.29
3146.27
3150.56
3156.5
3158.32
3160.47
3161.38
3166.97
3169.78
3177.52
3184.4
3191.03
3194.38
3198.43
3201.62
3203.55
3208.96
3213.23
3215.52
3218.03
3224.36
3228.03
3231.74
3235.36
3236.75
3239.32
3243.45
3247.44
3251.93
3259.29
3260.7
3265.22
3270.14
3274.28
3278.19
3285.16
3287.78
3292.53
3298.48
3301.26
3306.01
3310.02
3316.86
3319.83
3325.39
3326.6
3331.22
3331.65
3335.69
3340.95
3347.7
3352.4
3356.78
3358.6
3362.39
3363.39
3366.5
3371.95
3375.97
3380.55
3383.88
3388.02
3392.54
3396.33
3401.08
3403.43
3409.57
3412.67
3414.8
3420.22
2863.07
2866.83
2874.77
2879.12
2882.2
2887.87
2915.87
2973.57
2977.56
2983.73
2986.51
2993.18
2997.63
3002.79
3006.28
3011.9
3014.91
3017.07
3020.24
3027.35
3032.48
3035.24
3040.78
3041.84
2962.63
3143.27
3145.21
3147.96
3150.64
3154.68
3160.62
3164.88
3170.7
3172.51
3174.59
3175.5
3181.03
3183.78
3191.41
3198.17
3204.72
3208.04
3212.03
3215.2
3217.1
3222.45
3226.69
3228.94
3231.41
3237.66
3241.26
3244.93
3248.52
3249.88
3252.4
3256.47
3260.42
3264.85
3272.11
3273.47
3277.95
3282.86
3286.98
3290.82
3297.69
3300.27
3304.96
3310.86
3313.59
3318.29
3322.26
3329.02
3331.95
3337.47
3338.68
3343.27
3343.69
3347.68
3352.88
3359.56
3364.2
3368.53
3370.3
3374.01
3374.99
3378.03
3383.46
3387.45
3391.97
3395.24
3399.3
3403.71
3407.42
3412.1
3414.45
3420.55
3423.61
3425.72
3431.06
2887.1
2890.79
2898.57
2902.8
2905.83
2911.43
2941.07
2996.64
3000.59
3006.67
3009.4
3015.94
3020.27
3025.29
3028.68
3034.2
3037.15
3039.29
3042.41
3049.38
3054.41
3057.13
3062.6
3063.65
2982.32
3166.82
3168.71
3171.39
3174.04
3177.99
3183.82
3187.98
3193.71
3195.49
3197.52
3198.39
3203.85
3206.52
3214.03
3220.73
3227.13
3230.39
3234.37
3237.48
3239.38
3244.6
3248.75
3250.92
3253.3
3259.41
3262.94
3266.56
3270.01
3271.33
3273.79
3277.81
3281.71
3286.06
3293.2
3294.5
3298.9
3303.75
3307.79
3311.56
3318.31
3320.82
3325.45
3331.18
3333.82
3338.43
3342.38
3349.06
3351.96
3357.39
3358.59
3363.14
3363.55
3367.48
3372.62
3379.19
3383.73
3387.99
3389.64
3393.27
3394.22
3397.2
3402.55
3406.49
3410.93
3414.17
3418.17
3422.53
3426.16
3430.77
3433.07
3439.05
3442.04
3444.1
3449.35
