99

0.744541
0.796804
0.855244
0.918092
0.977593
1.04739
1.11904
1.19578
1.28878
1.37155
1.46967
1.59693
1.69952
1.86543
2.02266
2.25712
2.43494
2.76554
3.19063
3.62822
4.19545
5.38705
7.12826
18.9157
19.6071
19.8695
19.8731
19.9538
19.967
19.9595
19.9782
19.9748
19.9812
19.9825
19.9864
19.9842
19.991
19.9928
19.9916
19.9927
19.9937
19.9932
19.9912
19.9965
19.997
19.9961
19.9964
19.9964
19.9978
19.9976
19.998
19.9977
19.9975
19.9985
19.9984
19.9986
19.9984
19.9985
19.9985
19.9985
19.9985
19.9984
19.9982
19.9988
19.9984
19.9992
19.999
19.9984
19.9984
19.9984
19.9987
19.9987
19.9987
19.9987
19.9988
19.9991
19.9991
19.9991
19.9992
19.9992
19.9992
19.9992
19.9989
19.999
19.9989
19.9989
19.9989
19.9992
19.9992
19.9992
19.9992
19.9992
19.9992
19.9992
19.9992
19.9992
19.9989
19.9992
19.9992
