99

5.72799
5.8372
5.97365
6.12193
6.2395
6.42232
6.60687
6.80878
7.08201
7.29663
7.57946
8.01835
8.31459
8.96346
9.53179
10.5671
11.2074
12.9372
15.4413
18.0335
21.7416
32.8094
55.5035
1856.72
9384.19
23063.2
32730.7
43748.9
54017.9
61335
71267.7
78734.9
86943.5
95472.1
102652
109707
117570
124564
130782
138301
144797
149524
154298
161170
166679
170532
175868
180265
186167
190084
196032
198751
202865
207686
211405
216023
219111
223812
227449
230426
233857
237568
239970
243085
247458
249800
252769
255636
259110
261867
263602
266360
268717
271264
274663
276984
279361
281627
282926
285139
287288
289420
292243
294069
295591
297524
299476
302159
304042
305776
307579
309318
311064
312786
314449
316103
317342
319440
320975
