99

0.146273
0.153684
0.161389
0.169324
0.176907
0.184567
0.192072
0.199834
0.207669
0.215498
0.223092
0.231181
0.238246
0.2463
0.254141
0.262005
0.269501
0.277532
0.285023
0.29237
0.300032
0.308094
0.316017
0.322786
0.324699
0.323669
0.32416
0.323532
0.323394
0.323965
0.323803
0.324106
0.324076
0.323769
0.323587
0.323633
0.324085
0.323537
0.323966
0.323351
0.323104
0.323951
0.324027
0.323836
0.323406
0.32402
0.324143
0.324035
0.323883
0.324352
0.323541
0.324048
0.324143
0.32393
0.324086
0.323593
0.323985
0.323441
0.323441
0.323408
0.323408
0.323398
0.32405
0.324324
0.323506
0.323844
0.323535
0.324398
0.323426
0.323426
0.324081
0.324081
0.324324
0.324324
0.323109
0.323032
0.323032
0.323032
0.323688
0.323688
0.323688
0.323688
0.323423
0.324074
0.324067
0.324067
0.324067
0.323027
0.323027
0.323027
0.323027
0.323027
0.323027
0.323027
0.323027
0.323027
0.323876
0.323443
0.323443
