99

9.96912
9.99108
9.99583
9.99894
9.99885
9.99898
9.99938
9.99973
9.99973
9.99972
9.99972
9.99972
9.99994
9.99994
9.99994
9.99996
9.99996
9.99996
9.99996
9.99996
9.99996
9.99998
9.99996
9.99998
9.99997
9.99997
9.99997
9.99997
9.99997
9.99997
9.99997
9.99997
9.99998
9.99998
9.99998
9.99998
9.99998
9.99998
9.99999
9.99999
9.99999
9.99999
9.99998
9.99998
9.99998
9.99998
9.99999
9.99999
9.99999
9.99999
9.99999
9.99999
9.99999
9.99999
9.99997
9.99997
9.99997
9.99997
9.99997
9.99998
9.99998
9.99998
9.99998
9.99998
9.99999
9.99999
9.99999
9.99999
9.99999
9.99999
9.99999
9.99999
9.99999
9.99999
9.99999
9.99999
9.99999
9.99999
9.99999
9.99999
9.99999
9.99999
9.99999
9.99999
9.99999
9.99999
9.99999
9.99999
9.99999
9.99999
9.99999
9.99999
9.99999
9.99999
9.99999
9.99999
9.99999
9.99999
9.99999
