99

1.50324
1.50641
1.50855
1.5
1.5
1.5
1.5
1.5
1.5
1.5
1.5
1.5
1e+07
1e+07
1e+07
1.5
1.5
1.5
1.5
1.5
1.5
1.5
1e+07
1e+07
1e+07
1e+07
1e+07
1e+07
1e+07
1e+07
1e+07
1e+07
1e+07
1e+07
1e+07
1e+07
1e+07
1e+07
1e+07
1e+07
1e+07
1e+07
1e+07
1e+07
1e+07
1e+07
1e+07
1e+07
1e+07
1e+07
1e+07
1e+07
1e+07
1e+07
1e+07
1e+07
1e+07
1e+07
1e+07
1e+07
1e+07
1e+07
1e+07
1e+07
1e+07
1e+07
1e+07
1e+07
1e+07
1e+07
1e+07
1e+07
1e+07
1e+07
1e+07
1e+07
1e+07
1e+07
1e+07
1e+07
1e+07
1e+07
1e+07
1e+07
1e+07
1e+07
1e+07
1e+07
1e+07
1e+07
1e+07
1e+07
1e+07
1e+07
1e+07
1e+07
1e+07
1e+07
1e+07
