9801

0.0875
0.1263
0.1726
0.2414
0.2679
0.3277
0.3292
0.4618
0.4384
0.5577
0.6197
0.676
0.7147
0.7569
0.8578
0.8788
0.9593
0.9993
1.0727
1.0549
1.2014
1.2633
1.2868
1.3145
1.3521
1.5158
1.5213
1.6228
1.6368
1.7788
1.7774
1.8122
1.9924
2.0567
2.1339
2.194
2.3164
2.4768
2.5424
2.4782
2.8153
2.5997
2.7967
2.8821
3.0596
3.1418
3.2036
3.3084
3.4047
3.5863
3.5655
3.7646
3.6323
3.9559
3.8725
3.9211
4.5328
4.4357
4.8118
4.5796
4.9839
5.1252
4.9321
5.0514
5.87
6.1231
5.8237
6.0746
6.104
6.4753
7.0498
7.2447
7.0778
7.6363
8.0717
8.1584
8.5447
8.6345
9.009
8.928
9.3878
9.613
9.5343
9.3978
9.364
9.5515
9.6996
9.6653
9.753
9.8052
9.8889
9.8459
9.7817
9.7915
9.8301
9.8988
9.7764
9.8893
9.888
0.1532
0.1829
0.2317
0.2569
0.302
0.3068
0.3628
0.4559
0.4856
0.5804
0.6981
0.7274
0.7636
0.8443
0.9112
0.9906
1.0852
1.0099
1.0452
1.1238
1.2274
1.3206
1.3329
1.2775
1.4709
1.4501
1.5671
1.6635
1.7656
1.8872
1.9346
2.0733
1.9872
2.1298
2.1273
2.2497
2.4132
2.4816
2.4859
2.5981
2.6734
2.8529
3.0629
2.8671
3.1134
3.2073
3.3449
3.3402
3.4475
3.672
3.702
3.9599
4.0699
4.3082
4.3751
4.2806
4.5794
4.6907
4.7076
4.8299
4.8404
5.3228
5.1231
5.4056
6.2414
5.5711
6.0158
6.4462
7.0837
7.0933
6.6842
7.2709
8.1044
7.0864
8.5857
8.6292
8.6251
8.8887
9.1146
9.4748
8.871
9.5155
9.5826
9.2975
9.5563
9.8256
9.8287
9.8443
9.6818
9.8382
9.8705
9.8221
9.8569
9.8297
9.7807
9.7815
9.8312
9.9046
9.8856
0.1713
0.2098
0.259
0.3163
0.321
0.3622
0.4315
0.5228
0.5628
0.63
0.7278
0.8474
0.8306
0.9197
0.9456
0.9848
1.0619
1.1002
1.1189
1.128
1.2427
1.2677
1.3723
1.4369
1.6117
1.5151
1.6767
1.7745
1.8085
1.8746
1.9108
2.0298
2.0611
2.1646
2.0394
2.1931
2.5169
2.4304
2.7101
2.4403
2.9341
2.8641
3.1441
2.9858
3.0877
3.2115
3.175
3.3234
3.5105
3.7221
3.7031
3.9815
4.307
4.1807
4.3483
4.7293
4.7378
4.7144
5.1729
5.0596
5.1355
5.211
5.2453
5.2456
5.2462
5.7522
6.0551
6.2963
6.3581
6.6092
6.8743
7.1003
8.2253
8.8562
9.0562
9.201
8.9556
9.4561
8.9694
9.345
9.5401
9.5776
9.6089
9.7772
9.6406
9.6605
9.7977
9.793
9.7489
9.8035
9.881
9.8293
9.7183
9.8012
9.8921
9.8089
9.8205
9.8205
9.8852
0.2767
0.3163
0.3282
0.384
0.4098
0.4373
0.5319
0.5765
0.5739
0.6951
0.7359
0.843
0.8966
0.964
1.0014
1.0769
1.0561
1.1848
1.2287
1.2903
1.2852
1.3873
1.4738
1.4765
1.5565
1.6817
1.6877
1.8201
1.8694
1.9401
1.954
2.0337
2.1939
2.1897
2.2765
2.3247
2.4117
2.66
2.6234
2.8906
2.9758
2.9934
2.8263
3.1652
3.2437
3.4372
3.5484
3.4661
3.9395
3.5461
4.1205
4.2144
4.344
4.6556
4.5399
4.6725
4.7011
4.8242
5.1568
5.1666
5.1182
4.9966
5.6153
5.4654
6.3334
6.5582
6.5639
6.6312
6.7124
7.5468
7.9531
7.6503
8.021
8.4383
8.7339
9.1347
9.0633
9.6241
9.2974
9.3163
9.3093
9.6301
9.679
9.3875
9.7955
9.6759
9.7851
9.8144
9.8328
9.7713
9.8214
9.8584
9.8839
9.8141
9.8921
9.8822
9.8797
9.8898
9.8943
0.3207
0.3477
0.3783
0.4403
0.5112
0.5324
0.5855
0.658
0.6481
0.7406
0.7929
0.8721
0.9179
0.9292
1.0735
1.147
1.1591
1.223
1.2868
1.3708
1.3981
1.4494
1.4828
1.5237
1.5552
1.7329
1.8621
1.8806
1.9287
1.9771
2.0876
2.0621
2.2017
2.2296
2.2539
2.3439
2.5492
2.5792
2.8648
2.9163
2.9549
3.144
3.3435
3.3502
3.1279
3.431
3.3033
3.5709
3.7341
3.8335
3.7743
3.98
4.0082
4.2832
4.824
4.7967
4.7956
4.6568
5.1994
5.3116
5.246
5.8412
5.7305
6.2487
6.1246
6.6114
7.1524
7.4189
7.5663
8.4111
9.1074
7.8178
8.0592
8.9232
9.009
9.3447
9.5003
8.9832
9.4832
9.3618
9.4255
9.4686
9.5564
9.5569
9.5833
9.693
9.755
9.8402
9.8436
9.7981
9.8322
9.8501
9.8839
9.8613
9.8788
9.8872
9.8872
9.8872
9.8943
0.3685
0.4341
0.3983
0.4768
0.4834
0.5507
0.6289
0.6935
0.7194
0.7894
0.7962
0.9517
1.0154
0.9872
1.1286
1.1674
1.2187
1.2456
1.2907
1.33
1.452
1.4374
1.4872
1.5831
1.6069
1.7756
1.8457
1.8848
1.8922
1.9941
2.1245
2.2103
2.298
2.4718
2.4295
2.54
2.5789
2.6887
2.8887
2.8671
3.0016
3.0807
3.199
3.388
3.6128
3.5744
3.6554
3.8405
3.7025
3.9128
4.0815
3.9939
4.369
4.9009
4.6873
4.6483
5.0122
5.2567
5.015
5.3188
5.1673
5.6598
5.5591
6.38
7.1155
6.3917
6.6886
7.9211
6.9366
8.5586
8.0142
8.5245
9.0936
8.9732
8.3705
9.4105
9.3015
9.606
9.5524
9.4071
9.54
9.5423
9.7468
9.463
9.6279
9.8247
9.8247
9.8616
9.8834
9.8138
9.8771
9.8452
9.8943
9.8607
9.8791
9.8872
9.8872
9.8872
9.8997
0.4074
0.4341
0.4739
0.5089
0.5496
0.6639
0.7058
0.7428
0.8223
0.8569
0.8603
0.9485
1.0347
1.1037
1.1977
1.2002
1.3206
1.257
1.395
1.3187
1.433
1.41
1.5758
1.6159
1.6492
1.7888
1.8633
1.9764
2.0351
2.2275
2.2187
2.211
2.291
2.3755
2.5236
2.603
2.7357
2.6696
2.8561
3.0457
3.1158
3.2161
3.064
3.3075
3.2338
3.7377
3.9059
3.8671
3.9497
4.0685
4.0559
4.4198
4.9556
4.897
4.8828
4.7996
5.5474
5.101
5.6091
5.7616
5.9265
5.7759
7.4847
6.4996
6.1902
7.3673
7.2136
6.8482
7.0619
7.8459
8.0881
9.3137
8.5679
9.2809
9.1667
9.3035
9.457
9.4404
9.5608
9.7267
9.6919
9.8413
9.8822
9.8337
9.8933
9.8195
9.8298
9.9246
9.8967
9.9277
9.9183
9.9086
9.8851
9.8853
9.8935
9.8935
9.9034
9.9034
9.9194
0.4654
0.4669
0.5441
0.5474
0.6345
0.6533
0.6941
0.8007
0.8497
0.9322
0.9903
0.957
1.1266
1.1081
1.2499
1.378
1.3857
1.4206
1.3655
1.4035
1.479
1.6087
1.7429
1.7075
1.6602
1.7988
1.9879
2.0176
2.0424
2.0087
2.1487
2.3602
2.5179
2.4044
2.4489
2.7809
2.7707
2.7937
3.0169
3.0362
3.3015
3.2579
3.2794
3.4871
3.6056
3.8147
3.6799
3.8891
4.1845
4.2894
4.5083
4.2844
4.8084
4.9943
5.1806
4.8615
5.4094
6.0271
5.2402
6.0028
6.1561
6.2714
6.6868
7.1948
7.1783
7.2263
8.0715
7.1789
8.0619
8.3439
8.8648
8.3974
9.5868
9.1296
9.3582
9.4088
9.219
9.6377
9.6633
9.7666
9.7633
9.8143
9.8771
9.9093
9.8959
9.9088
9.8989
9.8876
9.8617
9.9548
9.9483
9.9562
9.9562
9.9343
9.9381
9.9513
9.9529
9.9529
9.9338
0.4401
0.5337
0.5877
0.6185
0.6855
0.7246
0.8152
0.8028
0.8945
0.8765
0.9322
1.0557
1.0765
1.1683
1.2264
1.3176
1.4415
1.4536
1.485
1.5238
1.5582
1.6061
1.7025
1.741
1.8065
2.0084
2.0245
2.0665
2.1668
2.2584
2.4354
2.4677
2.4946
2.7021
2.6455
2.8932
3.0722
2.9446
3.17
3.3748
3.2251
3.3446
3.4902
3.4619
3.7359
4.0759
3.9967
4.1493
4.2529
4.3482
4.6412
4.628
4.6977
4.9752
4.9376
5.6157
5.355
5.7387
5.7146
6.0958
5.9249
6.3979
6.7636
7.3154
7.6285
7.0149
7.4414
7.79
8.0751
8.8729
8.9257
8.4579
9.4982
9.5957
9.3551
9.4384
9.3617
9.4327
9.7528
9.6746
9.6946
9.735
9.8043
9.8005
9.8197
9.9153
9.8923
9.9263
9.928
9.9548
9.9483
9.9562
9.9562
9.9343
9.9381
9.9513
9.9328
9.9368
9.9406
0.5361
0.5786
0.6398
0.645
0.7658
0.7556
0.8196
0.9309
0.9979
1.0044
1.0033
1.0612
1.1888
1.1893
1.3404
1.4691
1.507
1.4701
1.5955
1.5576
1.7231
1.765
1.8519
1.8464
2.0333
2.1858
2.1018
2.2631
2.179
2.3597
2.4617
2.5429
2.5957
2.7757
2.8627
2.7929
2.9109
3.1298
3.1289
3.3547
3.3403
3.4477
3.7387
3.7584
3.8836
4.0315
4.3215
4.4787
4.3718
4.3176
4.8079
4.676
4.6787
4.6911
5.1477
5.4193
5.4611
5.7751
5.9539
5.9245
6.1838
5.9582
7.3188
7.2138
7.444
7.6412
7.4825
8.617
8.6884
9.5247
8.9246
9.391
9.3914
9.5034
9.2497
9.2205
9.4601
9.4035
9.3805
9.7327
9.7333
9.8775
9.8394
9.7894
9.738
9.9153
9.8683
9.8991
9.903
9.9548
9.9536
9.9474
9.9508
9.9249
9.9381
9.9513
9.9559
9.9559
9.9406
0.5375
0.6053
0.6494
0.7261
0.7472
0.8415
0.8634
0.9589
1.0203
1.0247
1.0531
1.1425
1.263
1.2857
1.4159
1.4314
1.5582
1.517
1.5229
1.6394
1.7258
1.6785
1.8624
1.9458
1.9608
2.1656
2.1823
2.2885
2.2374
2.3751
2.5122
2.7875
2.6214
2.816
2.8948
2.9181
3.1007
3.2574
3.2493
3.5374
3.5754
3.5909
3.6555
3.8091
3.8124
4.2557
4.2351
4.3355
4.448
4.579
4.7919
4.9164
5.1499
5.0572
5.1783
5.5708
5.5771
6.2489
5.9506
5.8836
6.2619
6.7862
7.0599
7.3064
7.8224
7.8991
8.141
8.517
9.3016
9.0057
9.2452
9.3415
9.0259
9.4892
9.5669
9.3666
9.3931
9.7602
9.6607
9.5063
9.7174
9.8885
9.8706
9.8376
9.8571
9.923
9.8947
9.8991
9.903
9.9498
9.9501
9.9501
9.947
9.9597
9.96
9.9335
9.9549
9.9549
9.9549
0.6398
0.6809
0.7628
0.8067
0.8639
0.8919
0.9457
0.9719
1.0342
1.0856
1.0988
1.1929
1.2882
1.3898
1.5268
1.5799
1.5675
1.6488
1.7178
1.7516
1.8349
1.8245
1.8767
2.0069
2.1614
2.1766
2.2874
2.421
2.4303
2.5055
2.5504
2.5967
2.7382
2.8748
3.0881
3.0063
3.2171
3.2713
3.4784
3.7358
3.7328
3.7446
3.7454
4.1776
4.2157
4.0755
4.5316
4.424
4.5324
4.7638
5.1192
5.2685
5.14
5.1282
5.881
5.8536
5.7941
6.1379
6.2246
6.4531
7.044
6.6837
7.0346
7.0341
8.1049
7.7616
8.1732
8.4214
8.7323
8.2447
9.3329
9.3591
9.3863
9.7706
9.7426
9.5493
9.5032
9.7519
9.7438
9.5973
9.7809
9.9447
9.9369
9.775
9.9115
9.8987
9.9161
9.9086
9.9086
9.9012
9.9063
9.9158
9.9143
9.9143
9.9155
9.8873
9.8873
9.8755
9.9191
0.7463
0.7845
0.7848
0.8529
0.8914
0.9664
0.9616
1.0055
1.1118
1.1603
1.2201
1.2348
1.3965
1.4355
1.5659
1.5838
1.7041
1.6982
1.7307
1.7164
1.8165
1.8752
1.9862
2.0715
2.1463
2.3502
2.2802
2.4291
2.5439
2.7175
2.6659
2.6834
2.9176
3.0844
3.1695
3.0317
3.3272
3.585
3.4883
3.632
3.7322
4.0601
3.837
4.1963
4.0323
4.2859
4.4756
4.6028
4.6777
4.6779
4.8354
5.5377
5.3789
5.7041
5.908
5.7632
6.1658
6.5911
6.3163
7.0337
7.2507
7.1205
6.9564
7.3268
9.0531
8.543
9.2457
9.0308
9.4163
9.7076
9.7061
9.7401
9.7243
9.4926
9.5958
9.6654
9.859
9.8566
9.8277
9.8101
9.9283
9.926
9.9222
9.9471
9.9471
9.9314
9.9349
9.9335
9.9087
9.9254
9.9217
9.9217
9.9344
9.9344
9.9528
9.9423
9.9423
9.9423
9.9423
0.7752
0.8301
0.8214
0.93
0.9498
0.9948
1.1247
1.1238
1.082
1.2223
1.2998
1.3682
1.4672
1.5819
1.5747
1.6333
1.7436
1.7867
1.8347
1.8434
1.9385
1.985
2.0578
2.1567
2.236
2.3164
2.3555
2.4485
2.7502
2.7213
2.8561
2.8648
3.15
3.1107
3.2349
3.4644
3.4206
3.5441
3.6771
3.8746
4.0581
3.952
3.9784
4.3095
4.5056
4.2748
4.5359
4.4926
4.7895
4.8136
5.1091
5.4357
5.4925
6.3028
5.7048
5.9678
6.3271
6.765
6.1627
7.6374
7.0335
7.4377
8.339
7.9958
7.7353
8.2413
9.1629
8.7736
8.9677
9.4104
9.4745
9.618
9.6545
9.4564
9.5965
9.6154
9.7735
9.8146
9.9064
9.8405
9.9233
9.9371
9.9213
9.9213
9.9383
9.9434
9.9434
9.9335
9.9227
9.9461
9.9493
9.9117
9.9117
9.9145
9.9528
9.9423
9.9423
9.9423
9.9423
0.8146
0.8493
0.8995
0.9168
1.0155
1.0839
1.1291
1.2514
1.2175
1.3594
1.3242
1.4202
1.5188
1.5385
1.5733
1.6727
1.8393
1.8131
1.8154
2.0611
1.899
2.064
2.1564
2.167
2.4846
2.4794
2.5621
2.6024
2.6258
2.8482
2.8747
3.1116
3.1582
3.1751
3.3214
3.5731
3.4879
3.5561
3.6127
3.8516
4.1124
3.9585
4.1307
4.2566
4.5033
4.3472
4.9427
4.7379
5.0127
5.1997
5.7011
5.5057
5.9295
6.3673
5.8072
6.316
6.5738
6.8802
6.7187
7.568
8.1702
7.8704
8.499
8.4407
8.8999
9.2585
9.1174
9.2756
9.3718
9.4222
9.8365
9.8201
9.8307
9.8527
9.8606
9.8833
9.7018
9.8297
9.8872
9.8286
9.9175
9.9371
9.9237
9.9409
9.9383
9.9434
9.9434
9.9446
9.8747
9.9407
9.9355
9.9464
9.9464
9.9464
9.9528
9.9423
9.9423
9.9423
9.9423
0.9381
0.9388
0.9681
1.0461
1.0391
1.068
1.2259
1.3382
1.3037
1.4045
1.4632
1.4622
1.5136
1.6332
1.6969
1.6972
1.8235
1.8175
1.9035
1.884
2.0506
2.17
2.3308
2.1866
2.3182
2.5255
2.5963
2.7605
2.674
2.7594
3.0233
3.0943
3.2014
3.2547
3.2036
3.239
3.6387
3.7814
3.7442
3.8593
3.9755
4.0704
4.462
4.6019
4.5114
4.5624
4.9455
5.0587
5.0394
4.9845
5.1602
5.5558
6.0425
6.0641
6.2339
6.6371
7.3035
6.787
7.3837
7.6001
8.8235
8.336
8.4765
7.843
8.4204
9.3752
9.6072
9.653
9.6837
9.743
9.4437
9.7669
9.7342
9.5353
9.6078
9.8164
9.7762
9.7857
9.8401
9.8785
9.8623
9.9336
9.8661
9.9425
9.9315
9.9184
9.953
9.9185
9.917
9.9302
9.9252
9.9323
9.9173
9.9487
9.94
9.94
9.9388
9.9388
9.9441
0.9556
0.9809
1.0412
1.1335
1.2075
1.1976
1.3099
1.4324
1.5014
1.4622
1.5142
1.5438
1.6327
1.6984
1.7889
1.8402
1.8186
1.8587
1.9258
1.9799
2.2096
2.1612
2.3256
2.3976
2.5119
2.5558
2.6154
2.6124
3.0864
2.9103
3.2105
3.2308
3.1187
3.2578
3.3578
3.4427
3.4703
3.8734
3.8946
4.0573
4.0314
4.4283
4.5827
4.5843
5.0686
4.8326
4.8718
5.4359
5.3199
5.6687
5.5834
6.3076
6.1035
6.533
6.5924
6.7184
6.9646
7.337
7.6477
7.9668
8.0865
8.7143
8.3935
8.5922
8.6397
9.5961
9.3728
9.1554
9.4545
9.6325
9.6914
9.7415
9.8468
9.7996
9.8797
9.813
9.8429
9.8196
9.7581
9.8669
9.8474
9.9336
9.8853
9.9425
9.9421
9.9219
9.953
9.924
9.9402
9.9402
9.9402
9.9226
9.9384
9.9487
9.94
9.94
9.9388
9.9388
9.9441
0.9824
1.0455
1.1066
1.1675
1.2548
1.2323
1.3099
1.4518
1.4625
1.4648
1.5863
1.6631
1.6984
1.8711
1.8451
1.9198
1.9255
2.0001
2.1395
2.1419
2.2732
2.4133
2.3256
2.5686
2.5614
2.581
2.7298
2.9367
3.0773
2.9634
3.1972
3.273
3.4658
3.3479
3.6189
3.7528
3.6413
3.9997
4.2886
4.0072
4.3488
4.4066
4.5251
4.7702
4.7425
5.0525
5.4355
5.2453
5.2658
5.6596
5.8689
6.8712
6.1963
6.261
7.014
6.7168
7.5817
7.3824
7.6381
7.7589
8.0582
8.4886
9.1827
9.0854
9.1739
9.5485
9.3344
9.3618
9.5776
9.7299
9.7904
9.6518
9.8089
9.8132
9.7822
9.7927
9.8707
9.8503
9.7926
9.8608
9.8731
9.934
9.8958
9.9358
9.9415
9.938
9.931
9.925
9.9402
9.9402
9.9402
9.9048
9.9523
9.9487
9.94
9.94
9.9388
9.9388
9.9461
0.9646
0.9507
1.0357
1.2111
1.1329
1.2162
1.3982
1.4146
1.397
1.5306
1.6787
1.7079
1.7648
1.7812
1.8806
1.9845
2.0611
2.1954
2.1783
2.3829
2.3294
2.5648
2.3851
2.4686
2.5993
2.7932
2.7782
2.8862
2.977
3.1356
3.2764
3.3846
3.659
3.6532
3.7748
3.7003
3.782
4.1798
4.1771
4.2869
4.3697
4.5784
4.8409
4.8207
4.9908
5.0012
5.3165
5.5639
5.7432
5.728
6.5877
6.6541
6.5425
7.0611
6.6889
7.4161
7.7964
8.1175
8.0175
8.5028
8.5503
9.5807
9.2282
9.3499
9.2808
9.1621
9.6616
9.7155
9.6924
9.7749
9.7171
9.7688
9.8634
9.8717
9.7828
9.9098
9.9274
9.9219
9.9105
9.9305
9.9311
9.87
9.9311
9.9135
9.9135
9.9135
9.9196
9.9352
9.9444
9.8909
9.9075
9.9211
9.9014
9.9197
9.9436
9.9282
9.9311
9.9311
9.9414
1.0787
1.064
1.2197
1.2536
1.2688
1.2856
1.4161
1.4668
1.5847
1.6353
1.7423
1.803
1.7845
1.9036
1.9608
2.0307
2.1351
2.2452
2.2076
2.2732
2.3651
2.4578
2.4655
2.7033
2.6895
2.9978
2.9711
2.9789
3.0956
3.1793
3.2998
3.6096
3.7093
3.6184
4.0729
4.0721
3.7267
4.2628
4.3371
4.278
4.6332
4.4123
4.7417
4.7061
5.135
5.3602
5.367
5.5945
5.9705
5.8815
6.5706
6.0836
6.6622
7.5368
7.514
7.259
7.7062
8.1442
8.0897
8.4312
9.3711
9.275
9.7815
9.1314
9.4694
9.3616
9.4804
9.3525
9.7653
9.7451
9.7153
9.7651
9.8898
9.8825
9.8262
9.9243
9.9022
9.9352
9.9322
9.9332
9.9177
9.8624
9.9311
9.9135
9.9135
9.9135
9.9196
9.9415
9.9447
9.9051
9.8947
9.9211
9.9148
9.9197
9.9436
9.9161
9.9311
9.9311
9.9414
1.1504
1.1967
1.3512
1.3143
1.3845
1.4121
1.451
1.4802
1.6808
1.7152
1.8316
1.8653
1.9469
2.0006
1.9764
2.0761
2.2339
2.3144
2.2546
2.4493
2.5037
2.6049
2.7283
2.8258
2.8692
3.1626
2.9204
3.1358
3.1798
3.4294
3.3065
3.6875
3.6368
3.8532
3.8904
4.2045
4.0209
4.2054
4.6825
4.4493
4.8394
4.7294
5.0795
5.0463
5.1371
5.3813
5.3028
6.1904
6.3484
6.2117
6.566
6.6703
6.3225
6.6668
7.8024
8.108
7.4979
9.1775
9.1393
9.1966
9.4818
9.1456
9.6098
9.5197
9.6285
9.4094
9.7098
9.6466
9.7072
9.8858
9.8274
9.8269
9.8423
9.9057
9.9432
9.9305
9.9137
9.9198
9.9353
9.9353
9.9217
9.9158
9.9292
9.9176
9.9144
9.9144
9.928
9.9513
9.9513
9.9513
9.9513
9.9513
9.9513
9.957
9.957
9.9556
9.9556
9.9556
9.9556
1.2203
1.2242
1.3022
1.3568
1.5104
1.5455
1.5646
1.5965
1.6419
1.7108
1.9152
1.7841
1.9083
2.0242
2.201
2.1609
2.3353
2.3124
2.3205
2.5146
2.5791
2.7045
2.6136
2.81
2.7345
3.0982
3.0673
3.2515
3.5203
3.3711
3.5167
3.8381
3.7571
4.0601
4.4341
4.3303
4.4454
4.332
4.4364
4.7323
5.1743
4.9862
5.1385
5.262
5.3601
5.7695
5.5619
6.152
6.1768
6.4823
6.3767
6.673
6.7943
7.7357
7.8183
8.385
8.5677
8.6917
9.1731
9.5729
9.4958
9.5502
9.5388
9.6694
9.7027
9.7464
9.719
9.8517
9.8605
9.9131
9.8826
9.8172
9.9031
9.875
9.9227
9.9234
9.9119
9.9263
9.935
9.9217
9.9388
9.9054
9.9478
9.9194
9.9121
9.9122
9.928
9.9513
9.9513
9.9513
9.9513
9.9513
9.9513
9.957
9.957
9.9556
9.9556
9.9556
9.9556
1.3077
1.3805
1.4005
1.4858
1.5179
1.6189
1.6497
1.7264
1.7325
1.8469
1.8816
1.95
2.0417
2.13
2.3178
2.2452
2.4008
2.5424
2.4446
2.5514
2.7239
2.871
2.9048
3.008
3.1622
2.9959
3.2087
3.3008
3.3135
3.4066
3.6159
3.715
3.9124
4.1218
4.0857
4.0791
4.2444
4.5258
4.8022
4.8926
5.0042
5.1652
5.3471
5.6237
5.5654
5.9377
5.5506
5.9819
7.1549
6.3838
6.7221
6.2176
7.8837
7.6963
8.5102
8.0002
8.8497
9.4398
8.5287
9.3368
9.3711
9.3401
9.3883
9.6246
9.5635
9.651
9.6783
9.777
9.7477
9.8305
9.7678
9.8054
9.7677
9.7745
9.7074
9.8296
9.8363
9.9231
9.9324
9.9324
9.9241
9.9451
9.9451
9.946
9.9352
9.9443
9.9216
9.9409
9.9409
9.9409
9.9409
9.9409
9.9409
9.9434
9.9434
9.9434
9.9434
9.9434
9.9434
1.4253
1.3679
1.5266
1.5352
1.5889
1.6199
1.6453
1.7503
1.8146
1.901
2.0084
2.0226
2.2088
2.1928
2.3696
2.3558
2.3887
2.4422
2.5359
2.6591
2.5316
2.8924
2.9337
2.9492
3.0323
3.247
3.3558
3.4976
3.5784
3.5223
4.0419
3.9099
4.1196
4.3236
4.1826
4.4139
4.245
4.9044
4.9778
4.8099
4.9805
5.1776
5.4649
5.8818
5.3614
5.9203
6.0565
6.3165
6.6962
6.8796
7.7959
7.3044
7.8166
8.0548
9.0764
8.4968
8.3729
9.4416
9.6467
9.7048
9.6069
9.3997
9.5868
9.6246
9.5918
9.8267
9.8548
9.8589
9.7977
9.8844
9.8251
9.8644
9.891
9.9267
9.9175
9.905
9.9144
9.9193
9.9255
9.92
9.9149
9.9472
9.9472
9.944
9.9213
9.9213
9.9136
9.9409
9.9455
9.9455
9.9026
9.9303
9.919
9.9628
9.959
9.9641
9.9641
9.9641
9.966
1.4283
1.4599
1.6487
1.5859
1.6487
1.7251
1.7641
1.8269
1.9695
2.0073
1.9807
2.2721
2.2045
2.2958
2.3836
2.3643
2.4216
2.6022
2.6498
2.6469
2.7938
3.0749
2.9572
3.0602
3.2706
3.4797
3.5986
3.4474
3.7933
3.8685
3.877
4.089
4.1419
4.204
4.6163
4.5792
4.7891
4.9363
4.9764
4.9959
5.4543
5.5013
5.9154
5.6821
6.4315
6.5038
6.6242
6.3442
7.0512
6.9675
7.8612
7.2991
7.8621
8.4278
8.7971
8.577
9.2144
9.3747
9.6436
9.5245
9.5627
9.6638
9.5502
9.7009
9.6885
9.8365
9.8938
9.8438
9.9139
9.8789
9.8747
9.8702
9.8599
9.9253
9.9253
9.9253
9.9253
9.9193
9.9255
9.9272
9.9423
9.9333
9.9444
9.9575
9.9467
9.9467
9.9481
9.905
9.9137
9.9137
9.9324
9.9324
9.9324
9.9628
9.959
9.9641
9.9641
9.9641
9.966
1.5281
1.5834
1.6683
1.7139
1.8418
1.8538
1.8508
1.9014
1.957
2.0367
2.0944
2.2233
2.3026
2.4927
2.4515
2.3343
2.5766
2.5588
2.7209
2.775
3.0982
3.0843
3.1305
3.2435
3.3827
3.6009
3.4613
3.5295
3.8157
4.0637
3.9966
3.9511
4.201
4.4559
4.6392
4.6472
4.8668
5.1044
5.3349
4.8355
5.4022
5.4602
5.9596
5.8058
5.768
5.9596
6.6654
7.5556
7.6111
7.1898
7.214
8.1517
7.7646
9.1809
9.1738
9.3158
9.3085
9.5386
9.6701
9.1791
9.546
9.6197
9.7345
9.6804
9.7557
9.8308
9.892
9.8299
9.8883
9.8611
9.8633
9.8581
9.8344
9.9253
9.9253
9.9253
9.9253
9.9091
9.8949
9.9404
9.9423
9.9244
9.9244
9.9575
9.9467
9.9467
9.9481
9.9264
9.9381
9.9381
9.9324
9.9324
9.9324
9.9516
9.9516
9.959
9.9595
9.9595
9.9432
1.5723
1.6799
1.6324
1.7932
1.7599
1.8093
1.9639
1.9747
2.0876
2.1994
2.2622
2.3372
2.3019
2.396
2.4902
2.6254
2.7191
2.7435
2.9235
2.9229
3.1765
3.2148
3.1771
3.2883
3.4222
3.7489
3.6859
3.805
4.2504
4.2168
4.1805
4.1987
4.4405
4.6081
4.3747
4.9434
5.1321
5.0712
5.2953
5.5861
5.199
5.7035
5.9734
6.6247
5.9031
6.1879
6.7618
7.1953
7.2281
7.0552
7.7536
8.993
9.5239
9.2112
9.0685
9.2819
9.1874
9.442
9.717
9.6136
9.7898
9.7923
9.7118
9.8198
9.823
9.7909
9.8071
9.8547
9.8852
9.8936
9.9079
9.9029
9.9159
9.9025
9.9245
9.9387
9.9275
9.9361
9.9152
9.9054
9.9405
9.9302
9.9244
9.9546
9.9358
9.9358
9.9481
9.9299
9.9299
9.9299
9.9324
9.9324
9.9324
9.9516
9.9516
9.959
9.9595
9.9595
9.9432
1.6635
1.6753
1.7187
1.7665
1.9421
1.9675
1.9888
1.9889
2.0798
2.287
2.3409
2.4195
2.6171
2.4931
2.6126
2.6635
2.9085
2.8293
2.9361
3.0482
3.1945
3.3369
3.2955
3.5847
3.4932
3.4669
3.7768
3.7893
4.018
3.8777
4.1394
4.318
4.4768
4.7899
4.662
5.2473
4.9095
5.2102
5.4904
5.554
5.3609
5.6054
6.2939
6.7452
7.3003
7.0663
7.1749
7.906
8.8298
7.5124
9.1876
8.7666
9.5822
9.6222
9.4409
9.0931
9.4935
9.4904
9.6758
9.735
9.7005
9.6867
9.6867
9.8289
9.81
9.8202
9.8632
9.8135
9.8852
9.9059
9.9059
9.9159
9.9174
9.9139
9.9245
9.9387
9.9275
9.9413
9.9051
9.9051
9.9405
9.9302
9.9244
9.9584
9.9358
9.9358
9.9481
9.936
9.9218
9.9403
9.9338
9.9338
9.9338
9.9591
9.9591
9.9496
9.9598
9.9598
9.9659
1.6695
1.7377
1.881
1.9043
2.0632
1.9398
2.027
2.1324
2.1825
2.2866
2.6029
2.4967
2.612
2.6863
2.719
2.7811
2.8019
2.9856
3.028
3.022
3.3524
3.4482
3.4405
3.6424
3.782
3.7213
4.0003
4.0613
4.1442
4.2049
4.4135
4.4908
4.5713
4.6826
4.8111
4.9131
5.1973
5.8267
5.3922
6.328
5.7083
6.0745
6.5099
6.3662
6.8184
7.4311
7.4346
7.2806
8.3111
8.7526
9.4416
9.2585
9.2298
9.7058
9.5695
9.5328
9.6717
9.5833
9.6359
9.6961
9.7884
9.7089
9.7728
9.7957
9.7845
9.8523
9.8607
9.8592
9.8852
9.9029
9.9035
9.9174
9.9174
9.9239
9.9237
9.9387
9.9267
9.9431
9.9472
9.9472
9.9405
9.9261
9.9261
9.9584
9.9364
9.9364
9.9445
9.936
9.9366
9.9403
9.9443
9.9443
9.9443
9.9511
9.9511
9.9511
9.9555
9.9555
9.9659
1.8134
1.8999
2.0315
2.1549
2.0449
1.9868
2.2058
2.1183
2.2455
2.4322
2.4568
2.5838
2.6887
2.6361
2.9406
2.9567
2.9833
3.1204
3.169
3.2346
3.3154
3.4255
3.6159
3.7172
3.8619
3.9743
3.9993
4.0713
4.2786
4.109
4.7071
4.8788
5.1109
5.0536
4.9364
5.3737
5.4961
5.7511
5.7899
6.0576
6.1179
6.25
6.8756
6.5753
7.881
7.8408
7.8664
7.8331
8.5959
8.5169
9.1526
9.3851
9.2235
9.5604
9.3888
9.6521
9.5563
9.6421
9.546
9.7469
9.7413
9.8251
9.8075
9.8802
9.8802
9.9129
9.8673
9.8852
9.8991
9.9159
9.9159
9.9174
9.9174
9.9472
9.9472
9.9472
9.9472
9.9472
9.9369
9.9383
9.9227
9.9426
9.9426
9.9584
9.9454
9.9454
9.9445
9.9402
9.9366
9.9403
9.9443
9.9443
9.9443
9.957
9.957
9.9475
9.9659
9.9659
9.9558
1.838
1.8146
1.8086
1.888
2.1643
2.2787
2.1879
2.1268
2.4246
2.4263
2.3667
2.5444
2.6099
2.7767
2.7717
2.8935
3.1988
3.4994
3.4565
3.346
3.5188
3.3918
3.6166
3.5796
4.0296
3.8767
4.3432
4.2935
4.1987
4.3853
4.5299
4.9666
5.1057
5.2086
5.394
5.1601
5.4302
5.8974
6.1817
6.096
5.9885
6.9519
6.6924
7.0568
7.5477
7.8536
8.6162
8.0236
8.6295
8.6773
9.1087
9.2401
9.4074
9.2053
9.5597
9.6717
9.6554
9.8119
9.7149
9.693
9.6783
9.6136
9.7279
9.8529
9.8543
9.8103
9.8761
9.8909
9.8567
9.9072
9.9201
9.9201
9.9201
9.9472
9.9472
9.9472
9.9472
9.9472
9.9372
9.9383
9.9347
9.9426
9.9426
9.9584
9.9454
9.9454
9.9445
9.9402
9.9381
9.9403
9.9454
9.9454
9.9454
9.957
9.957
9.9475
9.9659
9.9659
9.9558
1.9799
1.9759
1.9177
2.0047
2.1971
2.3127
2.2387
2.3455
2.6474
2.4702
2.4699
2.636
2.699
2.8819
3.0724
3.2689
3.308
3.459
3.4134
3.32
3.7145
3.6746
3.7759
3.8376
3.8819
4.0851
4.1857
4.3097
4.6191
4.4935
4.8605
5.2818
5.2455
5.2929
5.5885
5.7469
5.8566
6.2701
5.6977
6.1215
6.5935
7.0374
7.25
6.8983
7.6374
8.1971
8.8682
8.6179
8.3786
8.7463
9.2691
9.1942
9.3815
9.589
9.5988
9.6015
9.7056
9.7781
9.7381
9.6851
9.6591
9.6602
9.7467
9.7206
9.8321
9.8219
9.8566
9.9114
9.9293
9.912
9.912
9.9175
9.9175
9.9372
9.9372
9.9372
9.9372
9.9372
9.9447
9.9447
9.9347
9.9426
9.9426
9.9584
9.9454
9.9454
9.9445
9.9402
9.9381
9.9403
9.9454
9.9454
9.9454
9.9591
9.9591
9.9496
9.9659
9.9659
9.9558
1.9445
2.0395
2.0003
2.1984
2.3001
2.2899
2.3385
2.248
2.6694
2.5434
2.671
2.7954
2.9681
2.866
3.1823
3.5364
3.4324
3.2974
3.6076
3.6765
3.571
3.5218
3.8906
3.9508
4.1901
3.9823
4.3245
4.7425
4.705
4.8028
4.9596
4.9043
5.2135
5.3895
5.4113
5.5307
5.743
6.1939
6.1713
7.0011
7.761
7.4644
7.8927
8.1133
8.3298
9.0331
8.8871
8.9224
9.234
9.1054
9.2408
9.4988
9.2091
9.7411
9.6351
9.6646
9.6995
9.7603
9.7859
9.7049
9.7802
9.7908
9.8163
9.8215
9.8541
9.8384
9.919
9.9074
9.9239
9.9297
9.9318
9.9293
9.9293
9.8683
9.9259
9.9447
9.9447
9.9447
9.9447
9.9447
9.9267
9.9114
9.9069
9.949
9.954
9.954
9.9583
9.9642
9.9508
9.9603
9.9542
9.9542
9.964
9.9591
9.9591
9.9496
9.9659
9.9659
9.9495
1.9597
2.0333
2.0505
2.0616
2.285
2.3213
2.4593
2.3912
2.5812
2.6207
2.7658
2.8482
3.0035
3.1609
3.2179
3.527
3.3619
3.333
3.7088
3.5425
3.9952
3.8443
3.9682
4.0916
4.2359
4.4244
4.311
4.7947
4.9914
4.7119
4.9854
5.261
4.9869
5.7046
5.2644
6.0545
6.264
6.1716
6.5231
7.3078
7.5508
7.7169
7.4231
7.5473
7.9916
8.7954
9.3041
8.8585
9.4107
9.2543
9.3888
9.7751
9.6969
9.6659
9.4942
9.7697
9.6764
9.6719
9.7329
9.7999
9.77
9.7706
9.8172
9.8477
9.8154
9.8514
9.8461
9.8499
9.9031
9.9112
9.8855
9.8947
9.8969
9.8943
9.8383
9.8698
9.8698
9.8861
9.8861
9.8766
9.9556
9.9143
9.9135
9.9682
9.9682
9.9682
9.9682
9.9682
9.9682
9.9682
9.9682
9.9682
9.9682
9.9591
9.9591
9.9496
9.9659
9.9659
9.9495
2.202
2.1838
2.1719
2.3239
2.3343
2.4541
2.4425
2.6027
2.7564
2.865
2.7395
2.9388
3.0693
3.1731
3.2546
3.5022
3.8318
3.6899
3.6795
3.9316
3.91
3.995
4.2783
4.3298
4.3388
4.4994
4.666
4.6713
4.8365
5.0065
5.1821
5.4894
5.6342
6.2305
5.9027
6.3511
6.4171
6.647
6.8283
6.7299
6.9455
8.0779
8.0096
8.2814
9.1411
8.8148
9.3478
9.4796
9.3843
9.6834
9.5299
9.5457
9.6456
9.5534
9.7401
9.7042
9.5886
9.795
9.8135
9.844
9.8339
9.9007
9.9007
9.8804
9.8326
9.8495
9.9025
9.8847
9.8938
9.8938
9.8993
9.8993
9.8929
9.8904
9.8904
9.8926
9.8926
9.8883
9.8883
9.9021
9.9301
9.9143
9.9135
9.9682
9.9682
9.9682
9.9682
9.9682
9.9682
9.9682
9.9682
9.9682
9.9682
9.9591
9.9591
9.9496
9.9659
9.9659
9.9432
2.0302
2.3625
2.2784
2.2362
2.3957
2.3876
2.5298
2.767
2.8213
2.9699
3.0067
2.9086
3.347
3.2264
3.3954
3.3829
3.681
3.4156
3.4987
3.7957
4.1731
4.3189
4.2633
4.5668
4.5073
4.4887
4.6581
4.9508
5.261
5.3567
5.2456
5.3394
5.753
5.8628
6.0482
6.4347
6.5718
6.7776
7.2577
7.6354
7.2918
8.2725
8.9632
8.5606
8.765
9.2382
8.4204
9.5075
9.4452
9.6323
9.6896
9.7601
9.6924
9.7539
9.7265
9.7817
9.7178
9.8177
9.8391
9.8001
9.8418
9.8953
9.8953
9.8877
9.8212
9.7915
9.8049
9.8866
9.8794
9.8794
9.9072
9.9072
9.8929
9.8851
9.8851
9.8852
9.8882
9.8509
9.8985
9.9034
9.9473
9.9133
9.9254
9.9505
9.9534
9.9534
9.9534
9.9534
9.9701
9.9701
9.9701
9.9701
9.9701
9.9591
9.9591
9.9496
9.9659
9.9659
9.9615
2.1789
2.1956
2.3823
2.4242
2.5647
2.6316
2.8145
2.5892
2.9719
2.9929
3.0955
3.0345
3.3832
3.2458
3.5427
3.571
3.4736
3.7734
4.1148
4.0075
3.9615
4.3227
4.3656
4.3378
4.7741
4.8077
4.8632
5.0326
5.0671
5.2099
5.3121
5.8224
6.0066
5.6937
6.8004
5.9971
6.6347
7.5022
7.5316
7.7336
7.8471
8.7305
8.6631
7.8748
9.4253
9.1849
9.2503
9.6113
9.5778
9.6463
9.7027
9.6436
9.8548
9.8447
9.7175
9.7997
9.8552
9.8629
9.7975
9.824
9.8364
9.9044
9.9388
9.8995
9.9036
9.9036
9.8638
9.9094
9.8859
9.9133
9.9306
9.9342
9.9301
9.9499
9.9345
9.9326
9.9326
9.9384
9.9384
9.9218
9.955
9.9624
9.9624
9.9622
9.9622
9.9597
9.9562
9.9562
9.9562
9.9562
9.9567
9.9616
9.9616
9.9616
9.9616
9.9643
9.9643
9.9643
9.9643
2.2764
2.563
2.4434
2.5131
2.7473
2.6109
2.8417
2.9358
2.7769
3.1281
3.2901
3.1975
3.3223
3.7057
3.5587
3.7317
3.7494
3.8121
4.2455
4.1613
4.296
4.5367
4.4668
4.3643
4.8438
5.0403
5.4183
5.5491
5.34
5.5366
5.5264
6.0617
6.3512
6.335
6.8249
7.6164
6.9672
7.44
8.3998
7.9637
7.6993
9.3954
8.0169
9.2059
9.2302
9.4723
9.3783
9.7378
9.6699
9.906
9.8924
9.689
9.9163
9.8333
9.9146
9.9118
9.8513
9.9082
9.9112
9.8712
9.8457
9.8396
9.8683
9.8684
9.8888
9.8986
9.9176
9.9401
9.9401
9.883
9.9283
9.929
9.934
9.9327
9.9212
9.9426
9.9212
9.9297
9.9379
9.9469
9.9599
9.9446
9.9497
9.9617
9.9626
9.9566
9.9566
9.943
9.9427
9.9427
9.9427
9.9616
9.9616
9.9616
9.9616
9.9643
9.9643
9.9643
9.9643
2.5613
2.6022
2.5727
2.8089
2.7442
2.7839
3.0599
3.0707
3.1009
3.1346
3.4164
3.366
3.5941
3.6677
3.8222
3.7128
3.9094
4.2873
4.2099
4.3904
4.2306
4.5216
4.8342
4.5793
4.9868
5.0526
5.1282
5.1689
5.7039
5.5605
6.0102
6.228
6.2173
6.5622
7.1119
6.592
7.7597
8.6487
8.7759
8.7449
9.0223
8.518
8.9508
9.532
9.463
9.6137
9.6024
9.7448
9.6973
9.8648
9.9049
9.9178
9.8519
9.8726
9.8412
9.8073
9.8551
9.8952
9.8086
9.8528
9.8954
9.8656
9.8505
9.9091
9.9134
9.916
9.9349
9.9419
9.9419
9.9512
9.9514
9.9679
9.9679
9.9679
9.97
9.97
9.97
9.97
9.9653
9.9605
9.9691
9.9613
9.9613
9.9531
9.9531
9.9531
9.9614
9.9677
9.9781
9.9781
9.9781
9.9666
9.9743
9.9743
9.9743
9.9743
9.9714
9.9714
9.9714
2.5515
2.5675
2.7563
2.6892
2.9921
2.8762
2.9835
2.9533
3.2382
3.2761
3.3676
3.4453
3.5813
3.8351
3.8169
3.7868
4.0768
4.4939
4.1652
4.1847
4.6655
4.6476
5.0206
5.0222
5.1583
5.3081
5.3975
5.5365
5.6076
5.9875
6.0768
6.1332
6.9026
7.0431
7.8078
7.6676
7.1721
8.5514
9.0296
8.5029
8.6734
9.1629
9.459
9.3295
9.6745
9.4574
9.5234
9.6189
9.7043
9.841
9.8951
9.8844
9.8588
9.8662
9.6924
9.7278
9.8008
9.8154
9.7153
9.7726
9.9147
9.8712
9.9639
9.9639
9.9639
9.9639
9.9578
9.9578
9.9578
9.9579
9.9579
9.9519
9.9552
9.9653
9.9517
9.9517
9.9517
9.9605
9.9605
9.9605
9.9606
9.9613
9.9613
9.9531
9.9531
9.9531
9.9614
9.9677
9.9781
9.9781
9.9781
9.9548
9.9743
9.9743
9.9743
9.9743
9.9714
9.9714
9.9714
2.4619
2.7096
2.8568
3.035
2.7942
3.0829
3.2901
3.1475
3.2371
3.4704
3.4205
3.4256
3.7103
3.9049
4.0364
4.1712
4.0112
4.4138
4.0677
4.4638
4.6141
4.7023
4.941
4.8723
5.2745
5.6436
5.5524
5.5889
6.307
6.5427
6.1741
6.7421
7.2196
7.2983
7.9385
7.7056
8.1245
8.4179
8.5329
8.4092
8.6193
9.6288
9.5257
9.6774
9.5996
9.6142
9.6984
9.6307
9.7743
9.8751
9.8655
9.8784
9.8523
9.8943
9.797
9.8342
9.8415
9.8572
9.8689
9.8881
9.9175
9.8762
9.9639
9.9639
9.9639
9.9639
9.9578
9.9578
9.9578
9.9579
9.9579
9.9519
9.9661
9.9653
9.9517
9.9517
9.9517
9.9605
9.9605
9.9605
9.9672
9.9613
9.9613
9.9531
9.9531
9.9531
9.9614
9.9677
9.9781
9.9781
9.9781
9.9592
9.9743
9.9743
9.9743
9.9743
9.9714
9.9714
9.9714
2.588
2.8877
2.8774
3.1067
3.1749
3.1239
2.9812
3.2124
3.1155
3.4962
3.791
3.8812
3.8093
3.7601
3.917
4.3398
4.4127
4.3622
4.505
4.1083
4.8087
4.8517
5.1696
5.1035
5.3247
5.2618
5.5078
6.0439
6.0626
6.4686
6.295
7.295
7.032
7.9834
8.5367
8.8902
8.3977
8.7174
9.3473
9.2869
9.5076
9.631
9.6598
9.7401
9.6513
9.3551
9.5231
9.7205
9.7781
9.8779
9.8422
9.8663
9.9068
9.9068
9.8375
9.8783
9.8424
9.8465
9.888
9.8905
9.9278
9.9183
9.9574
9.9157
9.9511
9.9233
9.9534
9.9582
9.9582
9.9519
9.9519
9.9134
9.97
9.9681
9.9491
9.9491
9.9491
9.9605
9.9605
9.9605
9.9672
9.9613
9.9613
9.956
9.956
9.9788
9.9788
9.9788
9.9788
9.9788
9.9788
9.9788
9.9788
9.9788
9.9788
9.9788
9.9788
9.9788
9.9788
2.6383
2.9887
3.0552
3.0543
3.0516
3.2571
3.3557
3.5102
3.4595
3.7115
3.6344
3.8175
4.0705
4.1846
4.1056
4.2379
4.4335
4.7223
4.5547
4.7669
5.3386
4.7099
5.3789
5.1589
5.738
5.5019
5.9606
5.8065
6.8517
6.6669
7.0578
7.3737
7.9403
7.2393
7.9903
7.4786
8.9413
8.9929
8.2936
9.64
9.4187
9.5658
9.5477
9.4039
9.6603
9.7394
9.7906
9.785
9.8317
9.8317
9.8196
9.8423
9.797
9.8302
9.8729
9.8822
9.8154
9.7798
9.9164
9.8918
9.922
9.8798
9.8589
9.9237
9.9195
9.9203
9.9203
9.921
9.9273
9.9236
9.9276
9.9276
9.9409
9.9607
9.9607
9.9615
9.9615
9.9615
9.9615
9.9615
9.9624
9.9473
9.9689
9.9615
9.9615
9.9506
9.953
9.953
9.953
9.953
9.953
9.953
9.9427
9.9451
9.9631
9.9631
9.9767
9.9767
9.9767
2.8192
2.9591
3.0675
3.1998
3.2626
3.3283
3.4013
3.814
3.8747
3.7445
3.8936
4.2588
4.3302
4.4317
4.2067
4.4426
4.6344
4.6435
4.8121
4.8796
4.9727
5.3641
5.4561
5.4236
5.8199
6.0234
5.8284
7.0246
6.6916
6.2908
7.4966
7.6191
7.7062
7.7247
8.2016
8.5707
8.7589
9.1936
9.3501
9.334
9.2725
9.5002
9.3884
9.6097
9.6704
9.6037
9.7061
9.8511
9.8884
9.8917
9.9014
9.8083
9.855
9.9116
9.9062
9.8652
9.9223
9.9204
9.9255
9.924
9.9007
9.8917
9.9093
9.932
9.9279
9.9352
9.9313
9.928
9.9277
9.9339
9.941
9.941
9.9354
9.9615
9.9615
9.9517
9.9517
9.9554
9.9554
9.9554
9.9624
9.9481
9.9689
9.9467
9.9499
9.953
9.953
9.953
9.953
9.953
9.953
9.953
9.9427
9.9451
9.9631
9.9631
9.9788
9.9788
9.9788
2.8457
3.1048
3.1316
3.2299
3.3448
3.5283
3.6569
3.6446
3.7036
3.8251
3.8386
4.0427
4.1765
4.2327
4.3951
4.7167
4.7716
4.6425
5.2452
5.158
5.2018
5.4709
5.3515
5.6246
6.1433
6.1139
6.6291
6.5822
6.6835
7.1716
7.6911
7.4799
7.9506
7.3063
8.3517
8.5234
8.9719
9.0228
9.4991
9.7164
9.8198
9.6857
9.6707
9.7767
9.821
9.8221
9.8776
9.8047
9.8263
9.8026
9.8399
9.8281
9.8523
9.8412
9.9026
9.8585
9.9223
9.8796
9.8408
9.9258
9.931
9.9208
9.9208
9.9235
9.9235
9.9366
9.924
9.9311
9.9272
9.9325
9.941
9.941
9.9246
9.9638
9.9638
9.9638
9.9638
9.9638
9.9638
9.9638
9.9638
9.971
9.971
9.9499
9.9499
9.953
9.953
9.953
9.953
9.953
9.953
9.953
9.9427
9.9451
9.9631
9.9631
9.9788
9.9788
9.9788
3.0289
3.3385
3.0985
3.1505
3.4053
3.6024
3.7937
3.9941
4.2259
3.9492
4.1204
4.4469
4.5772
4.427
4.433
4.5822
4.8275
4.7971
4.8364
5.2918
5.1095
5.3007
5.4165
6.163
6.2331
6.8871
6.5812
6.8024
7.0253
7.2617
8.8478
8.1783
8.5408
8.4422
9.1785
9.2487
9.2089
9.3281
9.6215
9.5575
9.6406
9.7811
9.6799
9.7253
9.8419
9.895
9.8433
9.8969
9.8969
9.8444
9.8583
9.8847
9.9347
9.9314
9.9061
9.8963
9.9223
9.8964
9.8805
9.9156
9.8986
9.9208
9.9208
9.9404
9.9404
9.9366
9.924
9.9369
9.9325
9.9325
9.941
9.941
9.9254
9.9638
9.9638
9.9638
9.9638
9.9638
9.9638
9.9638
9.9638
9.971
9.971
9.9499
9.9499
9.953
9.953
9.953
9.953
9.953
9.953
9.953
9.9427
9.9451
9.9631
9.9631
9.9788
9.9788
9.9788
3.3655
3.0331
3.3519
3.3277
3.5718
3.7556
3.6915
3.9065
3.9594
3.8672
4.0818
4.5523
4.3859
4.7592
4.6836
4.6661
5.4382
4.7497
5.2178
5.7902
5.8142
5.7491
5.6583
5.9241
7.0362
6.3039
6.9769
7.2306
7.1738
7.5904
8.0656
8.9241
8.7346
9.4086
9.1966
8.951
9.4205
9.2248
9.7022
9.2577
9.7075
9.7961
9.7707
9.7952
9.7751
9.7582
9.7844
9.7793
9.7268
9.8564
9.8993
9.909
9.9152
9.9182
9.9188
9.9202
9.926
9.9468
9.9289
9.9534
9.9143
9.9204
9.9307
9.9405
9.9339
9.9279
9.9404
9.9404
9.9404
9.9423
9.9598
9.9598
9.9157
9.9157
9.9134
9.9134
9.9134
9.9174
9.9174
9.9174
9.9602
9.9581
9.9581
9.9581
9.9581
9.9581
9.9581
9.9568
9.9568
9.9568
9.9568
9.9568
9.9568
9.9568
9.9594
9.9594
9.9594
9.9594
9.9594
3.0849
3.3742
3.4116
3.4068
3.5467
3.7506
4.0931
3.7446
4.1079
4.2053
4.264
4.5475
4.5844
5.0425
4.9866
4.9891
4.9973
5.2903
6.0121
5.4353
5.7307
6.0595
6.6935
6.5468
6.7221
6.8066
7.4139
7.5065
7.9653
7.5016
8.4221
8.6553
8.7975
9.1378
8.6743
9.6319
9.6709
9.475
9.7046
9.7106
9.8231
9.8671
9.8159
9.7962
9.7225
9.7636
9.8422
9.8911
9.8458
9.8604
9.9182
9.9387
9.9387
9.9388
9.9391
9.9391
9.9296
9.934
9.9317
9.9343
9.9483
9.955
9.955
9.9408
9.9221
9.9221
9.9267
9.9318
9.9318
9.9423
9.9598
9.9598
9.9341
9.9319
9.9576
9.9576
9.9576
9.9576
9.9646
9.9646
9.9551
9.9841
9.9841
9.9612
9.9612
9.9612
9.9662
9.9779
9.9779
9.9779
9.9779
9.9779
9.9779
9.9813
9.9822
9.9822
9.9822
9.9822
9.9822
3.1848
3.2982
3.5683
3.9279
3.8006
4.0288
4.0376
4.2712
4.2544
4.2796
4.5024
4.8071
4.971
5.0587
5.2263
5.1364
5.5043
4.9723
5.8401
6.1014
6.0215
6.2402
6.5231
6.6994
6.8585
7.9731
7.5744
7.9401
8.4335
8.4712
8.6734
8.8745
8.3339
9.2579
9.0855
9.0285
9.6953
9.5665
9.6903
9.8251
9.829
9.8142
9.8277
9.8309
9.7785
9.8339
9.8777
9.8911
9.843
9.8693
9.9301
9.9425
9.9425
9.9441
9.9314
9.922
9.951
9.934
9.9328
9.9138
9.9411
9.9516
9.9516
9.9325
9.9321
9.9393
9.9267
9.9318
9.9318
9.9423
9.9596
9.9596
9.9341
9.9319
9.9576
9.9576
9.9576
9.9576
9.9646
9.9646
9.9551
9.9841
9.9841
9.9779
9.9779
9.9779
9.9779
9.9702
9.9702
9.9702
9.9702
9.9717
9.9717
9.9814
9.9822
9.9822
9.9822
9.9822
9.9822
3.4087
3.5227
3.5047
3.631
4.0052
3.809
4.2345
4.2003
4.7694
4.3356
4.4523
4.7646
4.8644
4.9929
5.3627
5.4906
5.6695
5.2852
5.3475
6.4053
6.2846
6.1213
6.5069
6.9852
6.9194
7.3376
8.0635
8.1148
8.8785
8.7927
8.2433
8.8347
9.272
9.4288
9.293
9.3811
9.6387
9.7969
9.6944
9.6987
9.7858
9.6869
9.844
9.8273
9.8203
9.8605
9.8655
9.7834
9.9021
9.9021
9.9301
9.9534
9.9534
9.9271
9.9401
9.9503
9.951
9.9328
9.9328
9.9094
9.948
9.9522
9.9522
9.9479
9.9573
9.9573
9.9267
9.9318
9.9318
9.9423
9.9596
9.9596
9.9341
9.9319
9.9576
9.9576
9.9576
9.9576
9.9646
9.9646
9.9551
9.9841
9.9841
9.9779
9.9779
9.9779
9.9779
9.9702
9.9702
9.9702
9.9702
9.9717
9.9717
9.9814
9.9822
9.9822
9.9822
9.9822
9.9822
3.5197
3.7596
3.6412
3.584
3.9134
4.3952
4.2439
4.1536
4.3751
4.5686
4.8675
5.1531
5.1344
4.7925
5.0854
5.5389
5.8022
5.8305
6.3457
6.1336
6.0969
6.6228
7.0509
7.1587
7.2567
7.4732
8.1798
8.3422
9.5071
8.693
9.2036
9.3789
9.5174
9.4168
9.5468
9.3095
9.4988
9.7369
9.7376
9.749
9.8258
9.7498
9.8922
9.8486
9.8407
9.8
9.8221
9.9147
9.9468
9.9594
9.952
9.9341
9.925
9.916
9.9001
9.8898
9.9103
9.9285
9.9285
9.9354
9.9368
9.9511
9.9563
9.9407
9.9501
9.9501
9.9351
9.9433
9.933
9.95
9.9383
9.9383
9.9341
9.9319
9.9551
9.9551
9.9551
9.9551
9.9646
9.9646
9.9559
9.9657
9.9657
9.9779
9.9779
9.9779
9.9779
9.9702
9.9702
9.9702
9.9702
9.9717
9.9717
9.9814
9.9822
9.9822
9.9822
9.9822
9.9822
3.7719
3.8955
4.0426
4.1723
4.3194
4.3949
4.402
4.1532
4.7155
4.6225
4.985
5.0062
5.1829
5.2927
5.3131
5.622
5.8996
6.271
6.2904
6.4024
6.8702
6.8072
7.2232
7.8389
7.6124
8.3485
9.2304
8.9773
8.9447
8.286
9.108
9.1311
9.5543
9.7363
9.569
9.6446
9.5049
9.7384
9.7369
9.5522
9.7458
9.7196
9.8357
9.9026
9.9047
9.9174
9.8592
9.9143
9.964
9.927
9.9414
9.928
9.9118
9.9054
9.9098
9.9099
9.9103
9.9285
9.9285
9.9382
9.9274
9.9507
9.9444
9.9444
9.9444
9.9487
9.9384
9.9433
9.933
9.95
9.9381
9.9381
9.9341
9.9448
9.9551
9.9551
9.9551
9.9551
9.9646
9.9646
9.9559
9.9657
9.9657
9.9799
9.9799
9.9799
9.9799
9.9816
9.9791
9.9791
9.9791
9.9791
9.9791
9.9814
9.9822
9.9822
9.9822
9.9822
9.9822
3.6148
3.7684
4.0724
4.0467
4.2172
4.5585
4.5685
4.556
4.86
4.8846
5.3507
5.214
5.4832
5.6177
5.6313
5.8966
5.9384
6.7579
5.8023
6.5394
7.8761
7.0754
7.6827
7.3069
8.3491
7.5655
8.279
8.8066
9.4085
9.4646
9.6521
9.6897
9.5473
9.7076
9.6507
9.7392
9.7789
9.881
9.8495
9.8474
9.8658
9.7143
9.8501
9.9047
9.9174
9.9174
9.89
9.9595
9.9612
9.9612
9.9612
9.9389
9.9058
9.9089
9.905
9.905
9.9103
9.9299
9.9299
9.9244
9.9274
9.9507
9.9444
9.9444
9.9444
9.9487
9.9431
9.9456
9.933
9.95
9.9381
9.9381
9.942
9.9522
9.9529
9.9529
9.9529
9.9529
9.9646
9.9646
9.971
9.9657
9.9657
9.9799
9.9799
9.9799
9.9799
9.9816
9.9791
9.9791
9.9791
9.9791
9.9791
9.9814
9.9822
9.9822
9.9822
9.9822
9.9822
4.0494
4.0652
3.9281
4.2726
4.1421
4.2934
4.2359
4.6555
5.2741
4.7958
5.2303
5.2385
5.8699
6.0107
6.1199
5.8356
6.4157
6.3965
6.6743
6.5102
7.3635
7.5624
8.313
7.5871
8.329
8.6045
9.0294
9.1357
9.2471
9.5329
9.6097
9.3888
9.4717
9.7252
9.7672
9.7168
9.8141
9.864
9.8563
9.8223
9.8317
9.7375
9.8846
9.915
9.8928
9.9281
9.9281
9.9512
9.9366
9.9226
9.9629
9.922
9.9236
9.9229
9.9397
9.9494
9.9426
9.9515
9.9515
9.945
9.9087
9.9469
9.9469
9.9469
9.9469
9.9487
9.9532
9.9532
9.9532
9.9532
9.9472
9.9472
9.942
9.9522
9.9529
9.9529
9.9529
9.9529
9.9646
9.9646
9.9719
9.9657
9.9657
9.9799
9.9799
9.9799
9.9799
9.9816
9.9791
9.9791
9.9791
9.9791
9.9791
9.9814
9.9791
9.9791
9.9791
9.9791
9.9791
4.3525
4.2618
4.0057
4.4056
4.2012
4.3281
4.5979
5.292
4.832
4.8311
5.5194
5.598
5.8834
5.5863
6.4079
6.3804
6.5649
6.6274
7.1895
7.3495
7.2388
7.8876
6.9617
7.9348
8.4019
8.4836
9.2738
9.3055
9.5712
9.6097
9.7111
9.7512
9.6136
9.8171
9.7751
9.681
9.7882
9.7747
9.7532
9.8571
9.8171
9.7561
9.8975
9.8255
9.8978
9.9054
9.8892
9.875
9.8962
9.9027
9.8938
9.9117
9.9307
9.9328
9.9425
9.9425
9.9425
9.9207
9.9348
9.9443
9.9411
9.9652
9.9636
9.9636
9.9423
9.9446
9.9446
9.9446
9.9446
9.9495
9.9712
9.9712
9.952
9.9687
9.9715
9.9715
9.9815
9.9815
9.9815
9.9815
9.9815
9.9773
9.9773
9.9793
9.9793
9.9793
9.9793
9.9818
9.9818
9.9818
9.9889
9.9889
9.9889
9.9889
9.9889
9.9889
9.9889
9.9889
9.9889
4.5
4.2947
4.1469
4.3599
4.243
4.9218
5.0899
4.6911
5.3095
5.3315
5.3776
5.6423
6.5342
5.7435
6.0952
6.423
7.1577
7.6875
6.7673
7.2014
8.2244
8.7508
9.062
8.1139
8.6118
9.1201
8.9568
9.3113
9.6088
9.5072
9.7537
9.668
9.5915
9.659
9.6467
9.5131
9.846
9.7795
9.8545
9.8398
9.8182
9.8552
9.9163
9.8812
9.8576
9.8753
9.8818
9.8459
9.8785
9.8804
9.8938
9.9117
9.9385
9.9385
9.912
9.912
9.912
9.9427
9.9321
9.9443
9.9411
9.9652
9.9636
9.9636
9.9423
9.9446
9.9446
9.9446
9.9446
9.9494
9.9627
9.9627
9.9572
9.9687
9.9651
9.9651
9.9815
9.9815
9.9815
9.9815
9.9815
9.9773
9.9773
9.9793
9.9793
9.9793
9.9793
9.9818
9.9818
9.9818
9.9889
9.9889
9.9889
9.9889
9.9889
9.9889
9.9889
9.9889
9.9889
4.3984
4.6967
4.8359
4.7395
4.6231
5.1556
5.0664
5.7105
5.2358
5.6922
5.7262
6.2645
6.5157
6.1466
6.7697
6.8108
6.9728
7.1517
7.0138
8.5702
8.3207
8.8456
8.2538
9.2197
8.4445
9.0471
9.4566
9.3106
9.7352
9.7318
9.61
9.5821
9.7916
9.8296
9.8106
9.7699
9.7432
9.7731
9.846
9.8767
9.7826
9.7323
9.8781
9.8906
9.915
9.915
9.9234
9.9234
9.9217
9.9217
9.9219
9.9127
9.9385
9.9385
9.9152
9.9152
9.9152
9.9427
9.9328
9.9322
9.9494
9.9652
9.9636
9.9636
9.9555
9.9464
9.9464
9.9464
9.9464
9.9457
9.9657
9.9661
9.9414
9.9687
9.9815
9.9815
9.9815
9.9815
9.9815
9.9815
9.9815
9.9773
9.9773
9.9793
9.9793
9.9793
9.9793
9.9889
9.9889
9.9889
9.9889
9.9889
9.9889
9.9889
9.9889
9.9889
9.9889
9.9889
9.9889
4.3992
4.2198
4.8649
4.8982
4.851
4.852
5.6158
5.5126
5.5754
5.5832
5.5941
5.9745
6.0551
6.567
6.4815
7.0145
7.2939
7.9136
7.3849
7.9313
8.7931
9.2976
8.9717
9.3958
9.3768
9.417
9.2503
9.6016
9.5721
9.7201
9.689
9.5529
9.8139
9.8034
9.8936
9.8267
9.8047
9.7751
9.9108
9.8956
9.8274
9.8292
9.8823
9.8882
9.909
9.9108
9.9234
9.9234
9.9217
9.9217
9.9242
9.9191
9.9385
9.9385
9.9046
9.9046
9.9091
9.9427
9.9345
9.9339
9.9403
9.943
9.9666
9.9666
9.9555
9.9495
9.9495
9.9495
9.9495
9.9495
9.9657
9.9661
9.9428
9.9687
9.9815
9.9815
9.9815
9.9815
9.9815
9.9815
9.9815
9.9773
9.9773
9.9793
9.9793
9.9793
9.9793
9.9889
9.9889
9.9889
9.9889
9.9889
9.9889
9.9889
9.9889
9.9889
9.9889
9.9889
9.9889
4.5883
4.8026
4.853
5.1407
4.893
5.3942
5.3177
5.3669
5.4473
5.6099
5.8334
6.9221
6.3091
6.7059
7.4948
7.6004
7.9963
7.6169
8.0414
8.0475
8.8932
9.408
8.9235
9.2555
9.1065
9.4156
9.606
9.7129
9.861
9.7979
9.7906
9.7033
9.7781
9.8222
9.8985
9.8202
9.7703
9.8101
9.8524
9.8571
9.8178
9.8107
9.91
9.8831
9.9108
9.9194
9.9079
9.9217
9.9143
9.9143
9.9081
9.9081
9.9081
9.9081
9.9081
9.9032
9.9407
9.9494
9.9555
9.9339
9.9403
9.9626
9.9626
9.9626
9.9555
9.9494
9.9494
9.9494
9.9494
9.9494
9.9657
9.9661
9.9587
9.9695
9.9815
9.9815
9.9815
9.9815
9.9815
9.9815
9.9815
9.9756
9.9756
9.9805
9.9805
9.9805
9.9813
9.9889
9.9889
9.9889
9.9889
9.9889
9.9889
9.9889
9.9889
9.9889
9.9889
9.9889
9.9889
4.7498
5.0259
5.0689
4.992
5.0162
5.1163
5.5541
5.8738
5.8616
6.5045
6.3118
6.5222
6.3049
6.6256
7.0018
7.0787
7.5395
8.7695
9.2599
8.7582
8.731
8.9176
9.3687
9.1177
9.274
9.6458
9.7257
9.7889
9.8213
9.7887
9.7857
9.7657
9.7654
9.8649
9.8941
9.7125
9.8223
9.81
9.8709
9.8571
9.8923
9.8923
9.9064
9.884
9.8753
9.8843
9.898
9.8747
9.8747
9.8747
9.9223
9.9223
9.9364
9.9364
9.9364
9.9272
9.9407
9.9494
9.9555
9.9339
9.9463
9.9626
9.9626
9.9626
9.9579
9.951
9.942
9.9501
9.9501
9.9479
9.9701
9.9701
9.9587
9.9649
9.9815
9.9815
9.9815
9.9815
9.9815
9.9815
9.9815
9.9756
9.9756
9.9805
9.9805
9.9805
9.9813
9.9889
9.9889
9.9889
9.9889
9.9889
9.9889
9.9889
9.9889
9.9889
9.9889
9.9889
9.9889
4.8403
5.1119
5.1918
4.9707
5.577
5.8356
5.5685
6.4095
6.1872
6.5276
7.0467
7.0939
8.2453
7.3477
7.6723
6.9791
8.4972
8.6147
8.3688
8.6152
9.4925
9.3541
9.4874
9.3732
9.6718
9.683
9.8143
9.8128
9.7287
9.8653
9.8775
9.8047
9.8128
9.7934
9.8774
9.7508
9.813
9.87
9.9299
9.9299
9.8553
9.8908
9.9156
9.8947
9.9133
9.935
9.9412
9.945
9.9397
9.9471
9.9223
9.9223
9.9364
9.9364
9.9364
9.9272
9.928
9.9494
9.9555
9.9339
9.9463
9.9626
9.9626
9.9626
9.9579
9.9509
9.9501
9.9501
9.9501
9.9479
9.9701
9.9701
9.9587
9.9691
9.9815
9.9815
9.9815
9.9815
9.9815
9.9815
9.9815
9.9805
9.9805
9.9813
9.9813
9.9813
9.9806
9.9889
9.9889
9.9889
9.9889
9.9889
9.9889
9.9889
9.9889
9.9889
9.9889
9.9889
9.9889
4.9172
5.2351
5.3363
5.289
5.5822
5.9794
6.1545
6.3418
7.1266
6.381
7.2498
7.7462
7.1318
7.9061
7.8723
7.1555
8.6453
8.7598
9.0556
9.0831
9.2882
9.4337
9.6628
9.5213
9.6499
9.6194
9.812
9.7904
9.8615
9.723
9.8357
9.7869
9.8674
9.853
9.8887
9.8299
9.8406
9.8406
9.9299
9.9299
9.8772
9.8732
9.927
9.9056
9.917
9.9158
9.9226
9.9275
9.9253
9.9253
9.9223
9.9223
9.9309
9.9309
9.9272
9.9373
9.928
9.9494
9.9555
9.9587
9.9664
9.9626
9.9626
9.9626
9.9561
9.9561
9.9561
9.9561
9.954
9.954
9.9701
9.9701
9.9587
9.9691
9.9815
9.9815
9.9815
9.9815
9.9815
9.9815
9.9815
9.9805
9.9805
9.9813
9.9813
9.9813
9.9806
9.9889
9.9889
9.9889
9.9889
9.9889
9.9889
9.9889
9.9889
9.9889
9.9889
9.9889
9.9889
5.2106
5.5696
5.6863
5.6943
5.8547
6.2913
5.7867
6.7382
6.4305
7.2518
6.6225
7.1382
8.1776
7.6762
7.9855
8.9086
8.9806
8.6466
9.0628
9.4651
9.7087
9.5951
9.3162
9.6475
9.6897
9.6304
9.7832
9.7001
9.6558
9.7062
9.7105
9.9089
9.8794
9.8868
9.8868
9.8498
9.869
9.8505
9.8855
9.8872
9.8845
9.8845
9.927
9.8797
9.917
9.9158
9.9314
9.9322
9.947
9.9315
9.9223
9.9223
9.9373
9.9373
9.9373
9.9373
9.9367
9.9494
9.9555
9.9587
9.9664
9.9626
9.9626
9.9626
9.9561
9.9561
9.9561
9.9561
9.954
9.954
9.9701
9.9701
9.9587
9.9691
9.9815
9.9815
9.9815
9.9815
9.9815
9.9815
9.9815
9.9805
9.9805
9.9813
9.9813
9.9813
9.9806
9.9889
9.9889
9.9889
9.9889
9.9889
9.9889
9.9889
9.9889
9.9889
9.9889
9.9889
9.9889
4.9748
5.4214
5.6781
5.5806
5.8064
6.2134
6.2887
6.1373
6.9748
7.1409
7.0754
6.9703
8.9372
8.2801
9.2695
8.6835
9.3223
8.066
9.5616
9.2357
8.9968
9.2932
9.6884
9.5889
9.6781
9.6793
9.7885
9.8333
9.8334
9.8218
9.8234
9.9201
9.8724
9.8692
9.9221
9.7234
9.8589
9.8696
9.9001
9.9022
9.8879
9.8879
9.9392
9.8797
9.9164
9.9171
9.9378
9.9322
9.947
9.935
9.9223
9.9223
9.9373
9.9373
9.9373
9.9373
9.9409
9.9494
9.9555
9.962
9.962
9.9626
9.9626
9.9626
9.9572
9.9591
9.9591
9.9591
9.9591
9.952
9.9762
9.9762
9.9587
9.9691
9.9815
9.9815
9.9815
9.9815
9.9815
9.9815
9.9815
9.9805
9.9805
9.9813
9.9813
9.9813
9.9806
9.9889
9.9889
9.9889
9.9889
9.9889
9.9889
9.9889
9.9889
9.9889
9.9889
9.9889
9.9889
5.4412
5.9732
5.9026
6.0594
6.3157
6.4213
6.9831
7.2416
6.6793
7.5368
8.1173
7.8992
8.2215
8.4896
8.8351
9.4183
9.2848
9.0931
9.0369
9.5468
9.2686
9.3423
9.3724
9.7778
9.7346
9.4213
9.8629
9.8701
9.8717
9.7981
9.7729
9.8538
9.8526
9.8611
9.9274
9.7785
9.8528
9.8439
9.9001
9.9022
9.8769
9.8772
9.928
9.9017
9.9159
9.9183
9.9186
9.9208
9.9196
9.9286
9.9452
9.9423
9.9232
9.9095
9.9433
9.9433
9.9433
9.9501
9.9321
9.962
9.962
9.9626
9.9626
9.9626
9.9572
9.9591
9.9591
9.9591
9.9591
9.952
9.9762
9.9762
9.9587
9.9691
9.9815
9.9815
9.9815
9.9815
9.9815
9.9815
9.9815
9.9805
9.9805
9.9813
9.9813
9.9813
9.9806
9.9889
9.9889
9.9889
9.9889
9.9889
9.9889
9.9889
9.9889
9.9889
9.9889
9.9889
9.9889
6.0131
5.9993
5.8971
6.0111
6.8511
6.9475
7.0709
7.1002
7.1305
7.436
7.1863
8.3972
8.9151
8.4964
8.8766
9.5435
9.3093
9.392
9.2941
9.5229
9.5923
9.6154
9.6703
9.7985
9.73
9.7391
9.846
9.8025
9.8441
9.8951
9.8163
9.8614
9.8503
9.8503
9.8434
9.84
9.8522
9.8621
9.9239
9.9302
9.8585
9.8585
9.9338
9.9409
9.9409
9.9297
9.9244
9.9312
9.9354
9.9354
9.9461
9.9461
9.9515
9.9515
9.9265
9.9265
9.9298
9.9298
9.9592
9.962
9.962
9.9699
9.9699
9.9699
9.9591
9.9591
9.9591
9.9591
9.9591
9.948
9.9762
9.9762
9.9587
9.9691
9.9815
9.9815
9.9815
9.9815
9.9815
9.9815
9.9815
9.9805
9.9805
9.9813
9.9813
9.9813
9.9806
9.9889
9.9889
9.9889
9.9889
9.9889
9.9889
9.9889
9.9889
9.9889
9.9889
9.9889
9.9889
5.8685
6.7428
6.5046
6.0556
6.6186
6.8168
6.9201
7.654
7.8549
7.2912
9.0292
8.3386
8.6143
9.4378
9.2213
9.5236
9.3079
9.2134
9.4263
9.5471
9.6217
9.5426
9.7862
9.7222
9.7737
9.7382
9.7806
9.7743
9.8866
9.9196
9.9196
9.8634
9.8733
9.8699
9.8945
9.84
9.9056
9.888
9.941
9.9302
9.8883
9.8883
9.9152
9.9488
9.9497
9.939
9.939
9.937
9.937
9.937
9.9461
9.9461
9.9515
9.9515
9.949
9.949
9.949
9.949
9.9592
9.962
9.962
9.9699
9.9699
9.9699
9.9591
9.9591
9.9591
9.9591
9.9591
9.9624
9.9762
9.9762
9.964
9.9691
9.9815
9.9815
9.9815
9.9815
9.9815
9.9815
9.9815
9.9737
9.9813
9.9766
9.9766
9.9766
9.9834
9.9889
9.9889
9.9889
9.9889
9.9889
9.9889
9.9889
9.9889
9.9889
9.9889
9.9889
9.9889
5.9468
6.2064
6.4225
6.23
7.3764
7.2878
7.5772
7.0477
8.0753
7.704
9.0168
8.9233
9.3055
9.6256
9.0572
8.8649
8.9758
9.6382
9.5525
9.5576
9.7123
9.4878
9.7356
9.8131
9.7953
9.6974
9.9195
9.8988
9.9041
9.9196
9.9196
9.8821
9.9435
9.9435
9.9094
9.8798
9.8798
9.8914
9.9431
9.9447
9.8922
9.8922
9.9516
9.9516
9.9516
9.939
9.939
9.937
9.937
9.937
9.9307
9.9307
9.9515
9.9515
9.949
9.949
9.949
9.949
9.9592
9.962
9.962
9.9699
9.9699
9.9699
9.9451
9.9451
9.9451
9.9451
9.9451
9.9451
9.9762
9.9762
9.967
9.9691
9.9815
9.9815
9.9815
9.9815
9.9815
9.9815
9.9815
9.9775
9.9775
9.9775
9.9775
9.9775
9.9775
9.9889
9.9889
9.9889
9.9889
9.9889
9.9889
9.9889
9.9889
9.9889
9.9889
9.9889
9.9889
6.5036
6.4383
6.7976
7.2832
7.044
6.9307
7.235
8.086
8.1462
8.4403
8.9598
9.3873
9.1356
9.4843
9.5029
9.3488
9.6459
9.7564
9.5785
9.5485
9.7334
9.7427
9.7367
9.8383
9.8167
9.8086
9.8567
9.8631
9.914
9.9098
9.8871
9.8457
9.9435
9.9435
9.9038
9.8817
9.8837
9.8837
9.8963
9.9447
9.8923
9.8923
9.934
9.9005
9.8961
9.9314
9.9314
9.9365
9.9365
9.9365
9.9219
9.9219
9.9544
9.9544
9.949
9.949
9.949
9.949
9.9592
9.976
9.976
9.9699
9.9699
9.9699
9.9451
9.9451
9.9451
9.9451
9.9451
9.9451
9.9762
9.9762
9.9714
9.9714
9.9714
9.9714
9.9714
9.9714
9.9714
9.9714
9.9733
9.9815
9.9815
9.9815
9.9815
9.9815
9.9815
9.9889
9.9889
9.9889
9.9889
9.9889
9.9889
9.9889
9.9889
9.9889
9.9889
9.9889
9.9889
6.9751
7.9132
6.6231
6.4773
7.4678
8.4383
8.2621
8.7802
8.4146
9.0888
9.1541
9.4752
9.5169
9.4451
9.3369
9.6615
9.7665
9.804
9.5987
9.7206
9.7652
9.7711
9.8363
9.8767
9.8593
9.8496
9.8921
9.9086
9.9135
9.8775
9.9022
9.8468
9.9243
9.9243
9.9081
9.8967
9.8967
9.8967
9.9323
9.9447
9.9388
9.9295
9.9599
9.9379
9.9379
9.9606
9.9498
9.9498
9.9498
9.9498
9.9496
9.9492
9.9618
9.9618
9.9618
9.9618
9.9607
9.9569
9.9569
9.976
9.976
9.9699
9.9699
9.9699
9.9626
9.9626
9.9647
9.9647
9.9647
9.9647
9.9762
9.9762
9.967
9.9701
9.9701
9.9701
9.9701
9.9701
9.9701
9.9701
9.9733
9.9815
9.9815
9.9815
9.9815
9.9815
9.9815
9.9889
9.9889
9.9889
9.9889
9.9889
9.9889
9.9889
9.9889
9.9889
9.9889
9.9889
9.9889
7.1584
7.2915
7.265
6.969
7.9796
8.2486
8.5111
9.2629
9.2276
9.0975
9.5914
9.3798
9.6006
9.7019
9.6627
9.7264
9.5186
9.6298
9.7591
9.7182
9.7373
9.8127
9.8548
9.8916
9.7885
9.8502
9.8898
9.9163
9.9116
9.8871
9.9203
9.8734
9.9243
9.9243
9.9154
9.8909
9.8909
9.8909
9.9323
9.9447
9.9533
9.9511
9.9356
9.9357
9.9575
9.9575
9.9575
9.9596
9.9596
9.9596
9.9596
9.9596
9.9277
9.9277
9.9548
9.9548
9.9548
9.9548
9.9548
9.976
9.976
9.9699
9.9699
9.9699
9.9626
9.9626
9.9647
9.9647
9.9647
9.9647
9.9762
9.9762
9.9634
9.9701
9.9701
9.9701
9.9701
9.9701
9.9701
9.9701
9.9733
9.9815
9.9815
9.9815
9.9815
9.9815
9.9815
9.9889
9.9889
9.9889
9.9889
9.9889
9.9889
9.9889
9.9889
9.9889
9.9889
9.9889
9.9889
7.1307
7.7308
7.6431
8.1758
8.3232
8.2811
8.4093
9.2089
9.1602
9.5575
9.3933
9.2736
9.5655
9.6194
9.6948
9.6991
9.7256
9.5787
9.7794
9.7534
9.7918
9.8714
9.8524
9.907
9.823
9.8207
9.8003
9.9091
9.8737
9.9415
9.9257
9.8738
9.8844
9.8844
9.9154
9.8411
9.851
9.9025
9.9385
9.9478
9.9533
9.9511
9.9356
9.9357
9.9575
9.9575
9.9575
9.9596
9.9596
9.9596
9.9596
9.9596
9.9518
9.9518
9.9588
9.9588
9.9588
9.9588
9.9588
9.976
9.976
9.9699
9.9699
9.9699
9.9626
9.9626
9.9647
9.9647
9.9647
9.9647
9.9762
9.9762
9.9634
9.9701
9.9701
9.9701
9.9701
9.9701
9.9701
9.9701
9.9733
9.9815
9.9815
9.9815
9.9815
9.9815
9.9815
9.9889
9.9889
9.9889
9.9889
9.9889
9.9889
9.9889
9.9889
9.9889
9.9889
9.9889
9.9889
7.8151
7.6975
8.1742
7.8124
7.6654
8.9231
8.8148
9.4437
9.4157
9.4646
9.2835
9.5533
9.5838
9.5548
9.8549
9.7747
9.815
9.8133
9.7914
9.8234
9.8339
9.7882
9.8641
9.8602
9.832
9.848
9.8561
9.8601
9.8887
9.9236
9.926
9.872
9.9218
9.9158
9.9158
9.9067
9.9082
9.9394
9.9481
9.9338
9.9301
9.9301
9.9357
9.9397
9.9575
9.9575
9.9575
9.9596
9.9596
9.9596
9.9596
9.9596
9.9548
9.9548
9.9588
9.9588
9.9588
9.9588
9.9588
9.966
9.966
9.957
9.9729
9.9729
9.9729
9.9729
9.9729
9.9729
9.9729
9.9729
9.9762
9.9762
9.9738
9.9785
9.9785
9.9785
9.9785
9.9785
9.9785
9.9806
9.9806
9.9815
9.9815
9.9815
9.9815
9.9815
9.9815
9.9889
9.9889
9.9889
9.9889
9.9889
9.9889
9.9889
9.9889
9.9889
9.9889
9.9889
9.9889
7.4864
8.5812
8.2571
8.4034
8.6123
8.6129
8.4765
9.4931
9.473
9.482
9.6754
9.8125
9.7854
9.6611
9.6359
9.7359
9.8956
9.8881
9.9146
9.8662
9.8662
9.8389
9.8658
9.8797
9.9027
9.9027
9.9221
9.9221
9.9221
9.9123
9.9123
9.9279
9.9068
9.9113
9.9149
9.9213
9.9213
9.9475
9.9223
9.9325
9.9336
9.9336
9.949
9.9511
9.947
9.9505
9.9518
9.9499
9.9447
9.9468
9.9548
9.9574
9.9562
9.9562
9.9588
9.9588
9.9588
9.9588
9.9588
9.966
9.966
9.9577
9.9762
9.9762
9.9762
9.9762
9.9762
9.9762
9.9762
9.9762
9.9762
9.9762
9.9738
9.9785
9.9785
9.9785
9.9785
9.9785
9.9785
9.9806
9.9806
9.9815
9.9815
9.9815
9.9815
9.9815
9.9815
9.9889
9.9889
9.9889
9.9889
9.9889
9.9889
9.9889
9.9889
9.9889
9.9889
9.9889
9.9889
8.3905
8.0483
7.7646
8.7192
8.456
8.4146
9.2398
9.5814
9.4557
9.7117
9.4267
9.7187
9.556
9.6382
9.7811
9.849
9.8376
9.761
9.8651
9.8781
9.8083
9.8689
9.8911
9.8635
9.8579
9.8647
9.8804
9.9003
9.8903
9.9426
9.9081
9.9342
9.9409
9.9249
9.9312
9.9312
9.9312
9.9535
9.9535
9.9507
9.9399
9.9456
9.9584
9.9434
9.9515
9.9518
9.9385
9.9385
9.9385
9.9385
9.9385
9.9385
9.9562
9.9562
9.9588
9.9588
9.9588
9.9588
9.9588
9.966
9.966
9.9584
9.9762
9.9762
9.9762
9.9762
9.9762
9.9762
9.9762
9.9762
9.9762
9.9762
9.9844
9.9844
9.9844
9.9844
9.9844
9.9856
9.9856
9.9856
9.9856
9.9815
9.9815
9.9815
9.9815
9.9815
9.9815
9.9889
9.9889
9.9889
9.9889
9.9889
9.9889
9.9889
9.9889
9.9889
9.9889
9.9889
9.9889
7.6069
8.1641
7.7619
7.8219
8.6597
9.3642
9.1048
9.2866
9.5624
9.5801
9.595
9.8999
9.8961
9.6957
9.6827
9.8962
9.9055
9.9055
9.8465
9.8006
9.8726
9.8459
9.9174
9.8971
9.9347
9.9155
9.9235
9.9326
9.9524
9.9524
9.9524
9.9575
9.9575
9.9575
9.9238
9.9237
9.9427
9.9465
9.9519
9.9519
9.9454
9.9454
9.9454
9.9454
9.9454
9.9454
9.9645
9.9645
9.9645
9.9645
9.9645
9.9642
9.9642
9.9604
9.9619
9.9619
9.9619
9.9619
9.9619
9.9644
9.9644
9.9644
9.9644
9.9644
9.9646
9.9646
9.9667
9.9667
9.9667
9.9667
9.9647
9.9647
9.9722
9.9722
9.9722
9.9722
9.9722
9.9722
9.9722
9.9828
9.9828
9.9828
9.9828
9.9828
9.9713
9.9713
9.9713
9.9797
9.9797
9.9797
9.9797
9.9797
9.9797
9.9797
9.9788
9.9788
9.9788
9.9788
9.9788
8.1553
8.2143
9.2823
9.4133
8.6245
8.6597
9.5271
9.6708
9.1787
9.6525
9.6949
9.7934
9.869
9.6001
9.7486
9.8902
9.9031
9.897
9.8545
9.8644
9.888
9.9177
9.9177
9.8971
9.9347
9.9477
9.9244
9.9326
9.9524
9.9524
9.9524
9.9575
9.9575
9.9575
9.9238
9.9145
9.9427
9.9465
9.9519
9.9519
9.9577
9.9577
9.9577
9.9577
9.9577
9.9577
9.9645
9.9645
9.9645
9.9645
9.9645
9.9642
9.9642
9.9604
9.9619
9.9619
9.9619
9.9619
9.9619
9.9644
9.9644
9.9644
9.9644
9.9644
9.9646
9.9646
9.9667
9.9667
9.9667
9.9667
9.9647
9.9647
9.9722
9.9722
9.9722
9.9722
9.9722
9.9722
9.9722
9.9828
9.9828
9.9828
9.9828
9.9828
9.9713
9.9713
9.9713
9.9797
9.9797
9.9797
9.9797
9.9797
9.9797
9.9797
9.9788
9.9788
9.9788
9.9788
9.9788
8.6755
9.1171
9.3822
9.2906
9.5008
9.571
9.6743
9.5798
9.6947
9.51
9.6705
9.8389
9.8255
9.8068
9.7305
9.931
9.9076
9.935
9.8102
9.8418
9.8899
9.9177
9.9177
9.9088
9.9388
9.9575
9.919
9.9373
9.9571
9.9571
9.9571
9.9575
9.9575
9.9575
9.9488
9.9392
9.9427
9.9347
9.9347
9.9347
9.9628
9.9628
9.9628
9.9628
9.9587
9.9587
9.9645
9.9645
9.9645
9.9645
9.9645
9.9642
9.9642
9.9604
9.9619
9.9619
9.9619
9.9619
9.9619
9.9644
9.9644
9.9644
9.9644
9.9644
9.9646
9.9646
9.9667
9.9667
9.9667
9.9667
9.9672
9.9672
9.9722
9.9722
9.9722
9.9722
9.9722
9.9722
9.9722
9.9828
9.9828
9.9828
9.9828
9.9828
9.9713
9.9713
9.9713
9.9797
9.9797
9.9797
9.9797
9.9797
9.9797
9.9797
9.9788
9.9788
9.9788
9.9788
9.9788
8.0055
9.0446
9.04
9.0601
9.4143
9.5051
9.6612
9.7522
9.6603
9.6863
9.7535
9.8278
9.7762
9.7746
9.8652
9.931
9.935
9.8386
9.7709
9.8317
9.8899
9.9177
9.9177
9.9308
9.9059
9.9268
9.9494
9.9494
9.9389
9.9389
9.9389
9.9367
9.9396
9.9396
9.9488
9.907
9.9427
9.9533
9.9533
9.9533
9.9628
9.9628
9.9628
9.9628
9.9587
9.9587
9.9645
9.9645
9.9645
9.9645
9.9645
9.9642
9.9642
9.9604
9.9631
9.9631
9.9631
9.9631
9.9631
9.9644
9.9644
9.9644
9.9644
9.9644
9.9669
9.9697
9.9697
9.9697
9.9697
9.9697
9.9672
9.9672
9.9722
9.9722
9.9722
9.9722
9.9722
9.9722
9.9722
9.9828
9.9828
9.9828
9.9828
9.9828
9.9713
9.9713
9.9713
9.9797
9.9797
9.9797
9.9797
9.9797
9.9797
9.9797
9.9788
9.9788
9.9788
9.9788
9.9788
9.3038
9.5785
9.1606
9.5804
9.5372
9.5793
9.4902
9.6718
9.7256
9.7047
9.8532
9.8279
9.7599
9.8511
9.9393
9.9117
9.8903
9.9364
9.9232
9.9099
9.8907
9.9214
9.9214
9.9216
9.9191
9.9316
9.9494
9.9494
9.9316
9.9268
9.9268
9.938
9.9331
9.9331
9.9432
9.9581
9.9581
9.9533
9.9533
9.9533
9.9628
9.9628
9.9628
9.9628
9.9587
9.9587
9.9482
9.941
9.9433
9.9433
9.9576
9.9576
9.9638
9.9638
9.9638
9.9638
9.9638
9.9651
9.9661
9.9566
9.9587
9.9646
9.9668
9.9668
9.9668
9.9828
9.9828
9.9828
9.9828
9.9828
9.9828
9.9828
9.9729
9.9729
9.9729
9.9729
9.9729
9.9729
9.9729
9.9828
9.9828
9.9828
9.9828
9.9828
9.9713
9.9713
9.9713
9.9797
9.9797
9.9797
9.9797
9.9797
9.9797
9.9797
9.9788
9.9788
9.9788
9.9788
9.9788
9.5316
9.4934
9.5946
9.0422
9.5911
9.822
9.7437
9.7652
9.7269
9.8559
9.8935
9.7988
9.8459
9.9384
9.9384
9.8703
9.8248
9.8531
9.9267
9.8817
9.9033
9.8724
9.8968
9.8983
9.8965
9.9485
9.9494
9.9494
9.9105
9.8953
9.9223
9.938
9.9369
9.9369
9.9432
9.9347
9.9507
9.9615
9.9615
9.9615
9.9607
9.9607
9.9607
9.9655
9.9655
9.9655
9.9466
9.9419
9.9433
9.9433
9.9576
9.9576
9.9638
9.9638
9.9638
9.9638
9.9638
9.9651
9.9661
9.9643
9.9659
9.9668
9.9668
9.9668
9.9668
9.9828
9.9828
9.9828
9.9828
9.9828
9.9828
9.9828
9.9729
9.9729
9.9729
9.9729
9.9729
9.9729
9.9729
9.9828
9.9828
9.9828
9.9828
9.9828
9.9713
9.9713
9.9713
9.9797
9.9797
9.9797
9.9797
9.9797
9.9797
9.9797
9.9788
9.9788
9.9788
9.9788
9.9788
9.8205
9.8921
9.8599
9.9127
9.9122
9.8389
9.6626
9.6475
9.8518
9.9242
9.9285
9.9622
9.9496
9.9711
9.9711
9.8088
9.8991
9.891
9.8861
9.9225
9.9049
9.9381
9.9365
9.9365
9.9445
9.9006
9.905
9.905
9.905
9.8963
9.8843
9.8843
9.9175
9.9175
9.9263
9.9594
9.9594
9.9585
9.9585
9.9528
9.9501
9.9604
9.9604
9.9615
9.964
9.9643
9.9585
9.9419
9.9433
9.9433
9.9659
9.968
9.968
9.9603
9.9603
9.9603
9.9603
9.9603
9.9603
9.9671
9.9671
9.968
9.9689
9.9689
9.9689
9.9828
9.9828
9.9828
9.9828
9.9828
9.9828
9.9828
9.9848
9.9848
9.9848
9.9848
9.9848
9.9848
9.9848
9.9848
9.9848
9.9774
9.9774
9.9848
9.9781
9.9781
9.9781
9.9797
9.9797
9.9797
9.9797
9.9797
9.9797
9.9797
9.9788
9.9788
9.9788
9.9788
9.9788
9.7163
9.8199
9.8826
9.6258
9.8685
9.876
9.9305
9.8853
9.911
9.8497
9.8297
9.8859
9.8449
9.9244
9.9054
9.8781
9.9363
9.9232
9.938
9.9415
9.93
9.9384
9.9476
9.9445
9.9445
9.9418
9.9481
9.9481
9.9481
9.9481
9.9481
9.9481
9.9481
9.9481
9.9263
9.9594
9.9594
9.9528
9.9443
9.9528
9.9523
9.9604
9.9604
9.9615
9.964
9.9643
9.9727
9.9727
9.9709
9.9809
9.9809
9.9809
9.9795
9.9795
9.9795
9.9781
9.9781
9.9781
9.9713
9.9713
9.9785
9.9794
9.9794
9.9794
9.9794
9.9774
9.9774
9.9774
9.9774
9.9774
9.9774
9.9774
9.9848
9.9848
9.9848
9.9848
9.9848
9.9848
9.9848
9.9848
9.9848
9.9774
9.9774
9.9848
9.9781
9.9781
9.9781
9.9797
9.9797
9.9797
9.9797
9.9797
9.9797
9.9797
9.9788
9.9788
9.9788
9.9788
9.9788
9.471
9.7274
9.6219
9.6559
9.716
9.8417
9.8979
9.9532
9.9532
9.9249
9.8946
9.8925
9.9288
9.9288
9.9186
9.9164
9.8962
9.8962
9.9258
9.9279
9.9279
9.9391
9.9112
9.9128
9.9128
9.9535
9.9535
9.9535
9.9535
9.9535
9.9535
9.9636
9.9484
9.9484
9.9484
9.9484
9.9674
9.9674
9.9654
9.9654
9.9666
9.9666
9.9666
9.9666
9.9666
9.9701
9.9594
9.9692
9.9635
9.9635
9.9635
9.9635
9.9635
9.9718
9.9724
9.9724
9.9724
9.9724
9.9724
9.9719
9.9719
9.9719
9.9719
9.9782
9.9782
9.9782
9.978
9.978
9.9755
9.9755
9.9755
9.9755
9.9755
9.9755
9.9755
9.9846
9.9846
9.9846
9.9846
9.9846
9.9846
9.9846
9.9846
9.9846
9.9846
9.9846
9.9846
9.9846
9.9846
9.9846
9.9846
9.9846
9.9846
9.9819
9.9819
9.9819
9.9819
9.985
9.985
9.7596
9.5539
9.7835
9.7793
9.7128
9.8046
9.8547
9.9195
9.9195
9.9322
9.9322
9.9465
9.9288
9.9288
9.9156
9.8652
9.9069
9.9069
9.9347
9.9347
9.9347
9.919
9.919
9.9128
9.9128
9.9659
9.9659
9.9659
9.9659
9.963
9.963
9.9591
9.9484
9.9484
9.9484
9.9484
9.9674
9.9674
9.9659
9.9659
9.9666
9.9666
9.9666
9.9666
9.9666
9.9701
9.9646
9.9692
9.9635
9.9635
9.9635
9.9635
9.9635
9.9718
9.9724
9.9724
9.9724
9.9724
9.9724
9.9719
9.9719
9.9719
9.9719
9.9782
9.9782
9.9782
9.978
9.978
9.9755
9.9755
9.9755
9.9755
9.9755
9.9755
9.9755
9.9846
9.9846
9.9846
9.9846
9.9846
9.9846
9.9846
9.9846
9.9846
9.9846
9.9846
9.9846
9.9846
9.9846
9.9846
9.9846
9.9846
9.9846
9.9819
9.9819
9.9819
9.9819
9.985
9.985
9.694
9.729
9.9132
9.9132
9.9067
9.7931
9.8822
9.9288
9.9403
9.9421
9.9346
9.9478
9.9288
9.9288
9.9199
9.8976
9.9069
9.9069
9.9347
9.9347
9.9347
9.9522
9.9522
9.9522
9.9567
9.9567
9.9569
9.9569
9.9677
9.9677
9.9677
9.9623
9.9623
9.9661
9.9661
9.9661
9.9661
9.9661
9.974
9.974
9.974
9.974
9.974
9.9754
9.9754
9.9633
9.9633
9.9692
9.9635
9.9635
9.9635
9.9635
9.9635
9.9718
9.9724
9.9724
9.9724
9.9724
9.9724
9.9703
9.9703
9.9703
9.9703
9.9703
9.9806
9.9777
9.9777
9.9777
9.9777
9.9772
9.9772
9.9772
9.9772
9.9772
9.9772
9.9846
9.9846
9.9846
9.9846
9.9846
9.9846
9.9846
9.9846
9.9846
9.9846
9.9846
9.9846
9.9846
9.9846
9.9846
9.9846
9.9846
9.9846
9.9819
9.9819
9.9819
9.9819
9.985
9.985
9.847
9.8392
9.8843
9.8864
9.906
9.804
9.9092
9.9403
9.9403
9.9346
9.9462
9.9478
9.9288
9.9288
9.8732
9.9424
9.9424
9.9424
9.9368
9.9215
9.9215
9.9522
9.9522
9.9522
9.9567
9.9567
9.9569
9.9569
9.9677
9.9677
9.9677
9.9623
9.9623
9.9661
9.9661
9.9661
9.9661
9.9661
9.974
9.974
9.974
9.974
9.974
9.9754
9.9754
9.9633
9.9633
9.9692
9.9635
9.9635
9.9635
9.9635
9.9635
9.9718
9.9724
9.9724
9.9724
9.9724
9.9724
9.9703
9.9703
9.9703
9.9703
9.9703
9.9806
9.9777
9.9777
9.9777
9.9777
9.9772
9.9772
9.9772
9.9772
9.9772
9.9772
9.9846
9.9846
9.9846
9.9846
9.9846
9.9846
9.9846
9.9846
9.9846
9.9846
9.9846
9.9846
9.9846
9.9846
9.9846
9.9846
9.9846
9.9846
9.9819
9.9819
9.9819
9.9819
9.985
9.985
9.5392
9.7278
9.7296
9.7964
9.783
9.815
9.8195
9.9403
9.9403
9.9478
9.9478
9.9478
9.9091
9.9091
9.9091
9.9424
9.9424
9.9424
9.919
9.919
9.9034
9.9694
9.9694
9.9679
9.9683
9.9683
9.9683
9.9683
9.9683
9.9683
9.9683
9.9582
9.9582
9.9582
9.9582
9.9582
9.9582
9.9519
9.9695
9.9695
9.9711
9.9711
9.9785
9.9785
9.9785
9.9636
9.9636
9.9672
9.9672
9.9672
9.9672
9.9672
9.9672
9.9672
9.9672
9.9672
9.9672
9.9672
9.9672
9.9765
9.9765
9.9765
9.9765
9.9765
9.9774
9.9774
9.9774
9.9774
9.9774
9.9774
9.9774
9.9774
9.9774
9.9774
9.9774
9.9846
9.9846
9.9846
9.9846
9.9846
9.9846
9.9846
9.9846
9.9846
9.9846
9.9846
9.9846
9.9846
9.9846
9.9846
9.9846
9.9846
9.9846
9.9819
9.9819
9.9819
9.9819
9.985
9.985
9.6531
9.7799
9.6857
9.6718
9.813
9.9104
9.9361
9.8881
9.9511
9.9511
9.9511
9.9511
9.9493
9.9493
9.9493
9.9493
9.9493
9.9382
9.9152
9.8796
9.8806
9.9725
9.9625
9.9617
9.9561
9.9561
9.9561
9.9727
9.9727
9.9727
9.9727
9.9662
9.9662
9.9662
9.9662
9.9609
9.9609
9.9747
9.974
9.974
9.974
9.974
9.9636
9.9636
9.9636
9.975
9.975
9.9681
9.9681
9.9681
9.9697
9.9697
9.9585
9.9585
9.9585
9.9585
9.9585
9.9661
9.9662
9.9706
9.9706
9.9706
9.9706
9.9706
9.9706
9.9711
9.9711
9.9711
9.9711
9.9711
9.9711
9.9711
9.9711
9.9692
9.9692
9.9846
9.9846
9.9846
9.9846
9.9846
9.9846
9.9846
9.9846
9.9846
9.9846
9.9846
9.9846
9.9846
9.9846
9.9846
9.9846
9.9846
9.9846
9.9819
9.9819
9.9819
9.9819
9.985
9.985
9.7831
9.8066
9.8418
9.7304
9.7246
9.9104
9.9337
9.8735
9.9511
9.9511
9.9511
9.9511
9.9316
9.9316
9.9305
9.93
9.9335
9.9335
9.8877
9.8877
9.8789
9.9725
9.9625
9.9617
9.952
9.952
9.952
9.9727
9.9727
9.9727
9.9727
9.9662
9.9662
9.9662
9.9662
9.9609
9.9609
9.9747
9.974
9.974
9.974
9.974
9.9636
9.9636
9.9636
9.975
9.975
9.9795
9.9795
9.9795
9.9795
9.9795
9.9795
9.985
9.985
9.985
9.985
9.985
9.985
9.985
9.985
9.985
9.985
9.985
9.985
9.9823
9.9823
9.9823
9.9823
9.9823
9.9823
9.9823
9.9823
9.9823
9.9823
9.9846
9.9846
9.9846
9.9846
9.9846
9.9846
9.9846
9.9846
9.9846
9.9846
9.9846
9.9846
9.9846
9.9846
9.9846
9.9846
9.9846
9.9846
9.9819
9.9819
9.9819
9.9819
9.985
9.985
9.8343
9.8467
9.8973
9.859
9.8393
9.8775
9.9393
9.9348
9.9511
9.9511
9.9511
9.9511
9.9302
9.9386
9.9511
9.9511
9.9511
9.9511
9.9073
9.9043
9.8745
9.9725
9.9625
9.9617
9.952
9.952
9.952
9.9727
9.9727
9.9727
9.9727
9.9561
9.9588
9.9588
9.9588
9.9697
9.9697
9.9747
9.9759
9.9759
9.9759
9.9759
9.9636
9.9636
9.9636
9.975
9.975
9.9795
9.9795
9.9795
9.9795
9.9795
9.9795
9.985
9.985
9.985
9.985
9.985
9.985
9.985
9.985
9.985
9.985
9.985
9.985
9.9823
9.9823
9.9823
9.9823
9.9823
9.9823
9.9823
9.9823
9.9823
9.9823
9.9846
9.9846
9.9846
9.9846
9.9846
9.9846
9.9846
9.9846
9.9846
9.9846
9.9846
9.9846
9.9846
9.9846
9.9846
9.9846
9.9846
9.9846
9.9819
9.9819
9.9819
9.9819
9.985
9.985
9.7729
9.7615
9.8973
9.8461
9.8503
9.8817
9.9224
9.9348
9.9511
9.9511
9.9511
9.9511
9.9467
9.9467
9.9511
9.9511
9.9511
9.9511
9.9043
9.8916
9.8969
9.9725
9.9625
9.9617
9.952
9.952
9.952
9.9727
9.9727
9.9727
9.9727
9.9561
9.9588
9.9588
9.9588
9.9697
9.9697
9.9747
9.9759
9.9759
9.9759
9.9759
9.9636
9.9636
9.9636
9.975
9.975
9.9795
9.9795
9.9795
9.9795
9.9795
9.9795
9.985
9.985
9.985
9.985
9.985
9.985
9.985
9.985
9.985
9.985
9.985
9.985
9.9823
9.9823
9.9823
9.9823
9.9823
9.9823
9.9823
9.9823
9.9823
9.9823
9.9846
9.9846
9.9846
9.9846
9.9846
9.9846
9.9846
9.9846
9.9846
9.9846
9.9846
9.9846
9.9846
9.9846
9.9846
9.9846
9.9846
9.9846
9.9819
9.9819
9.9819
9.9819
9.985
9.985
9.8716
9.7734
9.8196
9.8525
9.8778
9.8973
9.9238
9.9459
9.9511
9.9511
9.9511
9.9511
9.9467
9.9467
9.9511
9.9511
9.9511
9.9511
9.9114
9.9127
9.9092
9.9512
9.9518
9.9523
9.9626
9.9643
9.9643
9.9643
9.9643
9.9561
9.9561
9.9717
9.9738
9.9738
9.9738
9.9738
9.9747
9.9759
9.9636
9.9636
9.9636
9.9636
9.9773
9.9773
9.9773
9.9769
9.9769
9.9795
9.9795
9.9795
9.9795
9.9795
9.9795
9.985
9.985
9.985
9.985
9.985
9.985
9.985
9.985
9.985
9.985
9.985
9.985
9.9823
9.9823
9.9823
9.9823
9.9823
9.9823
9.9823
9.9823
9.9823
9.9823
9.9846
9.9846
9.9846
9.9846
9.9846
9.9846
9.9846
9.9846
9.9846
9.9846
9.9846
9.9846
9.9846
9.9846
9.9846
9.9846
9.9846
9.9846
9.9819
9.9819
9.9819
9.9819
9.985
9.985
9.8325
9.8864
9.7521
9.8024
9.8318
9.8818
9.947
9.947
9.947
9.9384
9.9467
9.9467
9.9126
9.923
9.923
9.919
9.919
9.9218
9.9268
9.932
9.932
9.9679
9.9679
9.9679
9.962
9.962
9.962
9.962
9.962
9.962
9.9738
9.9641
9.9641
9.9641
9.9641
9.9685
9.9685
9.9636
9.9772
9.9772
9.9773
9.9773
9.9773
9.9773
9.9773
9.9769
9.9769
9.9795
9.9795
9.9795
9.9795
9.9795
9.9795
9.985
9.985
9.985
9.985
9.985
9.985
9.985
9.985
9.985
9.985
9.985
9.985
9.9823
9.9823
9.9823
9.9823
9.9823
9.9823
9.9823
9.9823
9.9823
9.9823
9.9846
9.9846
9.9846
9.9846
9.9846
9.9846
9.9846
9.9846
9.9846
9.9846
9.9846
9.9846
9.9846
9.9846
9.9846
9.9846
9.9846
9.9846
9.9819
9.9819
9.9819
9.9819
9.985
9.985
9.8597
9.8695
9.8324
9.8443
9.8629
9.9245
9.8964
9.8964
9.9072
9.9295
9.9295
9.886
9.9437
9.9295
9.9146
9.9141
9.9141
9.9141
9.932
9.932
9.932
9.9679
9.9679
9.9679
9.962
9.962
9.962
9.962
9.962
9.962
9.9738
9.9641
9.9641
9.9641
9.9641
9.9685
9.9685
9.9636
9.9772
9.9772
9.9773
9.9773
9.9773
9.9773
9.9773
9.9769
9.9769
9.9795
9.9795
9.9795
9.9795
9.9795
9.9795
9.985
9.985
9.985
9.985
9.985
9.985
9.985
9.985
9.985
9.985
9.985
9.985
9.9823
9.9823
9.9823
9.9823
9.9823
9.9823
9.9823
9.9823
9.9823
9.9823
9.9846
9.9846
9.9846
9.9846
9.9846
9.9846
9.9846
9.9846
9.9846
9.9846
9.9846
9.9846
9.9846
9.9846
9.9846
9.9846
9.9846
9.9846
9.9819
9.9819
9.9819
9.9819
9.985
9.985
9.8557
9.8695
9.849
9.849
9.8237
9.924
9.905
9.905
9.9319
9.9319
9.9319
9.9164
9.9236
9.9295
9.9378
9.9471
9.9471
9.9471
9.9274
9.9274
9.9274
9.9679
9.9679
9.9679
9.9592
9.9592
9.9592
9.9592
9.9706
9.9719
9.9719
9.9641
9.9641
9.9641
9.9641
9.9685
9.9685
9.9636
9.9772
9.9772
9.9773
9.9773
9.9773
9.9773
9.9773
9.9769
9.9769
9.9808
9.9808
9.9808
9.9808
9.9808
9.9808
9.985
9.985
9.985
9.985
9.985
9.985
9.985
9.985
9.985
9.985
9.985
9.985
9.9823
9.9823
9.9823
9.9823
9.9823
9.9823
9.9823
9.9823
9.9823
9.9823
9.9846
9.9846
9.9846
9.9846
9.9846
9.9846
9.9846
9.9846
9.9846
9.9846
9.9846
9.9846
9.9846
9.9846
9.9846
9.9846
9.9846
9.9846
9.9819
9.9819
9.9819
9.9819
9.985
9.985
9.8027
9.8118
9.8755
9.8755
9.8801
9.924
9.9404
9.9595
9.9595
9.969
9.969
9.969
9.969
9.969
9.969
9.969
9.969
9.969
9.9274
9.9274
9.9274
9.9679
9.9679
9.9679
9.9552
9.9575
9.9575
9.9575
9.9644
9.9719
9.9719
9.9641
9.9641
9.9641
9.9641
9.9685
9.9685
9.9636
9.9772
9.9772
9.9773
9.9773
9.9773
9.9773
9.9773
9.9769
9.9769
9.9808
9.9808
9.9808
9.9808
9.9808
9.9808
9.985
9.985
9.985
9.985
9.985
9.985
9.985
9.985
9.985
9.985
9.985
9.985
9.9823
9.9823
9.9823
9.9823
9.9823
9.9823
9.9823
9.9823
9.9823
9.9823
9.9846
9.9846
9.9846
9.9846
9.9846
9.9846
9.9846
9.9846
9.9846
9.9846
9.9846
9.9846
9.9846
9.9846
9.9846
9.9846
9.9846
9.9846
9.9819
9.9819
9.9819
9.9819
9.985
9.985
9.8328
9.8328
9.8861
9.8861
9.8861
9.9178
9.9412
9.9595
9.9595
9.969
9.969
9.969
9.969
9.969
9.969
9.969
9.969
9.969
9.9274
9.9274
9.9274
9.964
9.9702
9.9537
9.9679
9.9679
9.9678
9.9678
9.9678
9.9678
9.9678
9.9718
9.9732
9.9664
9.9664
9.9664
9.9664
9.9772
9.9772
9.9772
9.9773
9.9773
9.9773
9.9773
9.9773
9.9769
9.9769
9.9815
9.9815
9.9815
9.9815
9.9815
9.9815
9.985
9.985
9.985
9.985
9.985
9.985
9.985
9.985
9.985
9.985
9.985
9.985
9.9823
9.9823
9.9823
9.9823
9.9823
9.9823
9.9823
9.9823
9.9823
9.9823
9.9846
9.9846
9.9846
9.9846
9.9846
9.9846
9.9846
9.9846
9.9846
9.9846
9.9846
9.9846
9.9846
9.9846
9.9846
9.9846
9.9846
9.9846
9.9819
9.9819
9.9819
9.9819
9.985
9.985
9.8441
9.8296
9.8839
9.8839
9.8719
9.9132
9.9348
9.9595
9.9595
9.969
9.969
9.969
9.969
9.969
9.969
9.969
9.969
9.969
9.9319
9.9319
9.9319
9.964
9.9702
9.9537
9.9679
9.9679
9.9678
9.9678
9.9678
9.9678
9.9678
9.9718
9.9732
9.9664
9.9664
9.9664
9.9664
9.9772
9.9772
9.9772
9.9773
9.9773
9.9773
9.9773
9.9773
9.9769
9.9769
9.9815
9.9815
9.9815
9.9815
9.9815
9.9815
9.985
9.985
9.985
9.985
9.985
9.985
9.985
9.985
9.985
9.985
9.985
9.985
9.9823
9.9823
9.9823
9.9823
9.9823
9.9823
9.9823
9.9823
9.9823
9.9823
9.9846
9.9846
9.9846
9.9846
9.9846
9.9846
9.9846
9.9846
9.9846
9.9846
9.9846
9.9846
9.9846
9.9846
9.9846
9.9846
9.9846
9.9846
9.9819
9.9819
9.9819
9.9819
9.985
9.985
