9801

9.72105
10.0758
10.9405
12.0425
11.0188
11.268
10.4586
12.2649
10.8739
12.13
12.4228
12.1817
12.2414
11.7483
12.4426
12.2585
12.9246
13.0301
13.6046
12.8306
12.7657
14.0822
13.5363
13.0829
13.3734
14.0057
13.6763
14.6641
14.2924
15.3849
14.9112
14.9422
15.4827
16.1258
16.5757
15.7278
16.7857
18.5424
18.2161
17.2377
19.5571
16.8988
19.9204
19.5417
19.6308
21.2229
21.3108
20.2906
22.0995
21.3131
22.9023
22.6934
22.5792
25.08
23.9219
22.787
28.3711
29.4475
30.8134
29.4827
33.3823
33.892
31.9583
32.7991
46.1839
45.1953
43.5681
47.5998
49.6789
50.2171
65.8534
71.3097
71.6544
89.6395
125.304
127.616
165.766
185.353
209.579
196.807
537.168
461.334
453.134
441.762
329.469
430.048
614.819
617.328
626.217
707.518
851.035
841.02
788.525
1093.4
930.826
1019.09
895.188
1111.06
1119.96
10.8867
10.6141
11.5276
11.1345
10.484
9.78736
9.92857
10.7763
11.2357
11.5656
12.8836
12.4423
12.8294
12.8347
12.9738
13.2515
13.7225
12.8419
13.1586
13.1276
13.3579
13.9654
13.8665
12.8104
14.1575
13.6479
13.9778
14.5321
15.3635
16.0383
16.0674
17.3297
15.7201
15.8917
16.1511
16.5271
17.3154
18.6779
17.2099
17.1283
17.8668
19.1668
20.012
17.8486
20.6676
20.6732
21.4794
20.3463
21.7244
23.6235
23.1448
26.3465
25.9991
27.7894
28.2634
28.2754
29.1451
30.3105
29.6704
33.0576
32.436
37.4164
33.5558
38.0665
48.1903
41.4836
48.1715
58.5726
75.7793
68.511
62.1105
68.9953
119.095
67.1918
162.541
226.118
168.847
177.157
267.846
381.687
247.235
337.656
525.079
372.776
512.793
828.473
889.349
823.511
637.209
761.916
854.648
770.381
926.257
974.504
1039.21
957.08
1019.55
1205.39
1234.79
10.5289
9.79075
10.1974
11.0566
10.1882
10.0116
10.5451
11.5489
11.1947
12.0769
12.7527
13.4677
12.7696
12.9857
13.0218
13.3634
13.1734
12.6777
12.8556
12.1201
13.2807
12.7932
13.6268
14.1219
14.8384
13.7377
14.4558
15.1701
15.2344
15.3958
14.8093
16.3646
16.2908
16.143
15.8038
15.1712
17.4263
17.6557
19.054
17.4408
19.3095
18.801
20.4838
19.5292
19.4599
20.331
20.1466
20.7438
20.8127
24.8066
23.3767
26.2603
27.687
27.1026
29.753
32.2343
31.3264
32.0374
34.5907
34.113
37.3043
35.0508
35.3856
34.738
38.959
42.7694
47.0577
50.0215
58.2754
55.5184
66.781
72.2473
130.973
196.099
263.488
218.706
282.036
290.961
239.114
291.4
484.569
570.537
469.089
714.356
603.685
663.142
760.073
788.277
732.552
709.709
953.902
950.474
741.493
998.295
1047.84
823.365
1038.05
1065.74
1171.76
12.0246
11.8958
11.3718
11.581
10.9683
10.7254
11.4159
11.2705
11.2961
12.241
11.895
12.801
13.0109
13.0838
12.7244
13.2762
12.8885
12.9787
13.2969
12.9842
13.1481
13.5932
13.8905
14.0004
14.3471
15.2054
14.8375
15.3162
15.5765
15.9147
14.9194
15.4062
16.3769
15.8056
16.6351
16.4503
16.4601
17.596
17.6772
20.1606
18.5574
19.4168
18.0822
20.377
20.8332
22.0206
22.9062
22.2088
25.3371
22.7957
26.0255
26.2887
25.1903
29.9553
28.7861
29.9445
32.0128
30.7324
35.4271
37.3133
34.6828
33.4071
39.3265
41.4053
53.5176
55.8068
60.7913
58.2245
67.1497
87.7499
119.47
96.7539
115.764
168.843
163.929
230.409
262.957
455.363
291.184
351.955
374.736
638.916
562.099
480.434
803.532
481.795
729.964
896.03
705.648
786.347
802.675
983.091
1123.21
860.518
1081.73
1206.54
1286.55
1133.9
1203.83
11.6167
11.4184
10.9351
12.1708
12.3362
11.747
12.031
12.4117
11.9504
12.3036
12.4465
12.5872
12.5341
12.3339
13.4563
13.3818
13.497
13.3077
13.6809
13.6424
13.7766
13.8184
14.0558
14.0955
14.8895
14.6503
15.3439
14.9859
15.1251
15.4354
15.6582
15.4201
16.8387
16.1708
15.6538
15.5496
16.8034
18.1187
18.4442
19.9047
19.3138
21.2
22.554
22.1427
20.1489
22.085
22.5071
22.1609
22.8082
24.4534
22.9969
24.6728
25.1685
27.4986
34.2804
32.9665
31.7732
31.9085
35.674
37.5633
35.949
41.7577
39.7053
51.4979
50.4014
54.6122
73.1397
87.6009
84.0932
140.56
265.513
106.499
95.814
206.912
266.044
307.893
346.524
217.389
400.962
372.477
411.725
445.171
533.164
716.037
682.656
711.521
786.358
866.417
992.001
859.974
975.95
873.771
1158.26
1056.95
949.882
1177.38
1212.64
1248.92
1243.39
11.7849
11.6754
10.1969
11.3505
10.6643
11.2625
12.0076
12.0888
12.4495
12.1139
11.5936
12.7921
13.0178
12.335
12.9985
13.1692
13.5781
13.3714
12.9509
13.2191
13.9863
13.5549
12.8423
14.1708
14.0083
14.9549
15.0671
14.3717
14.7093
15.1829
15.6686
16.5068
16.6382
18.2955
17.4674
16.6376
17.5397
17.9621
18.6694
18.6679
18.4323
19.7315
20.1978
21.4375
23.4416
22.5921
23.1149
24.9881
22.6749
26.0567
25.8502
24.0382
27.954
35.2481
30.2698
31.1153
34.4073
34.5717
30.6889
36.8124
33.8657
42.6435
38.8623
54.6156
63.6502
53.524
58.0872
107.512
59.4705
131.323
109.987
126.628
192.1
181.982
138.835
335.943
352.344
439.008
437.162
445.851
522.168
623.024
631.203
612.135
621.747
927.472
968.418
905.806
932.023
886.18
904.45
904.413
1148.68
1155.75
1087.08
1212.35
1246.94
1282.35
1127.96
11.628
11.2626
10.9392
10.9198
10.7986
12.6273
12.3735
12.1614
13.1831
12.3588
11.8622
11.9776
12.5312
12.7805
13.1429
13.0009
13.7981
12.8376
13.6547
12.6284
13.3225
12.6152
13.3364
13.8859
13.6608
14.4748
15.092
15.0288
16.01
17.7019
16.423
15.2296
15.9393
16.4118
17.0586
17.9776
19.3739
18.2547
18.3583
19.9513
19.5519
21.2909
19.2679
20.5466
19.3888
23.7904
24.6648
25.4272
26.2748
26.1232
25.8314
28.38
33.3588
33.8276
33.9842
30.7426
39.6926
33.5728
39.7774
41.5907
45.4401
43.9902
91.0321
53.2609
51.217
81.8175
75.1814
72.6927
62.5727
103.365
120.158
262.87
139.657
327.759
307.436
285.56
387.015
385.287
445.957
675.667
542.512
714.386
799.811
762.594
872.097
926.296
797.589
979.122
939.628
1098.68
1131.58
1010.23
1087.58
1156.36
1279.39
1312.95
1239.1
1266.06
1369.56
11.4431
10.7198
11.4666
10.8157
11.7185
11.8569
11.2813
12.1982
12.75
13.0276
13.1322
12.0424
13.3255
13.0551
13.2646
14.0165
13.7202
13.7129
13.1089
13.2148
13.7382
13.8343
14.8356
14.3204
13.5763
13.9715
15.0935
14.8259
14.9356
15.271
15.6189
16.5074
17.6553
16.5927
16.8655
18.1903
18.2265
17.9052
19.1483
19.3591
20.9234
21.6089
19.5116
21.6251
22.7888
23.3809
22.69
24.9571
26.0075
27.2843
31.6687
26.2025
31.5164
31.1041
33.8084
35.5653
40.6051
50.1422
34.3368
45.3385
49.1757
47.3797
58.3136
85.4557
81.6163
70.2985
114.251
70.3936
119.319
147.762
186.354
133.397
457.807
266.635
354.021
367.979
317.44
471.777
622.978
605.916
779.66
771.606
795.61
904.828
960.455
896.306
1042.47
842.367
862.353
1217.73
1276.04
1340.09
1377.52
1361.59
1188.19
1307.31
1289.16
1307.33
1268.38
10.2041
11.2652
11.4725
11.3322
11.3218
11.483
12.5508
11.4974
12.4976
11.397
11.6166
12.5391
12.1453
12.4517
12.7104
13.2893
14.3357
13.9976
13.5867
13.5618
13.7737
13.7468
14.0146
14.2733
13.8616
15.3989
15.0153
15.1237
16.376
16.2738
16.8931
17.2875
17.5291
18.9146
17.8699
19.6678
20.3891
18.5958
20.1189
21.9813
20.4362
22.4428
22.608
21.6628
23.3095
25.7022
25.0409
26.803
27.4545
27.6413
30.788
30.1879
30.9689
31.8468
31.4344
40.374
38.5834
43.7286
40.3235
44.396
45.5677
56.1194
64.7379
78.7664
91.511
72.9905
72.2642
117.12
110.24
188.866
248.802
140.244
347.939
475.837
281.412
370.787
366.611
409.511
553.846
578.916
736.365
649.085
858.309
896.638
915.72
998.233
1057.5
1187.47
1269.08
1251.33
1310.54
1365.48
1402.38
1384.9
1216.64
1349.43
1236.47
1235.76
1424.56
10.8321
11.1842
11.7635
10.8576
11.7403
11.264
11.557
12.6237
13.1802
12.6876
11.977
11.665
12.7556
12.6849
13.6637
14.45
14.3257
13.4562
13.8087
13.1929
15.2857
14.6267
15.3235
14.7957
15.5999
16.3817
15.5359
16.5925
15.7935
16.7273
17.6831
16.7973
17.3478
18.838
18.8923
18.3956
19.0191
19.6632
20.131
21.5448
21.2598
22.421
22.0307
24.3273
23.9692
24.4197
28.9078
28.4889
28.7737
26.8121
32.242
29.5657
31.7255
29.1309
33.6476
37.4159
37.3458
48.5486
44.017
41.9887
45.9122
40.3748
87.5803
76.199
86.2407
81.5516
79.8303
162.914
188.612
361.594
206.123
389.083
336.611
403.682
246.766
399.997
485.439
442.496
448.533
714.496
677.989
901.536
874.552
925.334
805.835
1035.83
954.836
1077.42
1113.67
1287.72
1396.09
1400.24
1489.67
1127.5
1243.68
1385.3
1323.24
1345.67
1457.74
10.6055
11.2635
10.8896
11.092
11.3342
11.9035
11.4457
12.0596
12.8489
12.1426
12.0575
12.5783
13.1599
13.1623
14.026
13.766
14.2874
13.4596
13.1742
13.7306
14.382
13.6575
14.3265
14.8436
14.7161
16.13
16.1221
16.1974
15.6221
16.3659
17.5842
18.6015
18.2642
18.8079
18.4358
18.0756
19.5013
21.0686
20.7909
21.9602
21.3216
22.2462
23.1853
23.3104
23.9827
26.9782
27.4441
25.8207
28.9742
29.8003
31.8257
34.1763
34.5538
33.0141
38.6872
38.3613
39.0253
50.2986
43.6972
39.9475
46.9377
61.1405
64.8261
84.3854
92.267
90.0329
111.051
126.456
375.454
327.619
244.992
367.355
293.132
414.057
447.525
379.785
408.804
746.129
729.33
669.062
781.374
1045.05
933.981
771.934
919.328
1017.44
1132.39
1116.84
1148.02
1253.32
1239.81
1274.34
1357.49
1284.74
1289.96
1404.94
1500.86
1528.04
1604.59
11.3433
11.206
11.988
11.8963
12.4523
11.9276
11.8789
11.765
12.0511
12.3815
12.2416
12.5783
13.1435
13.107
13.9879
14.2605
13.6181
14.1049
14.7571
13.9545
15.0176
14.9523
14.5111
15.4228
16.3304
15.5017
15.9361
17.1211
16.7906
17.2049
17.141
17.1313
18.0513
17.7271
19.4068
18.8482
20.1667
21.2588
22.7677
23.9307
23.0373
22.7961
22.9979
26.8904
27.2073
23.7796
28.7946
28.594
27.4321
30.9068
35.9755
36.7564
32.9752
32.8799
44.3038
43.4182
44.261
49.4515
46.8216
51.3687
61.5717
62.7842
67.4828
63.9651
119.742
110.158
135.935
211.276
161.245
128.597
331.611
400.573
389.725
575.264
546.334
434.531
459.015
777.168
581.86
581.747
881.601
1013.04
939.203
787.755
1118.92
1065.79
1048.33
1165.43
1201
1206.02
1332.35
1456
1355.26
1388.88
1306.59
1426.95
1461.2
1496.59
1404.2
12.1135
11.9414
11.7399
11.9514
11.7303
12.1396
11.5662
12.0005
12.8153
12.3982
12.8696
12.565
13.482
13.3064
14.3863
14.0182
15.2751
14.493
14.9034
13.6199
14.7642
14.9246
14.4498
15.6936
15.8909
16.6911
16.1505
16.8644
17.9489
19.6015
17.7775
17.3039
18.9216
19.8773
19.3629
19.2048
21.7333
22.6284
21.4555
22.8496
23.2307
25.3337
23.7819
25.3671
24.7035
26.8714
28.8394
28.4636
29.8972
28.9489
30.0459
36.2293
37.5006
43.8901
49.2944
42.7671
46.2829
53.8773
53.9848
65.7408
78.9314
68.4829
68.4015
72.0276
265.07
139.294
297.067
247.015
281.832
508.234
462.056
567.527
477.624
482.965
499.653
483.156
860.299
775.426
729.432
851.427
999.696
939.423
909.624
1090.97
1118.85
1128.46
1111.61
1187.91
1195.76
1174.83
1386.21
1423.18
1360.03
1397.55
1530.6
1513.15
1554.05
1577.11
1608.4
12.158
12.1298
11.7699
12.3071
11.9915
12.4496
13.1512
13.0637
11.9228
13.1817
13.2513
13.2592
14.0195
14.3967
13.6394
13.7558
14.9075
14.1565
14.169
14.5202
14.9633
15.0065
15.0505
16.1925
16.132
16.0744
16.801
17.0549
19.5882
18.2188
18.422
18.261
20.382
19.9865
20.7963
22.3971
21.2422
22.58
23.0895
24.7823
26.3134
23.5785
25.5418
28.1712
28.5014
26.0382
28.2929
29.2076
33.9826
33.9503
35.2904
38.1716
37.7207
50.9656
40.4053
46.442
51.1876
63.0034
43.0688
99.5252
65.4218
95.9353
114.908
117.28
104.035
120.39
256.847
187.214
304.493
417.304
403.28
465.336
459.806
416.025
644.517
720.489
715.064
773.991
923.18
841.475
852.033
1066.7
1002
1036.44
1126.57
1013.1
1057.21
1219.32
1126.03
1288.9
1303.55
1381.92
1418.86
1370.17
1561.9
1547.41
1587.41
1610
1640.8
11.8407
11.794
12.2696
11.9387
13.1053
12.9472
12.7254
13.3652
12.7628
14.282
13.0055
13.6204
13.7472
13.478
13.662
14.151
15.7012
14.5392
14.2486
15.8115
13.9686
15.6198
16.2252
15.5198
17.9966
17.8949
17.6675
17.8309
17.783
18.914
19.4562
21.0663
20.0317
20.463
21.2438
22.4462
21.8848
22.2512
22.2694
24.6695
25.996
24.5063
26.4946
25.0966
27.9213
26.0358
32.0789
29.4122
32.6796
33.9562
44.0261
38.788
42.5163
52.3321
39.7622
54.0089
53.2456
56.6936
59.9356
76.9948
111.275
97.8218
119.009
151.693
207.955
232.811
232.813
337.628
335.578
372.745
733.417
611.113
634.676
595.17
794.601
769.398
800.833
720.226
932.397
841.069
1068.35
1111.3
1048.17
1114.71
1162.68
1047.57
1090.74
1270.36
1191.15
1240.42
1348.55
1354.04
1390.76
1427.85
1595.98
1579.51
1618.74
1640.8
1670.71
12.8966
12.4847
12.3075
13.4115
12.8981
12.6619
13.5379
14.1546
13.2095
14.0441
13.9949
13.7889
13.4588
14.1993
14.0426
14.0615
14.6642
14.5536
14.6898
14.5587
15.6832
16.178
17.0741
15.8335
16.3517
18.2848
19.0846
19.6321
17.3225
18.6285
19.391
19.78
20.6707
20.7726
19.3823
19.2454
22.7681
23.5167
22.3444
23.9512
24.3825
24.505
26.6737
30.6255
27.1435
28.6317
32.1703
31.303
31.4323
32.6178
32.8384
37.8955
45.2386
44.3226
46.8859
58.2022
74.6466
60.0283
92.2116
84.7215
160.498
118.339
161.139
89.7052
133.253
346.942
381.865
451.08
470.822
507.777
337.667
524.468
685.188
511.669
544.335
841.314
726.167
867.719
856.261
995.44
997.692
998.91
1001.67
1166.34
1077.46
1091.07
1371.59
1326.8
1384.24
1307.72
1454.69
1391.49
1366.48
1442.81
1477.86
1516.85
1515.33
1532.59
1575.39
12.9
12.8862
12.9154
13.7336
13.8715
12.8449
13.4466
13.991
14.3292
14.1266
13.6195
13.9488
13.7994
13.6919
14.5039
14.9167
14.8085
14.6981
14.6441
14.8819
16.5504
14.8125
16.3491
16.8493
17.4551
18.0954
17.2525
17.2824
20.4428
18.6023
21.3466
20.7741
19.186
19.8528
20.9891
20.8283
22.3836
24.8307
23.4636
24.2409
24.0004
27.4797
28.3502
29.3366
33.6883
30.5303
31.573
39.5428
33.8214
41.5359
42.2156
51.4039
45.5968
57.9082
53.2477
67.1084
62.7637
77.1055
89.8305
106.537
109.302
209.313
167.653
147.78
209.485
496.83
346.204
330.35
428.062
402.664
480.68
480.383
664.331
764.423
850.063
746.176
778.127
861.398
925.708
829.537
1026.58
1033.4
1100.85
1204.81
1176.8
1185.37
1401.69
1278.62
1427.33
1458.71
1481.88
1383.23
1407.83
1475.33
1504.13
1542.57
1544.37
1561.29
1603.54
12.7732
13.0366
13.0209
13.3734
13.861
12.9651
13.1099
13.8468
13.4759
13.34
13.8418
14.3757
14.3093
15.6325
14.933
15.3328
15.4342
15.7579
15.9857
15.5765
16.0801
16.4868
16.189
17.7729
18.1786
17.6785
17.3669
19.285
20.3859
19.4951
20.6412
20.6107
22.1862
21.7006
22.3587
22.7544
21.8197
25.1841
27.9627
24.4267
26.6878
28.0539
28.3934
30.7637
31.3398
33.3283
37.9773
34.5817
36.0293
40.0403
43.3423
63.143
47.8068
46.5584
68.7103
62.5498
102.559
78.2958
96.1815
94.9675
116.495
119.265
317.757
285.019
290.297
455.275
341.373
452.514
448.329
621.549
542.367
659.985
635.505
691.575
800.224
688.146
837.931
988.634
746.196
1148.71
1091.42
1165.72
1103.44
1257.97
1229.91
1231.25
1354.66
1322.36
1448.53
1479.4
1502.29
1373.68
1509.68
1498.69
1522.45
1560.53
1572.67
1589.24
1630.87
12.1417
11.6466
11.8629
12.7264
11.7905
12.1997
13.2494
13.1612
12.7571
14.0842
15.077
14.4664
14.4191
14.397
14.7878
15.3807
15.8777
16.3205
15.5866
17.9606
16.2376
17.8368
16.6127
16.7176
18.021
18.3773
17.1518
18.7946
18.9476
19.3941
19.7701
21.4497
22.0815
22.4534
24.1004
23.044
24.2338
26.408
26.226
27.0531
27.2403
29.6632
30.935
31.7041
34.1402
34.1993
37.192
39.2611
42.1436
40.4202
53.7846
59.2958
55.0925
71.3464
54.1525
83.0046
85.6961
101.353
114.277
152.772
154.919
372.658
277.061
327.32
317.102
258.963
568.807
500.186
621.945
705.842
597.995
660.437
791.098
764.116
733.887
894.373
1007.9
1068.25
905.758
1165.51
1114.58
1077.58
1145.04
1185.07
1210.27
1246.66
1468.78
1314.18
1470.07
1395.32
1378.53
1495.14
1455.61
1504.78
1568.74
1636.14
1543.19
1571.41
1645.44
12.8609
12.0906
12.9384
12.6363
12.5938
12.3503
13.3813
13.8776
14.3135
13.8979
14.6044
14.9581
14.3974
15.3407
15.578
15.6667
16.0509
16.3897
16.1427
16.3526
15.9304
17.0774
16.505
17.7745
17.5019
18.9749
18.552
18.8043
19.3208
20.4547
19.7075
22.8928
23.3678
21.3441
25.8132
25.4712
22.482
26.2251
26.7106
25.2824
28.4932
27.7144
28.1242
30.1504
38.2883
34.804
35.9828
41.0325
43.1607
43.1252
59.7132
43.4372
59.8406
81.7647
85.5095
70.2804
85.6686
104.49
112.776
140.06
342.1
223.882
543.953
343.226
357.485
386.088
430.223
333.702
644.159
604.84
676.47
773.702
848.643
783.279
702.916
915.882
870.545
1110.48
1064.84
1092.94
1249.29
1086.36
1180.11
1226.83
1251.38
1287.16
1513.39
1385.19
1425.15
1394.33
1438.54
1523.67
1542.38
1538.25
1594.13
1590.35
1572.76
1600.51
1674
12.9509
13.084
13.859
13.1076
13.2607
13.4623
13.8315
13.5249
14.4177
14.6957
15.1874
15.2751
15.7348
15.584
15.1359
15.5656
16.2963
16.7593
16.5973
17.7079
17.0194
17.9092
18.9153
18.5154
20.224
20.5022
18.1369
20.1392
19.8988
22.0195
20.9852
23.2849
22.8471
23.928
24.9707
26.179
24.7505
25.1948
31.539
29.2411
31.9782
32.1578
32.3986
31.2247
32.7832
36.2026
34.0023
50.2659
48.6014
48.0889
59.1797
54.591
53.7551
50.7394
105.78
115.916
85.9391
259.08
218.079
234.684
317.698
258.188
562.666
344.708
520.496
409.262
623.332
580.264
580.482
804.113
640.591
786.262
736.178
792.572
939.372
1076.73
1125.66
1079.5
1057.86
1094.06
1214.95
1165.72
1238.14
1283.8
1221.73
1255.11
1573.33
1502.26
1534.54
1560.17
1588.96
1615.72
1641.96
1724.07
1750.63
1707.01
1736.76
1756.18
1780.26
12.8055
12.864
13.2554
13.1091
14.2567
14.2098
13.9345
14.2894
13.8516
14.2251
15.6144
13.9273
15.1794
15.9961
16.5697
15.9451
16.8222
15.9887
15.9007
16.6565
17.2154
18.5715
17.491
18.564
17.6928
19.6216
19.8989
20.3666
23.1548
20.9185
20.6
22.9471
22.9424
26.5107
27.6603
26.1437
28.5674
27.1965
27.4497
29.2617
33.4199
34.5429
32.0848
35.798
33.7048
38.2667
37.8952
45.6106
49.7448
51.6969
53.0847
58.7768
56.8054
92.0917
96.1576
139.865
162.495
175.621
225.821
347.846
356.873
328.871
505.675
616.59
503.942
549.57
525.657
612.71
720.758
909.686
781.475
794.422
875.57
895.823
857.794
1197.19
998.419
1149.09
1139.28
1199.42
1221.47
1040.46
1267
1393.9
1370.57
1308.45
1611.25
1526.97
1558.83
1584.2
1612.61
1639.03
1664.78
1747.29
1773.46
1729.79
1759.1
1778.17
1801.92
13.5123
13.6071
13.7496
14.4735
13.9356
14.5721
14.4811
14.7839
14.5516
14.9459
15.5694
15.2444
15.7773
16.324
18.0279
15.7029
17.5876
18.2159
16.7356
17.0277
18.9318
18.9905
19.3885
19.8943
21.0636
18.6815
20.5487
20.8647
19.8026
21.2707
22.9388
22.9514
23.9513
26.1797
25.0448
26.4223
26.1196
28.9231
33.2435
32.1834
34.7063
33.0872
37.8123
41.2489
38.6179
43.0221
42.1733
41.427
69.2961
48.4363
56.6271
41.7282
105.475
93.1272
135.691
120.708
180.035
290.65
154.764
250.173
327.036
323.184
355.369
461.816
459.173
551.193
605.344
682.564
675.624
726.903
640.001
798.624
855.821
918.192
781.233
990.663
1024.86
1196.51
1280.98
1319.27
1293.79
1338.19
1373.98
1355.9
1397.02
1386.89
1465.05
1531.94
1568.72
1594.36
1630.35
1656.17
1675.39
1591.5
1620.35
1651.5
1680.77
1699.83
1729.26
14.4776
13.061
14.6399
14.293
14.7004
14.1655
14.2371
14.9431
14.8351
15.1603
15.6905
15.5776
16.717
16.0509
17.8832
16.5904
17.2083
17.0278
17.4631
18.0262
16.7595
19.1403
18.8233
18.9279
18.809
20.6579
22.1054
21.9323
21.4759
22.094
25.9578
24.5489
24.9781
26.9919
24.787
28.4179
26.6285
34.6896
33.962
32.1182
31.8961
32.7711
36.8636
46.5685
37.9624
44.8794
47.9696
48.3787
54.5779
63.4107
92.1188
76.458
93.4884
122.243
248.724
130.879
179.403
380.49
514.205
461.099
472.15
327.415
522.767
572.409
599.279
680.555
714.757
729.333
753.884
675.294
908.148
828.127
903.441
943.032
972.302
896.099
956.137
1244.43
1144.72
1308.91
1243.35
1336.33
1374.37
1343.68
1357.91
1397.75
1479.54
1594.35
1499.93
1526.57
1574.08
1506.13
1551.52
1702.76
1661.98
1799.15
1828.61
1849.58
1894.16
14.6453
14.081
15.4711
14.5109
14.7373
14.7754
14.6822
15.053
15.7565
16.0275
15.9211
16.3621
16.0507
15.7725
16.277
16.8943
16.9865
17.5424
17.8395
17.5832
17.7099
20.9243
18.7644
19.8848
20.6966
22.7194
23.1225
21.7788
24.0316
24.9859
23.8751
25.7859
25.4746
25.8886
31.8386
30.1533
29.8822
31.1867
33.6209
32.7511
41.55
40.0558
44.3252
36.4511
57.0035
51.8775
60.9009
51.8422
76.6901
68.6603
109.705
68.4636
94.6006
152.651
177.024
152.055
224.328
312.222
460.176
427.565
459.053
632.567
467.323
511.021
549.008
656.445
855.068
750.413
894.165
797.91
793.719
949.337
912.516
959.581
986.263
1032
1076.16
1280.07
1178.69
1312.81
1397.24
1257.75
1409.87
1365.64
1389.32
1422.15
1539.33
1514.81
1587.28
1611.9
1626.86
1651.8
1679.5
1735.3
1698.73
1828.55
1857.42
1877.96
1920.62
14.5782
14.2709
14.5984
14.3715
15.3812
16.0419
15.0914
15.701
15.7556
15.5814
15.8873
15.4651
16.9448
18.0222
17.1764
16.4466
16.9648
17.0198
17.9305
17.8078
20.4085
20.2012
19.9639
21.1639
21.2493
22.9996
21.365
21.5666
25.0198
25.9699
24.0271
24.8652
25.1815
28.3837
29.9456
28.5267
33.8235
33.9965
38.355
32.2501
38.9311
37.1897
39.9179
40.228
40.1906
48.6563
56.5123
85.3594
73.8883
70.0837
68.3746
118.872
88.018
227.831
275.005
302.395
276.128
449.636
547.363
327.871
485.494
574.406
629.587
488.355
738.645
781.814
926.49
676.438
866.058
863.002
1026.48
913.781
815.224
1001.46
1027.6
1072.47
1115.58
1264.38
1277.92
1425.97
1434.73
1348.9
1374.33
1398.35
1442.17
1474.46
1565.49
1488.21
1515.29
1536.64
1660.68
1685.31
1712.46
1669.34
1697.16
1729.1
1971.99
1985.07
1866.61
13.7963
14.9399
14.5433
15.5104
15.2904
14.1526
15.4749
15.4108
15.6541
16.9345
16.8167
16.868
16.166
16.9527
17.1059
18.1018
17.897
17.5939
19.5342
19.2073
19.6163
20.8853
20.2982
21.4987
22.0559
24.6004
23.0401
21.8955
29.1186
26.1635
25.5587
26.2678
28.0845
29.6857
26.5639
33.19
34.5714
32.8061
33.4613
37.9139
32.299
38.2386
43.7181
64.1733
44.2693
45.8598
59.8728
68.6052
79.3061
65.0503
91.9518
190.847
282.422
239.916
221.592
344.268
245.394
390.682
625.455
393.535
719.434
582.165
664.079
764.072
783.394
744.293
756.449
988.882
954.948
954.594
1068.93
1044.56
1186.78
1107.45
1103.34
1162.93
1113.65
1283.76
1266.06
1276.21
1468.74
1347.23
1356.55
1455.52
1424.6
1462.69
1592.44
1662.74
1695.24
1716.77
1688.16
1712.36
1739.01
1692.83
1720.28
1754.27
1993.14
2005.86
1884.4
14.4202
14.6414
14.6981
14.7598
15.9262
15.4176
15.8017
14.9429
15.4409
16.7607
16.6881
17.1481
18.496
17.2338
17.6297
18.6741
19.0505
18.5506
18.208
20.2389
21.1515
20.959
20.5683
23.4232
21.9135
22.2598
24.8298
24.7553
26.9215
24.2354
26.2051
27.6664
27.7247
32.029
28.9149
35.2525
30.2082
34.4814
40.3829
36.6166
33.929
37.6173
49.9022
62.708
79.4111
67.5666
61.9458
92.3071
149.525
78.6596
234.177
172.621
292.577
361.849
324.277
280.588
340.984
413.091
550.618
541.116
537.923
680.46
714.677
798.273
868.667
749.836
823.904
805.304
998.67
1032.03
1067.11
1191.33
1178.01
1124.73
1135.23
1187.18
1148.14
1242.38
1312.76
1340.42
1502.07
1376.01
1385.96
1447.59
1452
1489.49
1617.37
1688.85
1615.58
1684.84
1604.03
1640.3
1665.37
1749.55
1770.9
1778.66
1773.01
1786.92
1906.05
14.6375
15.0561
15.7551
15.6267
16.5208
15.3009
15.1197
16.0432
15.7133
16.1665
18.1285
17.4359
18.2056
17.8686
18.2372
18.7047
18.6408
19.6721
19.216
19.2972
22.116
21.6151
21.3593
22.3947
23.7167
23.7774
25.4585
25.6162
26.2162
26.4177
27.0548
28.1004
28.4282
30.1812
31.4346
31.3045
36.5584
44.7774
36.1271
57.5927
38.2083
45.3544
54.1227
48.9926
56.3579
85.8694
101.388
70.4352
138.85
156.601
299.363
246.351
286.966
394.301
436.044
371.62
532.77
661.114
521.785
430.031
756.875
679.694
695.596
839.522
861.285
834.506
917.592
970.483
1036.91
1067.7
1072.64
1202
1226.94
1158.04
1157.8
1224.51
1232.69
1368.26
1452.63
1488.49
1538.76
1471.95
1494.65
1472.63
1635.2
1664.39
1739.27
1719.59
1588.86
1717.15
1675.38
1710.66
1736.35
1988.08
2011.3
2039.17
1919.14
1948.86
1931.98
15.0375
15.5689
15.7714
16.4057
15.8087
14.9744
16.7845
15.6968
16.5565
17.1957
17.0863
18.0627
18.3873
17.387
18.608
19.7831
19.0566
19.8951
20.1321
20.7228
20.9996
21.4008
22.907
24.7309
25.0193
24.3323
24.4398
26.0874
27.428
25.3804
30.2359
32.2857
34.224
34.0153
29.3827
39.2235
40.1211
43.4614
42.8108
49.1094
45.0521
49.6739
60.9543
60.0266
103.924
88.9558
101.343
97.1202
147.722
124.878
238.58
276.297
306.594
379.08
312.386
428.191
486.143
490.136
527.283
588.093
696.48
753.053
729.373
975.089
1020.43
937.197
1017.89
849.295
889.965
1231.96
1265.47
1237.64
1261.97
1316.45
1342.02
1383.33
1411.64
1440.17
1427.31
1553.07
1483.13
1556.43
1588.78
1501.38
1508.93
1542.07
1756.96
1596.84
1617.23
1741.88
1693.65
1728.51
1753.59
1787.06
1807.76
1821.07
1899.78
1924.18
1977.41
14.9861
14.8109
14.4359
15.2697
16.4402
16.5769
15.5392
14.8483
17.1255
17.0896
16.0335
17.0337
17.9985
17.702
17.705
19.0162
20.7437
21.7599
23.2101
21.1258
22.3622
20.2751
21.1531
21.6168
26.2832
24.0925
27.9648
28.5373
27.1239
26.6896
29.1234
33.9855
33.2043
35.3236
39.9189
33.3418
36.2176
46.7768
48.5068
43.3849
47.2418
60.521
57.8005
67.011
76.3915
91.9359
133.705
99.4879
153.819
193.545
227.833
341.992
350.254
327.428
428.994
533.661
575.645
627.061
594.875
653.454
735.199
665.454
720.062
786.206
919.071
873.135
933.392
959.033
997.174
1112.06
1173.86
1202.74
1240.94
1349.26
1374.33
1414.91
1442.56
1470.53
1418.52
1578.44
1552.54
1582.29
1614.07
1528.62
1541.85
1574.36
1788.23
1617.23
1784.7
1772.44
1767.66
1792.56
1818.87
1803.8
1824.21
1843.19
1922.07
1946.03
1998.64
16.4082
15.0094
15.4449
15.3344
15.9258
16.8354
15.7751
16.7823
18.4698
16.6629
16.6734
17.6425
18.0188
18.8294
19.7735
21.1135
21.107
22.6467
21.233
21.8864
23.4304
22.9447
22.4539
24.3335
24.1726
26.1356
26.6725
28.3334
30.4771
28.1471
32.4777
35.6164
34.2213
36.9669
41.7216
43.0998
46.6063
50.0636
40.7355
47.788
58.6826
63.7845
68.0744
59.7574
89.1932
150.093
170.916
154.377
133.161
153.835
205.162
254.211
404.632
390.614
495.886
558.66
564.494
663.047
734.367
641.945
631.73
718.211
747.813
830.141
880.289
867.688
1043.38
1052.63
1123.06
1104.36
1144.37
1353.32
1384.4
1281.51
1313.34
1348.22
1377.43
1403.39
1573.44
1601.25
1573.95
1603.55
1634.91
1554.44
1567.71
1599.66
1805.77
1636.11
1804.75
1792.96
1796.82
1821.31
1847.07
1813.11
1833.27
1857.47
1938.96
1962.59
2017.85
15.9858
15.6662
15.382
16.0725
16.4381
16.43
16.5199
15.6018
18.9833
17.6924
18.4908
18.5028
19.2202
18.5382
20.7743
22.8331
21.0168
20.1785
22.6187
23.3144
22.7933
21.2203
24.0201
25.3079
26.1403
24.0066
26.2914
31.4555
31.9274
34.1001
33.3871
29.9148
36.1103
35.8208
37.1267
38.7543
41.5924
49.4371
45.9562
66.5945
95.732
81.5083
86.74
111.951
161.996
183.01
192.911
193.967
282.35
256.916
256.219
294.225
246.856
566.861
490.934
550.233
653.928
560.094
719.18
733.831
759.685
705.859
781.219
868.923
971.575
947.937
1067.52
1149.99
1163.5
1205.69
1231.61
1295.66
1329.13
1195.16
1490.59
1498.03
1532.63
1559.77
1608.62
1635.75
1567.62
1584.57
1676.42
1808.67
1614.87
1625.57
1708.79
1772.06
1842.65
1757.04
1701.54
1728.57
1840.07
1838.49
1858.29
1887.36
1958.94
1982.24
1978.41
15.1197
15.1458
15.6401
15.4398
16.3279
15.9531
16.858
16.4245
17.9902
17.1454
17.9737
17.5928
19.2069
20.1014
19.9236
23.7616
21.4636
21.0445
23.3977
21.2526
25.6563
23.5544
23.7903
24.3465
25.2901
27.7427
25.0628
30.063
34.6251
30.3542
32.6149
35.4787
30.45
40.5287
35.2619
53.3668
49.3936
45.3817
54.3701
70.2198
95.6601
84.6887
89.0005
99.7428
92.423
151.762
266.777
214.789
447.572
300.211
290.845
589.763
537.191
575.461
483.929
577.386
573.693
670.471
762.425
1002.88
778.915
818.434
946.381
861.75
928.509
950.922
1085.4
933.682
1331.75
1394.12
1176.92
1246.83
1444.78
1362.07
1178.19
1297
1322.56
1474.92
1513.77
1405.52
1670.2
1509.87
1663.14
1773.02
1798.38
1826.25
1845.64
1867.26
1903.46
1925.01
1952.97
1974.13
1991.36
1858.35
1877.79
1902.7
1976.32
1999.38
1996.35
16.7106
16.548
15.8863
16.6112
16.2939
17.5951
16.2735
17.1292
18.643
18.6545
16.9491
18.9601
19.4779
20.7748
20.6481
22.2362
25.3395
23.2348
23.3519
24.9026
23.5491
23.6169
27.4408
27.6453
28.1941
29.9685
28.6164
30.0895
32.2132
32.6032
33.0661
36.9197
41.9407
50.625
44.9739
50.4886
50.2624
54.9173
58.2294
57.233
63.5258
111.672
103.144
153.48
202.631
221.527
323.253
360.553
305.227
590.915
484.022
336.488
463.749
504.044
719.197
624.255
589.138
688.867
768.689
944.528
830.567
1001.14
1035.63
1028.83
1027
911.481
1185.57
1121.53
1262.79
1287.88
1293
1321.16
1354.77
1339.41
1367.12
1451.1
1480.29
1479.57
1511.77
1523.37
1669.93
1538.52
1692.87
1807.5
1832.21
1859.63
1878.5
1899.59
1934.91
1955.76
1983.1
2003.79
2020.61
1873.39
1892.53
1928.91
1997.97
2020.69
1973.67
15.2833
17.3263
16.3111
15.7505
16.3139
16.1272
17.0213
18.5502
18.8638
19.426
19.4663
19.1614
22.1555
20.848
21.5539
20.6451
23.1427
21.4703
21.0887
22.3869
26.4514
26.3371
26.8673
30.5427
28.0285
28.5034
31.7322
34.5627
37.2831
36.1866
33.4652
37.395
40.4592
42.4713
44.9383
52.0329
55.233
60.6001
66.6424
92.2683
70.0879
117.939
170.525
149.519
152.824
280.846
128.214
460.408
414.47
436.794
525.594
533.229
617.958
649.718
690.7
764.553
738.296
723.97
780.44
744.177
874.917
971.579
1020.29
1010.02
1121.29
1121.4
1123.97
1174
1274.23
1304
1332.23
1361.25
1371.93
1341.92
1370.32
1383.13
1440.35
1445.64
1502.2
1594.5
1651.17
1847.86
1651.68
1743.48
1818.94
1845.25
1867.56
1892.82
1856.48
1871.99
1893.64
1918.15
1944.52
1895.49
1914.3
1946.98
2023.28
2045.68
2095.42
16.4072
16.0844
17.5881
16.8308
17.7744
18.0144
18.457
16.7652
19.3947
19.5608
20.8085
20.055
22.7298
20.7685
22.1106
23.2575
22.2428
23.9667
27.6995
26.6814
23.9195
27.8959
26.7906
27.5127
31.4875
31.6703
32.7292
33.0992
30.4209
36.0589
33.0817
41.2745
44.0732
39.3163
69.5071
46.0139
59.6621
86.4863
73.7088
86.6196
89.6297
174.648
180.842
100.728
357.701
249.526
297.871
401.551
371.455
481.926
443.297
529.546
695.667
796.159
685.613
760.896
873.451
929.327
807.643
779.027
924.66
962.37
1138.86
973.14
1092.75
1132.98
1187.02
1173.25
1267.86
1448.81
1349.79
1432.91
1511.25
1366.23
1499.17
1630.76
1662.2
1629.89
1665.54
1668.05
1787.26
1681.3
1711.75
1752.47
1777.7
1842.75
1819.01
1848.04
1882.68
1906.09
1925.69
2071.1
2096.41
2124.1
2148.67
2018.26
2038.62
2057.64
2080.44
16.5693
17.7974
16.5328
17.1768
19.3997
17.8917
19.3856
18.6562
17.4476
19.4987
21.7622
20.4148
21.0777
23.6821
22.5435
22.8092
23.6362
22.5286
26.0084
26.1975
25.936
28.1489
26.1823
25.6714
33.6265
33.273
39.7739
39.5355
35.1324
37.3799
40.4954
47.2016
51.8918
44.774
58.0587
81.5894
65.4774
70.3759
137.253
117.029
77.0635
294.624
122.609
218.75
267.783
394.87
354.635
440.18
608.804
711.79
730.661
532.298
748.71
776.963
818.462
867.743
872.103
871.893
1005.03
1050.89
896.909
1102.26
1056.56
1169.83
1144.15
1308.63
1257.46
1157.58
1186.57
1292.19
1479.88
1378.41
1502.51
1558.22
1438.64
1619.14
1542.24
1612.6
1648.25
1835.75
1764.82
1821.82
1702.08
1758.29
1747.83
1837.61
1861.63
1919.96
2007.37
2029.53
2045.89
2104.74
2129.46
2156.67
2180.88
2043.31
2063.31
2081.97
2104.33
18.2093
17.5211
17.8127
18.0213
18.9383
18.398
20.2322
20.17
20.5429
19.9206
22.1063
21.6563
22.0453
23.3984
24.3053
22.4452
23.3499
27.9921
26.1636
28.8736
25.9442
27.9985
32.4881
29.538
30.8123
33.1853
34.6719
34.7029
42.7011
40.7309
47.4591
47.2912
45.1152
56.3515
64.6044
56.322
89.1823
140.712
166.857
211.297
201.75
158.191
176.94
442.227
348.144
566.523
526.44
522.222
544.706
744.278
766.967
830.619
850.866
705.382
848.091
833.007
996.014
966.685
914.923
1147.1
1055.1
923.433
1107.41
1349.23
1219.81
1284.14
1319.15
1333.1
1363.27
1445.24
1506.55
1651.59
1675.28
1703.91
1724.45
1755.9
1785.12
1816.44
1613.73
1680.2
1698.78
1884.17
1905.59
1897.22
1913.93
1935.69
1952.8
1989.11
2055.62
2077.3
2095.57
1972.54
2081.93
2108.01
2129.27
2154.13
2079.94
2095.81
2117.89
17.6769
17.7205
19.2404
18.3241
20.0254
18.897
20.0999
19.2301
20.9045
19.7496
21.6321
22.1381
22.9476
23.0312
23.7493
24.0053
25.1925
31.2999
26.3051
26.3291
33.837
30.904
33.2387
35.3248
35.0139
39.1402
36.1844
37.9591
36.1014
43.3611
44.5519
45.0693
69.3269
61.2591
98.635
89.9324
66.5033
144.119
218.499
133.942
161.533
223.129
297.682
251.328
463.894
387.179
443.309
480.492
579.215
680.499
746.644
742.046
817.221
896.992
866.619
766.355
972.546
990.647
810.096
925.018
1200.43
1112.51
1283.48
1317.26
1354.64
1389.37
1487.62
1517.33
1550.65
1440.35
1465.51
1527.41
1478.26
1465.16
1660.45
1689.03
1712.26
1652.81
1679.94
1707.27
1648.3
1905.31
1926.46
1915.98
1932.43
1954.03
1970.95
2010.07
2073.79
2095.16
2113.22
2003.06
2100.02
2125.91
2146.96
2171.54
2097.01
2112.61
2134.42
17.5337
18.9279
19.533
19.988
17.4794
19.3663
21.4866
20.1543
20.0742
21.7058
20.8368
22.0655
23.3862
23.6739
26.5383
26.0316
24.3459
26.3932
24.9349
28.218
29.2885
30.2567
32.0694
30.578
35.7757
41.0135
39.6187
37.5075
50.5047
55.4767
46.7869
59.6113
74.0462
70.1978
96.6097
79.152
105.596
134.429
130.311
136.22
133.539
450.972
499.339
503.017
417.91
538.563
545.091
495.183
614.663
531.591
822.478
796.182
795.328
900.575
701.117
964.948
1014.41
1059.02
988.401
1212.38
1303.85
1193.64
1323.66
1356.67
1393.3
1427.27
1523.74
1552.69
1585.44
1473.26
1497.94
1565.33
1599.5
1488.33
1709.02
1737.02
1759.47
1685.84
1712.55
1739.22
1739.93
1928.3
1949.09
1944.01
1960.18
1981.39
2005.2
2042.45
2098.03
2119.11
2136.91
2122.43
2116.27
2142.01
2162.91
2187.25
2117.8
2133.17
2154.73
17.8274
18.3299
18.6006
20.1576
21.5791
20.8576
18.8283
20.1183
19.3
21.5688
22.9686
25.1719
23.9996
23.125
24.7553
27.9744
26.9307
26.8988
26.9693
24.6435
31.3062
30.0094
33.9529
32.743
38.3097
36.4886
41.3542
43.1037
47.98
58.1777
48.8396
86.9535
62.8443
119.716
147.959
234.725
118.777
164.861
284.609
233.353
318.53
336.42
465.007
549.579
544.251
356.782
469.447
544.145
718.128
863.024
865.617
809.725
936.562
979.001
893.38
1054.49
1003.58
1133.74
1037.25
1225.95
1245.27
1181.45
1487.51
1322.59
1465.59
1251.43
1384.59
1412.06
1439.23
1521.24
1560.41
1475.67
1742.84
1644.46
1677.13
1711.68
1744.75
1711.81
1737.84
1763.97
1763.14
1944.61
1965.16
1852.92
1879.07
2048.8
2066.99
2090.44
2111.73
2129.04
2150.46
2162.51
2180.33
2202.32
2231.9
2254.01
2274.65
2286.64
2305.05
17.4522
19.6705
19.8468
19.6367
19.7458
22.1517
21.9264
22.7833
22.2053
24.6577
22.145
23.7409
26.4201
25.0813
25.0545
25.6817
26.7453
31.6826
31.6826
31.1861
37.1181
28.5306
35.8206
35.0071
43.3195
35.1405
44.9572
40.051
64.4064
58.946
68.5831
70.6955
108.279
67.7691
111.354
83.0259
208.107
222.448
119.801
396.004
327.567
350.794
548.721
387.652
513.135
569.829
575.574
878.938
817.657
851.587
888.787
979.146
799.364
827.496
962.184
1072.09
875.159
1018.79
1121.93
1075.36
1289.13
1250.53
1237.28
1342.68
1383.82
1365.29
1388.18
1374.74
1443.11
1510.02
1518.68
1548.08
1701.18
1592.65
1607.44
1625.13
1653.95
1685.9
1708.09
1737.27
1777
1859.93
1833.24
1882.35
1903.07
1922.58
2051.84
2068.88
2092.87
2108.86
2128.93
2146.48
2244
2196.2
2105.34
2131.46
2281.19
2294.55
2314.25
18.881
19.7003
20.6261
19.2964
21.098
21.1538
21.9313
24.5941
24.916
23.3273
24.0509
26.3562
27.1744
28.0272
24.4058
28.675
29.6573
29.5676
32.0481
31.4133
32.8671
37.4578
40.2589
36.1712
44.7504
44.2613
44.5742
68.7627
56.0096
49.6982
78.9165
77.5554
101.234
92.8921
126.378
159.709
192.624
225.695
429.605
269.944
311.655
449.842
441.121
549.027
483.632
485.042
664.033
769.205
869.745
716.231
986.789
987.892
923.089
1039.4
885.96
1068.89
1105.88
1156.49
1102.73
1273.22
1312.13
1206.71
1350.06
1423.78
1390.53
1425.55
1376.03
1414.11
1414.47
1474.41
1731.94
1757.44
1524.89
1617.07
1636.26
1717.1
1738.49
1708.66
1726.38
1763.83
1801.93
1774.51
1858
1878.77
1919.37
2047.83
2070.25
2087.02
2110.7
2126.47
2146.42
2163.76
2262.77
2219.75
2122.2
2148.08
2300.51
2313.7
2332.99
18.251
20.3823
19.1244
21.6279
21.1719
22.4337
23.4517
23.7878
23.1164
23.2946
23.9737
25.3573
26.8373
28.4172
28.8111
30.7958
31.0821
28.3393
36.6556
35.1582
35.4994
41.5938
35.619
38.9575
45.1697
46.7835
58.6762
57.6923
61.6258
67.3278
105.09
81.0036
102.688
70.22
122.773
156.318
231.487
280.882
423.504
452.636
715.913
410.932
525.656
628.564
655.948
665.064
693.91
641.79
840.403
849.707
865.559
892.45
905.556
917.555
985.619
1058.03
1134.72
1162.56
1152.74
1317.79
1273.03
1261.99
1297.93
1482.86
1508.66
1477.02
1489.98
1516.11
1557.53
1597.98
1760.95
1786.03
1591.81
1735.55
1753.41
1787.06
1819.41
1851.63
1884.18
1917.49
1940.53
1859.87
1886.47
1921.87
1943.72
2066.84
2088.76
2105.26
2128.58
2144.14
2163.86
2180.88
2281.57
2236.78
2141.72
2167.35
2317.33
2330.29
2349.38
19.5945
22.3426
19.2442
20.6864
22.7241
22.9332
23.9567
25.3067
27.7891
24.1571
25.6637
28.1917
31.8158
27.1266
28.3061
28.0649
30.0145
32.0022
32.8989
34.2516
34.887
36.0768
36.562
48.9657
50.1647
74.3076
57.4015
59.5698
70.4128
74.0554
192.199
153.24
156.909
128.616
277.377
377.052
250.425
345.579
562.504
409.103
504.69
570.624
531.195
586.552
776.595
852.252
730.441
991.307
1035.34
1034.54
866.41
1133.75
1207.25
1066.31
1019.19
1160.83
1174.71
1236.34
1147.42
1218.52
1344.41
1286.97
1322.21
1404.61
1434.02
1507.3
1519.59
1587.79
1592.11
1633.89
1790.07
1814.57
1550.04
1770.89
1788.45
1821.57
1853.32
1884.96
1916.43
1948.9
1971.23
1885.44
1911.67
1945.52
1966.91
2090.2
2111.81
2128.07
2151.14
2166.54
2185.91
2202.62
2301.25
2256.14
2162.81
2188.15
2343.33
2355.99
2374.62
21.8678
19.3721
21.6688
21.5753
22.971
22.9314
22.9639
24.6707
24.952
23.8776
25.231
28.525
28.4948
31.375
32.8934
30.2373
35.8538
32.176
34.5039
40.432
43.1246
42.9339
43.9811
41.5566
69.5857
51.6632
61.7627
77.9317
61.1983
93.3732
113.149
185.213
188.65
329.658
276.17
240.432
383.079
292.473
534.883
375.166
457.004
531.824
619.365
604.504
779.381
601.574
814.414
836.633
755.485
821.81
979.741
1090.94
1063.3
1177.46
1001.96
1005.95
1203.24
1311.53
1220.73
1353.66
1353.78
1415.43
1537.25
1526.49
1401.92
1415.79
1515.03
1544.71
1579.84
1596.83
1737.55
1765.78
1764.34
1792.15
1674.23
1710.74
1745.95
1869.87
1898.23
1927.81
1946.19
1955.3
1976.83
2002.49
2026.54
2047.03
2068.7
2085.59
2104.87
2127.08
2142.57
2171.76
2187.15
2209.96
2262.24
2285.71
2305.33
2317.17
2337.14
19.5907
22.0797
21.8288
22.049
22.0904
23.3371
26.6371
24.142
25.2464
25.9419
26.6777
30.9725
31.1163
31.8129
35.0033
32.4855
32.19
35.736
46.698
32.8439
38.6375
46.1234
62.0901
50.4885
60.967
62.3558
83.3746
84.2877
97.0901
71.6339
137.696
146.53
204.164
271.225
139.787
400.934
510.651
368.283
525.908
415.603
534.699
571.288
663.029
789.798
651.202
853.641
877.058
878.037
947.054
800.159
864.289
1153.86
1189.65
1210.87
1218.59
1249.34
1129.78
1238.24
1136.61
1477.44
1398.25
1407.86
1430.6
1476.93
1596.06
1630.21
1538.47
1467.07
1504.45
1639.74
1762.09
1789.9
1807.95
1775.15
1805.65
1829.7
1856.48
1884.41
1883.86
1909.88
2076.88
1949.38
1974.09
1995.77
2015.68
2037.93
2128.82
2020.92
2037.72
2058.08
2079.29
2104.57
2120.95
2215.17
2326.31
2348.56
2370.03
2386.79
2406.85
20.3335
20.1518
22.3252
26.2405
23.7423
26.8781
26.2275
28.9173
27.2551
27.5238
29.6064
32.476
35.3132
35.4262
36.1883
34.0138
36.6834
35.4337
41.4293
52.7299
46.1423
43.6636
53.387
58.693
57.7352
115.37
73.1958
99.5671
136.614
149.811
159.008
204.246
127.131
329.687
258.651
197.34
486.586
392.211
551.735
648.77
571.667
583.514
670.143
714.268
800.946
950.24
837.377
924.207
933.542
976.344
1096.26
1169.48
1211.84
1118.3
1213.94
1128.52
1316.46
1267.75
1322.62
1394.45
1358.08
1468.57
1491.31
1466.23
1502.97
1532.76
1576.13
1496.32
1533.11
1664.83
1755.15
1780.71
1835.53
1795.23
1833.36
1856.9
1883.18
1910.38
1908.64
1934.14
2100.44
1975.53
2000.05
1951.87
1969.67
1997.33
2020.55
2153.53
2171.63
2187.85
2207.63
2215.4
2234.26
2245.07
2341.05
2362.97
2384
2400.48
2420.31
22.0959
22.0283
22.9115
22.5409
26.2937
23.6981
28.8373
28.2495
31.321
28.3367
29.2194
30.6418
30.4095
30.8381
37.1589
41.1752
38.3133
32.3635
37.9027
47.8195
46.0193
45.3806
51.7728
79.752
62.4295
69.0727
108.277
106.846
147.656
180.644
121.98
169.865
340.798
319.647
339.59
457.464
597.253
682.876
559.241
557.291
684.421
579.98
775.874
815.225
942.124
815.312
827.19
839.565
994.223
1019.95
1126.77
1252.34
1286.77
1140.76
1125.82
1272.66
1349.75
1318.54
1355.19
1394.22
1328.11
1373.41
1402.57
1611.35
1691.68
1722.69
1611.31
1524.53
1560.83
1690.21
1782.46
1807.7
1860.83
1817.85
1859.66
1882.92
1908.78
1935.57
1926.77
1951.99
2122.15
1991.06
2015.33
1972.44
1989.91
2017.25
2040.11
2176.51
2194.33
2210.18
2229.61
2236.64
2255.29
2256.74
2360.91
2382.48
2403.02
2419.22
2438.79
21.8241
23.4502
23.1325
22.3101
25.9477
29.7882
29.0783
24.8729
27.3498
30.9824
33.1611
37.9339
32.859
30.7154
37.6207
38.4772
39.8591
40.9432
50.9676
46.4754
48.3223
62.8646
71.7437
70.19
73.1825
73.9565
106.561
123.291
346.29
185.263
251.286
357.193
337.889
380.237
462.68
365.269
416.584
554.494
574.778
744.782
712.861
805.643
899.2
1043.94
849.045
820.608
905.708
958.767
1091.83
1227.27
1157.99
1166.58
1167.33
1247.65
1135.93
1182.57
1265.78
1445.69
1483
1344.46
1554.39
1554.56
1536.72
1514.76
1561.54
1596.19
1577.21
1606.21
1679.84
1712.43
1798.82
1815.05
1888.68
1852.03
1927.26
1954.81
1981.55
2008.89
1952.49
1977.39
2071.15
2143.52
2171.2
1990.62
2007.89
2034.88
2057.57
2189.51
2207.11
2222.71
2241.93
2250.5
2268.88
2280.61
2374.55
2395.81
2416.09
2432.1
2451.39
24.9583
24.9072
25.3789
26.3864
28.6866
27.5331
28.7987
25.8267
31.3047
31.5516
32.4812
34.8525
34.8894
34.4949
37.2455
37.4069
40.9825
48.129
48.1261
48.3509
59.1235
58.3586
75.9359
90.3272
87.5513
115.981
231.314
191.753
178.034
116.282
234.947
235.944
398.191
518.781
416.062
447.194
399.05
701.334
694.701
505.986
677.512
658.127
852.689
911.835
936.75
1035.31
1048.17
1035.17
1138.14
1143.71
1217.12
1257.8
1224.24
1312.16
1243.2
1263.58
1306.97
1479.28
1515.79
1503.76
1367.72
1475.47
1541.85
1585.5
1616.03
1705.46
1636.71
1624.3
1700.93
1742.56
1790.99
1816.64
1905.76
1916.59
1948.14
1975.42
2001.81
2028.62
1981.65
2006.22
2088.32
2157.94
2185.37
2063.54
2077.32
2107.06
2126.39
2102.16
2195.62
2213.52
2238.48
2257.78
2270.25
2302.87
2391.35
2412.41
2432.34
2448.11
2467.19
22.5178
24.0861
25.1096
24.5429
28.1476
28.198
31.2926
30.7077
32.4094
32.2511
38.228
34.3089
38.9949
39.5451
40.1201
44.9661
43.7836
56.2899
39.6466
58.2545
99.0645
67.8572
95.0049
73.4178
117.126
80.2382
130.204
138.581
288.517
311.273
493.396
508.033
497.596
536.057
472.994
573.458
672.071
634.831
814.81
741.069
881.714
876.26
875.931
950.774
1036.22
1080
1014.87
1165.65
1086.32
1117.12
1158.64
1387.25
1153.51
1254.38
1285.18
1315.86
1345.94
1449.6
1484.32
1557.69
1400.51
1510.33
1577.27
1620.23
1650.29
1742.12
1821.85
1712.58
1722.96
1772.76
1817.36
1842.57
1818.44
1872.22
1969.94
1993.17
2021.34
2047.01
2014.33
2038.49
2009.95
2181.24
2208.16
2089.92
2103.44
2132.74
2151.85
2123.32
2218.67
2236.18
2260.71
2279.75
2291.9
2328.26
2412.12
2432.81
2452.39
2467.95
2486.75
27.5496
25.724
23.9003
27.2926
26.4528
26.3429
24.4489
29.1203
36.2141
29.5498
34.5094
34.0857
43.1031
48.207
48.3635
44.2686
56.5786
49.8692
58.1227
54.1843
78.2266
99.4814
119.538
90.1541
120.988
211.892
211.45
207.694
245.766
402.756
410.979
345.988
446.473
568.552
593.53
632.482
688.92
748.182
822.592
773.66
898.57
710.389
961.716
959.972
1071.86
1178.12
1211.62
1186.41
1213.73
1205.52
1241.62
1307.71
1335.82
1171.25
1322.28
1551
1431.02
1635.94
1673.56
1602.42
1503.21
1679.09
1701.48
1742.06
1766.28
1764.16
1841.25
1864.41
1886.56
1916.42
1899.45
1920.24
1837.12
1893.71
1987.19
2009.85
2037.64
2062.98
2036.19
2059.91
2079.06
2197.39
2224.03
2109.65
2122.89
2151.88
2170.76
2142.52
2241.16
2258.32
2282.44
2301.07
2313
2348.63
2368.96
2390.05
2406.85
2417.69
2438.58
28.4407
26.1685
24.4459
29.097
26.3612
27.0861
28.3068
44.1917
30.9515
31.0257
43.0804
38.7032
41.2666
38.9957
51.8906
49.4974
59.6357
55.0945
64.1689
81.1243
69.3727
86.9506
66.5519
94.6662
143.751
137.232
399.512
290.344
402.629
453.974
561.886
525.621
493.919
691.501
748.697
605.103
686.919
720.028
657.132
864.354
879.473
860.597
929.575
998.639
1067.48
1144.98
1171.28
1100.31
1180.4
1228.3
1200.72
1385.9
1366.28
1421.38
1474.63
1507.82
1536.92
1480.96
1643.09
1504.99
1628.42
1571.17
1676.99
1713.52
1673.22
1797.04
1841.34
1872.48
1899.64
1974
1848.64
1869.44
1913.6
1893.88
1916.44
1939.8
1971.14
2002.28
2015.76
2038.44
2069.28
2110.32
2132.09
2184.23
2200.29
2222.9
2241.75
2275.32
2298.21
2316.68
2458.77
2473.47
2494.21
2516.84
2533.25
2552.5
2569
2575.97
2598.84
28.8031
28.6812
25.8025
27.8762
26.2075
32.8143
33.0565
31.3524
37.5325
36.4688
36.3299
38.4175
54.7816
40.6383
45.0929
57.816
66.6066
96.165
63.7668
64.8501
119.439
192.363
238.032
116.841
162.564
237.035
188.106
295.372
542.69
538.26
540.905
529.26
543.196
599.845
646.509
602.43
763.053
701.454
862.785
957.11
939.67
1058.81
1052.21
1023.74
990.463
1127.92
1260.55
1159.76
1208.74
1247.14
1236.28
1414.17
1529.51
1570.6
1513.7
1540.25
1573.01
1709.54
1670.02
1543.3
1653.36
1599.66
1705.89
1741.67
1709.4
1820.09
1863.73
1894.45
1921.21
2067.04
1851.36
1869.2
1993.41
1918.17
1907.94
1926.36
1986.57
2017.37
2030.62
2053.08
2083.63
2124.26
2145.79
2198.17
2214.13
2236.53
2255.12
2267.59
2290.31
2307
2476.03
2490.5
2510.94
2533.33
2549.51
2568.36
2584.6
2591.47
2614.09
27.8598
32.9018
35.3596
33.8267
30.191
33.6713
35.8005
43.4753
39.3819
38.593
41.8779
51.1477
57.9364
51.247
61.4685
60.1732
60.3929
72.2655
68.9188
151.207
116.95
180.315
147.622
264.254
138.737
200.136
348.006
335.533
440.767
581.481
492.783
531.02
658.085
772.081
682.914
701.119
846.001
835.14
940.525
933.242
903.7
996.129
1106.58
1283.43
1062.2
1093.9
1222.53
1261.42
1406.94
1442.14
1308.34
1339.92
1562.87
1603.27
1501.11
1534.12
1558.72
1736.79
1664.7
1686.96
1777.87
1625.46
1732.15
1767.26
1850.55
1703.73
1733.59
1788.48
1813.39
1934.73
1991.25
2002.35
1920.09
1944.23
1968.22
1990.25
2015.43
2045.52
2058.43
2080.4
2110.34
2148.88
2170.08
2221.13
2236.87
2258.91
2277.2
2444.82
2459.64
2474.05
2493.41
2507.69
2527.8
2549.9
2565.76
2584.38
2600.44
2607.21
2629.55
28.8057
26.6939
32.3146
32.0243
30.4253
31.1211
41.2947
41.958
40.5922
36.7289
39.2438
42.1865
46.128
52.5554
56.5724
64.6902
88.6714
101.221
76.4379
87.7214
177.861
337.036
205.708
310.503
306.221
395.826
246.254
476.998
370.096
461.26
599.156
598.525
688.655
666.464
786.659
822.059
910.875
1013.22
861.569
966.242
991.731
1128.32
1153.21
1174.3
1259.7
1259.23
1268.13
1305.99
1451.79
1486.11
1474.67
1378.73
1610.1
1649.59
1515.24
1546.16
1604.72
1779.77
1585.36
1600.16
1684.38
1638.62
1718.47
1743.46
1878.66
1873.88
1899.64
1919.04
1940.89
1969.47
2022.32
2028.13
1970.27
1975.33
1985.43
2007.27
2032.19
2061.92
2074.67
2096.39
2126.07
2165.55
2186.6
2239.35
2254.85
2276.57
2294.66
2472
2486.5
2500.53
2519.36
2533.32
2552.91
2574.6
2590.24
2608.55
2624.32
2630.9
2652.72
29.1948
32.3975
33.3997
34.3589
29.9078
38.5492
36.6082
35.1832
38.0575
41.1154
41.9447
61.0436
48.3962
53.7232
82.9612
92.2541
124.216
77.5338
108.799
118.346
171.688
360.847
181.894
311.046
220.652
335.062
386.223
541.44
665.316
721.651
634.704
687.339
753.192
700.287
871.349
912.168
827.227
967.336
950.645
1079.78
1022.85
1078.1
1142.88
1177.49
1265.36
1324.43
1332.35
1443.18
1431.19
1459.71
1356.94
1381.53
1430.01
1453.31
1489.16
1646.92
1682.45
1797.46
1746.85
1629.13
1708.59
1763.49
1790.99
1818.53
1903.59
1973.42
2004.51
2023.61
2049.95
2078.19
2046.39
2051.89
2005.72
1991.13
2008.11
2029.65
2054.3
2083.54
2096.01
2117.42
2146.67
2142.02
2166.99
2402.2
2411.56
2428.78
2299.83
2491.24
2505.51
2519.22
2537.82
2551.59
2570.84
2592.33
2607.8
2625.83
2641.41
2647.85
2669.3
32.1065
32.5993
37.5454
33.6855
35.4158
32.8843
42.2947
43.4073
43.7049
69.365
54.6369
62.1952
52.5241
54.5431
63.5528
68.838
84.3278
178.938
228.711
182.662
180.702
262.487
303.877
224.049
416.688
560.955
508.126
609.291
713.21
728.547
623.282
739.969
769.032
886.994
868.684
766.505
945.683
995.941
946.742
1111.14
1109.97
1133.76
1152.33
1232.6
1283.8
1379.55
1275.63
1307.07
1338.5
1368.26
1512.31
1544.48
1604.71
1642.56
1660.34
1644.4
1712.19
1821.27
1774.37
1654.39
1693.84
1791.54
1818.55
1845.57
1890.94
1938.33
1879.65
1869.42
1892.69
1973.96
2066.08
2086.08
2031.68
2065.17
2029.69
2050.9
2075.13
2103.83
2115.94
2136.97
2165.79
2161.54
2186.33
2421.17
2430.33
2447.14
2312.69
2511.23
2525.22
2538.62
2557
2570.54
2589.52
2610.75
2625.97
2643.79
2659.09
2665.4
2686.56
32.4285
34.1801
34.3595
31.4768
40.5028
45.8856
40.0707
56.5689
47.8243
53.1095
66.9214
66.2503
119.293
77.1602
80.127
69.0401
159.457
162.82
138.063
186.925
334.833
399.365
416.345
331.816
536.049
500.25
691.794
674.053
658.54
771.702
832.112
686.99
835.626
727.886
920.63
772.842
931.813
1096.17
1085.06
1111.95
1101.78
1225.94
1204.72
1196.93
1353.29
1335.31
1354.64
1390.9
1349.26
1475.25
1543.95
1575.46
1629.45
1666.5
1683.97
1659.69
1725.8
1846.23
1790.69
1676.07
1711.7
1811.84
1838.51
1865.13
1910.09
1938.15
1866.73
1884.79
1907.81
1990.65
2080.21
2099.99
2064.36
2064.39
2046.72
2067.65
2091.55
2119.78
2131.69
2152.5
2181.08
2398.31
2414.3
2273.7
2289.05
2311.69
2386.15
2522.38
2536.18
2549.46
2567.61
2581.01
2599.84
2620.91
2635.99
2653.68
2668.84
2675.06
2696.06
33.2992
35.5536
36.7694
39.2505
41.6688
48.4761
48.2934
50.9547
70.6906
50.0662
88.0989
89.6047
65.0006
94.2998
94.9284
69.5565
165.688
166.115
247.986
248.472
327.342
404.636
440.863
385.486
552.372
594.711
663.999
699.443
731.154
604.378
785.983
818.871
847.461
950.348
998.195
900.507
991.628
1041.76
1120.46
1146.66
1028.26
1144.93
1305.11
1192.91
1191.48
1440.8
1307.28
1430.75
1354.03
1386.06
1567.03
1598.02
1536.97
1569.02
1646.87
1640.93
1750.59
1869.31
1818.43
1818.9
1835.85
1835.86
1862.08
1888.3
1860.96
1884.51
1908.86
1928.48
1936.07
1962.4
2108.68
2128.19
2086.69
2086.83
2067.52
2088.21
2111.81
2139.62
2151.37
2171.89
2200.1
2418.32
2434.08
2291.22
2306.38
2328.83
2409.89
2539.58
2553.14
2566.25
2584.25
2597.51
2616.14
2637.03
2651.97
2669.43
2684.38
2690.52
2711.29
37.6484
38.7861
44.5718
42.4854
43.4982
51.5396
42.2342
61.8728
50.1702
74.4599
58.4682
70.1943
109.973
90.1952
104.664
223.26
172.099
181.759
261.78
408.66
377.994
452.38
362.313
457.438
521.606
530.508
677.955
738.283
607.056
660.801
639.784
904.8
849.302
888.299
865.121
1007.68
1015.96
1152.63
1022.64
997.049
1250.52
1268.14
1337.74
1288.88
1218.98
1465.76
1330.89
1580.77
1544.55
1393.82
1590.24
1620.7
1568.01
1590.82
1628.03
1661.82
1736.26
1890.34
1835.57
1843.44
1857.25
1861.7
1887.37
1913.04
1875.12
1898.46
1922.57
1941.98
1949.38
1975.47
2126.07
2145.4
2105.01
2104.04
2085.38
2105.74
2129.09
2156.52
2168.04
2188.23
2216.09
2434.16
2449.69
2302.53
2317.61
2339.91
2423.55
2552.64
2566.09
2579.08
2596.94
2610.04
2628.42
2649.05
2663.88
2681.18
2695.92
2701.98
2722.46
35.1637
41.0184
46.7596
38.3221
43.8719
48.8748
50.4481
46.0459
71.972
71.2656
74.6885
64.4234
151.715
141.365
325.411
176.079
320.661
106.533
358.892
286.256
221.42
363.445
444.177
500.339
559.81
477.521
741.259
715.88
763.41
764.104
974.721
940.198
912.705
940.155
1166.1
944.071
1040.51
1241.57
1118.95
1151.62
1258.28
1295.07
1326.55
1323.78
1276.87
1283.82
1343.68
1610.85
1575.8
1499.81
1617.97
1647.85
1599.42
1621.72
1658.33
1691.38
1764
1911.66
1854.81
1968.18
1987.83
1881.16
1906.52
1931.86
1982.55
1961.07
1985.27
2009.89
2037.94
2046.44
2143.44
2159.13
2124.7
2129.38
2106.55
2126.71
2149.76
2176.64
2187.99
2207.96
2235.46
2446.29
2461.62
2320.14
2334.96
2356.94
2438.83
2563.7
2577.02
2589.82
2607.55
2620.52
2638.67
2659.1
2673.77
2690.85
2705.46
2711.33
2731.37
37.9241
47.7712
39.0108
45.6434
47.6212
53.511
63.664
71.1293
57.7983
86.1413
125.496
118.596
117.187
126.211
155.778
329.083
327.144
210.953
248.732
434.053
323.089
346.454
433.676
609.887
682.211
478.01
784.612
774.356
881.699
796.161
821.597
937.432
1012.89
1001.5
1064.52
911.798
1205.26
1171.66
1148.39
1180.62
1262.95
1174.07
1343.04
1369.31
1435.71
1434.6
1389.61
1410.39
1584.04
1541.44
1683.06
1501.32
1575.8
1683.71
1761.81
1784.77
1814.51
1789.3
1855.34
1995.82
2015.19
1913.26
1937.97
1962.94
2007.83
1987.57
2011.46
2035.72
2063.11
2071.02
2166.74
2182.11
2152.06
2157.36
2138.87
2158.41
2180.75
2207.03
2218.14
2237.51
2264.38
2466.44
2481.56
2341.82
2356.38
2377.97
2460.7
2581.57
2594.65
2607.25
2624.83
2637.53
2655.45
2675.68
2690.11
2706.95
2721.31
2727.04
2746.88
44.6084
43.2658
42.8754
51.1861
63.0921
72.9101
66.0906
84.8245
72.872
73.0238
68.588
125.288
173.989
130.827
189.013
435.374
271.847
382.869
409.473
431.041
398.474
575.776
546.638
650.762
732.117
688.795
772.187
794.7
719.593
921.412
919.348
1147.59
1023.91
1050.72
1001.02
1121.51
1169.61
1180.06
1325.52
1342.41
1278.31
1304.83
1329.59
1355.24
1376.02
1393.86
1565.04
1494.62
1553.48
1581.56
1644.44
1671.47
1827.89
1851.09
1794.92
1817.27
1822.74
1864.04
1852.77
2022.9
2041.75
1987.24
2012.32
2038.75
1975.63
2009.66
2033.18
2057.04
2084.12
2017.81
2189.06
2204.07
2178.8
2180.43
2159.51
2178.68
2200.8
2226.69
2237.64
2256.72
2283.35
2488.43
2503.27
2367.21
2381.53
2402.79
2478.63
2600.9
2613.81
2626.24
2643.47
2655.92
2673.56
2693.43
2707.59
2724.16
2738.28
2743.86
2763.45
42.8539
63.1145
65.4749
41.374
55.3204
56.8446
64.306
95.6708
92.7747
80.0181
209.104
159.937
158.306
284.098
321.205
407.914
272.603
239.593
420.983
432.395
597.625
490.793
726.067
590.988
672.951
707.348
744.606
756.898
965.055
933.697
982.522
1103.77
1198.76
1095.73
1238.38
1162.76
1179.98
1178.02
1425.67
1381.5
1331.95
1354.09
1404.35
1433.02
1442.03
1552.14
1576.55
1571.64
1601.99
1628
1677.27
1703.66
1855.54
1878.23
1927.45
1961.05
1987.55
2010.24
1879.35
2042.02
2060.59
2021.49
2046.17
2072.16
2001.09
2034.42
2057.49
2080.95
2107.65
2086.69
2220.72
2235.28
2246.62
2198.93
2178.66
2197.58
2219.39
2244.89
2255.59
2274.37
2300.64
2309.48
2361.9
2435.26
2448.45
2464.97
2436.07
2619.02
2631.71
2643.89
2660.92
2673.12
2690.5
2710.04
2723.99
2740.34
2754.3
2759.8
2779.2
45.2897
54.1187
51.7671
49.5091
85.292
71.9296
80.9041
63.6449
115.951
100.502
307.267
207.01
291.145
426.893
317.19
239.669
248.86
516.996
432.724
524.278
583.493
473.161
563.604
737.141
742.273
809.617
915.956
787.736
907.28
970.219
1018.19
1095.4
1181.45
1213.7
1129.21
1250.88
1274.65
1181.48
1454.16
1488.52
1435.37
1459.09
1494.22
1525.91
1555.84
1572.18
1596.33
1594.02
1623.95
1649.72
1670.32
1701.88
1877.61
1900.1
1953.51
1986.56
2012.72
2035.13
1900.94
2056.52
2074.89
2047.3
2071.56
2097.2
2088.17
2110.59
2133.94
2152.88
2169.96
2202.36
2243.63
2258.01
2190.39
2222.6
2193.51
2212.24
2233.87
2259.04
2269.62
2288.21
2314.26
2364.92
2383.85
2403.15
2419.23
2438.49
2462.32
2636.71
2649.24
2661.28
2678.13
2690.17
2707.29
2726.64
2740.42
2756.55
2770.37
2775.76
2795.03
60.9054
54.1131
60.6887
78.5716
67.0952
63.2195
78.8508
102.883
118.377
118.562
195.037
351.346
200.858
427.686
301.058
305.561
515.222
616.316
573.284
374.108
703.039
712.483
691.403
760.822
858.657
766.503
847.025
902.582
966.947
1066.46
1126.33
990.967
1225.99
1257.35
1171.07
1212.42
1220.43
1254.23
1318.54
1520.84
1510.31
1529.49
1421.75
1441.85
1359.34
1572.87
1603.17
1658.39
1686.13
1711.99
1734.96
1752.65
1762.76
1788.13
1975.83
2008.33
2034.15
2056.27
1922.32
1965.03
1982.09
2073.14
2097.07
2122.35
2108.52
2130.41
2153.47
2172.17
2189.05
2220.83
2267.64
2281.73
2189.4
2203.51
2223.71
2238.24
2257.47
2272.04
2303.42
2333.48
2318.59
2354.13
2372.61
2385.64
2400.94
2422.23
2437.34
2650.76
2663.2
2675.12
2691.78
2703.72
2720.64
2739.69
2753.34
2769.3
2783.01
2788.35
2807.47
70.4635
103.485
53.6652
55.5529
92.2832
174.154
133.518
171.814
121.708
260.31
269.769
383.432
383.378
346.713
296.131
496.675
486.587
692.079
567.363
766.204
536.032
601.608
818.572
963.171
867.464
758.666
884.724
857.737
1067.46
1108.26
1021.71
1118.04
1355.75
1382.89
1242.86
1271.79
1303.46
1334.95
1464.67
1556.03
1446.78
1441.82
1679.05
1520.16
1545.65
1609.99
1622.73
1643.39
1671.59
1687.46
1748.99
1691.02
1830.08
1857.85
1875.71
1903.15
1860.44
1881.85
1897.01
1997.63
2014.42
2096.56
2120.2
2145.01
2055.07
2096.89
2111.35
2129.21
2154.16
2172.95
2287.65
2301.47
2236.36
2301.05
2313.47
2337.78
2358.86
2378.29
2399.88
2427.22
2336.73
2373.33
2391.58
2404.43
2419.58
2440.61
2455.53
2667.05
2679.33
2691
2707.46
2719.21
2735.83
2754.65
2768.15
2783.92
2797.44
2802.64
2821.5
75.52
76.0103
81.7248
59.4791
137.499
121.908
136.771
282.888
277.109
232.453
475.43
303.334
557.758
485.111
378.271
558.28
481.384
470.699
733.785
608.251
851.677
792.869
876.922
1027.77
692.481
919.092
924.411
949.011
1135.71
1101.29
1122.2
1281.43
1394.1
1420.72
1352.97
1243.51
1275.74
1313.62
1483.65
1585.15
1604.31
1633.65
1526.1
1510.71
1711.75
1733.9
1763.86
1799.79
1831.38
1854.77
1871.44
1891.71
1788.2
1814.22
1803.49
1829.27
1854.37
1884.55
1899.66
2018.16
2034.75
2119.64
2142.95
2167.43
2071.86
2113.53
2127.76
2145.39
2170.06
2188.71
2307.71
2321.27
2296.46
2309.92
2322.24
2346.43
2367.34
2386.65
2408.03
2435.19
2351.89
2386
2404.11
2416.86
2431.9
2452.73
2467.53
2678.78
2690.92
2702.5
2718.85
2730.46
2746.94
2765.64
2779.03
2794.65
2808.05
2813.16
2831.81
81.4108
100.494
95.0826
112.544
154.268
129.848
138.338
296.661
216.986
418.893
282.562
285.29
477.456
423.661
535.694
584.629
748.109
493.908
847.473
704.135
812.022
889.958
893.001
1064.77
921.499
980.874
1071.93
1203.96
1018.25
1115.7
1154.93
1409.46
1308.26
1332.96
1380.73
1260.36
1284.07
1358.73
1516.25
1410.69
1632.98
1657.78
1547.49
1536.23
1738.16
1759.78
1789.08
1824.5
1855.44
1878.32
1894.81
1914.58
1818.95
1841.25
1855.48
1881.03
1908.31
1939.12
1959.15
2037.72
2054.15
2142.87
2165.87
2189.77
2091.33
2131.22
2145.26
2162.69
2187.02
2205.45
2327.07
2340.38
2312.11
2326.84
2338.97
2362.94
2383.56
2402.65
2423.75
2450.66
2367.45
2400.06
2418.06
2430.68
2445.54
2466.17
2480.85
2688.25
2700.29
2711.8
2728.07
2739.59
2755.93
2774.44
2787.74
2803.2
2816.48
2821.54
2840.08
113.215
89.973
128.567
100.142
80.0238
216.821
202.838
355.758
404.442
326.289
315.139
438.871
430.361
474.088
788.502
709.051
625.755
645.604
768.402
786.116
762.751
806.469
888.407
835.163
824.71
971.745
951.052
986.765
1089.66
1236.01
1266.27
1175.22
1287.51
1405.3
1437.96
1323.53
1344.22
1464.03
1488.33
1401.09
1612.92
1631.86
1535.33
1556.6
1764.26
1785.24
1814.08
1848.99
1879.5
1901.91
1918.23
1937.56
1793.34
1820.32
1881.11
1906.31
1933.16
1963.44
1983.23
2084.73
2106.22
2064.82
2075.36
2099.9
2120.74
2139.44
2160.14
2174.38
2196.12
2217.54
2352.09
2365.2
2278.11
2361.39
2372.12
2394.3
2413.47
2433.44
2453.77
2478.98
2493.32
2417.26
2435.09
2447.52
2462.2
2482.62
2497.15
2703.08
2715.03
2726.43
2742.54
2753.95
2770.05
2788.43
2801.57
2816.92
2830.07
2835.06
2853.5
77.3989
182.781
126.15
156.646
218.912
155.24
183.11
289.284
388.263
391.855
569.066
609.758
630.187
572.488
647.867
627.918
794.245
773.213
884.565
822.071
843.144
895.019
981.076
1065.59
1217.18
1253.78
1284.53
1319.77
1354.1
1264.52
1291.78
1322.78
1374.52
1378.56
1262.24
1279.5
1307.76
1471.24
1513.87
1543.88
1509.19
1539.45
1652.75
1637.58
1694.15
1632.05
1720.78
1740.06
1933.57
1975.36
1778.49
2036.99
1852.96
1874.4
1911.2
1935.97
1962.36
1992.16
2011.65
2113.19
2134.39
2104.07
2231.54
2254.29
2277.4
2302.86
2319.41
2334.94
2346.27
2362.3
2378.37
2391.27
2294.91
2384.27
2394.83
2416.76
2435.62
2455.42
2475.38
2498.97
2513.06
2437.02
2454.61
2466.76
2481.27
2501.5
2515.8
2722.28
2734.1
2745.36
2761.25
2772.48
2788.43
2806.6
2819.62
2834.86
2847.83
2852.7
2871.01
145.502
142.697
95.8808
188.938
141.097
144.637
245.416
525.174
458.699
548.725
390.846
495.328
560.709
473.977
744.55
817.68
797.551
732.939
929.019
1108.41
823.261
910.388
914.679
1091.35
1090.71
997.177
1137.26
954.722
1249.8
1439.42
1238.54
1477.06
1372.92
1440.26
1436.89
1466.04
1489.38
1526.03
1554.71
1506
1513.03
1602.32
1625.21
1667.61
1815.01
1717.49
1878.49
1916.09
1945.65
1972.03
1989.16
2010.17
1868.5
1889.73
1924.93
1949.4
1975.55
2005.1
2024.4
2130.65
2151.5
2107.57
2248.52
2270.99
2293.87
2319.01
2335.33
2350.66
2361.89
2377.69
2393.59
2406.32
2350.24
2368.78
2381.36
2399
2417.84
2390.63
2405.47
2424.05
2444.14
2450.71
2468.12
2480.1
2494.52
2514.6
2528.77
2733.89
2745.6
2756.71
2772.38
2783.4
2799.16
2817.22
2830.15
2845.25
2858.06
2862.88
2881.07
105.321
100.624
90.574
98.2475
163.907
322.796
267.297
377.43
453.012
467.774
554.755
652.838
701.067
661.073
815.641
829.07
930.331
959.675
917.028
910.937
991.294
938.975
1225.81
1128.95
1256.87
1105.03
1136.33
1422.1
1262.16
1291.24
1328.8
1444.24
1480.18
1506.6
1437.72
1467.64
1624.08
1404.55
1493.59
1521.63
1688.15
1702.9
1740.27
1764.23
1787.12
1805.74
1755.45
1775.56
1796.03
1814.2
1843.55
1959.02
1987
1920.36
2024.22
2049.62
2078.61
2108.53
2126.56
2047.62
2065.89
2088.47
2109.28
2128.56
2174.5
2197.94
2212.95
2224.12
2246.64
2270.28
2272.48
2283.27
2411.14
2427.3
2438.79
2460.44
2478.56
2498.02
2519.89
2555.78
2577.61
2593.68
2604.45
2620.09
2573.53
2587.58
2600.18
2632.91
2649.07
2662.96
2675.97
2686.9
2704.05
2710.04
2816.22
2830.83
2842.3
2849.99
2861.01
127.048
144.685
250.027
345.888
200.61
161.807
393.229
573.857
342.834
580.362
487.349
626.512
766.98
654.12
715.567
884.577
852.963
966.481
936.392
955.175
1057.4
1096.24
1124.72
1167.57
1293.57
1212.12
1284.44
1456.65
1298.89
1327.41
1364.23
1470.58
1505.89
1531.86
1472.66
1339.27
1652.58
1445.58
1523.18
1550.72
1675.66
1693.23
1723.19
1749.29
1769.43
1799.33
1780.83
1800.56
1820.64
1838.48
1867.53
1975.84
2003.42
1945.06
2043.82
2068.84
2097.36
2127.02
2144.81
2071.05
2088.91
2111.14
2131.61
2150.58
2194.53
2217.64
2232.41
2243.39
2265.56
2288.78
2289.93
2300.51
2421.88
2437.94
2449.36
2470.82
2488.71
2507.99
2529.67
2573.27
2594.72
2610.43
2621.09
2636.54
2586.84
2600.7
2613.06
2648.06
2664.01
2677.77
2690.65
2701.43
2718.38
2724.26
2827.46
2841.96
2853.32
2860.92
2871.84
190.353
231.563
359.507
256.394
415.188
472.481
566.024
436.879
594.816
491.53
724.075
767.374
795.903
782.336
772.26
849.299
896.144
1041.82
683.356
1005.28
1008.42
1130.35
1158.19
1127.29
1222.76
1347.75
1247.28
1278.68
1345.33
1379.54
1407.97
1501.46
1536.08
1561.61
1530.91
1494.15
1688.68
1706.44
1738.23
1763.85
1703.09
1721.5
1747.47
1773.81
1793.52
1811
1807.07
1826.44
1846.13
1863.63
1892.3
2001.11
2028.11
1972.63
2069.68
2094.2
2122.32
2151.6
2169.06
2094.7
2112.16
2134.12
2154.13
2172.71
2212.91
2235.61
2251.59
2262.37
2284.07
2306.95
2268.85
2283.02
2441.34
2457.24
2468.51
2489.69
2507.18
2526.18
2547.65
2589.55
2610.77
2626.2
2636.75
2652
2601.56
2615.19
2627.39
2661.07
2676.78
2690.41
2703.13
2713.71
2730.43
2736.2
2844.97
2859.21
2870.33
2877.83
2888.55
113.706
198.697
256.611
299.389
386.487
472.041
560.181
604.666
502.434
606.004
676.121
775.005
764.786
823.04
729.483
900.754
1069.39
862.238
950.554
1019.86
1043.95
1166.06
1193.39
1143.33
1149.59
1162.59
1451.74
1485.11
1532.53
1562.15
1585.41
1437.81
1463.68
1485.24
1558.06
1587.44
1716.35
1681.95
1718.57
1743.68
1739.72
1757.55
1782.88
1808.61
1824.6
1841.61
1840.63
1859.77
1879
1896.18
1924.42
2024.25
2050.73
1999.03
2014.37
2036.68
2058.51
2087.37
2110.38
2119.85
2137.02
2158.55
2178.22
2196.46
2293.24
2355.33
2376.15
2396.81
2412.93
2427.35
2282.65
2296.64
2458.5
2474.26
2485.37
2506.33
2523.4
2542.2
2563.43
2599.79
2620.77
2636.1
2646.55
2661.56
2617.6
2630.99
2643.05
2676.38
2692.01
2705.52
2718.11
2728.52
2745
2750.7
2856.92
2870.94
2881.93
2889.33
2899.9
319.302
348.666
292.883
483.748
413.473
667.201
349.948
624.603
640.641
650.473
741.58
658.649
838.373
870.552
904.583
1087.64
1021.48
1141.45
998.966
1062.39
1126.32
1131.82
1170.07
1233.8
1112.3
1127.13
1491.9
1524.66
1381.46
1403.13
1441.35
1415.88
1502.28
1530.38
1643.76
1597.12
1624.7
1711.81
1747.75
1772.44
1771
1788.42
1813.17
1838.47
1850.38
1866.96
1808.04
1931.13
1914.89
1935.26
2054.41
2068.46
2101.17
2116.96
2130.78
2150.75
2173.68
2157.72
2219.35
2180.64
2188.18
2203.59
2228.11
2247.23
2267.24
2382.39
2404.73
2421.74
2439.69
2462.5
2473.46
2487.5
2401.27
2421.79
2433.22
2451.36
2463.87
2482.87
2496.7
2625.14
2645.73
2660.77
2671.06
2685.7
2631.98
2645.17
2657.12
2692.77
2708.09
2721.46
2733.84
2744.09
2760.45
2766.04
2871.36
2885.2
2896.03
2903.27
2913.66
447.649
402.562
560.025
324.931
462.016
653.079
595.97
616.823
727.755
711.519
785.694
778.085
791.26
1158.27
1201.84
928.348
968.76
1094.75
1099.6
1071.21
1215.36
1117.83
1169.96
1253.34
1317.01
1237.03
1537.6
1569.71
1314.05
1335.01
1471.62
1460.26
1608.74
1631
1673.18
1751.36
1592.61
1788.78
1820.03
1842.88
1808.93
1825.83
1850.22
1848.85
1880.02
1904.23
1931.87
1868.53
1945.45
1965.39
2079.52
2093.28
2131.92
2147.25
2160.75
2180.23
2202.59
2186.9
2244.56
2214.13
2237.01
2235.84
2253.09
2271.97
2291.7
2398.8
2420.77
2437.55
2455.18
2477.65
2488.44
2502.32
2419.46
2439.76
2451.04
2468.93
2481.27
2500.04
2513.71
2638.21
2658.55
2673.37
2683.53
2698
2651.23
2664.24
2676
2712.85
2727.87
2741.08
2753.22
2763.26
2779.41
2784.87
2890.86
2904.43
2915.06
2922.15
2932.37
674.704
582.986
596.834
695.513
743.616
738.126
559.7
499.717
724.309
911.948
1065
969.589
969.401
1134.66
1172.31
984.935
1149.42
1144.34
1029.52
1150.57
1219.57
1305.23
1261.71
1297.51
1313.3
1521.91
1429.38
1457.13
1494.27
1452.55
1626.73
1652.03
1681.21
1707.77
1761.33
1822.55
1843.91
1768.79
1792.25
1650.23
1752.43
1801.92
1833.62
2035.26
1945.88
1962.72
1973.36
1890.48
1966.31
1985.96
2133.92
2149.8
2168.09
2089.67
2107.05
2124.29
2148.38
2173.04
2194.67
2263.28
2277.11
2257.08
2256.98
2275.74
2293.64
2411.86
2433.57
2450.18
2467.53
2489.76
2500.46
2514.2
2551.88
2565.6
2574.79
2594.7
2610.85
2628.51
2646.6
2667.54
2678.39
2612.28
2631.87
2716.48
2750.12
2762.27
2774.72
2727.37
2742.25
2755.31
2767.34
2777.28
2793.12
2798.43
2904.26
2917.68
2928.16
2935.14
2945.21
519.767
581.026
742.016
500.888
736.544
888.938
890.963
814.688
828.078
773.723
776.44
1028.61
950.141
1014.68
1131.81
1050.05
1262.41
1066.67
1042.77
1166.32
1277.12
1329.08
1272.24
1303.44
1344.93
1366.18
1432.94
1459.43
1489.33
1518.73
1552.27
1580.63
1620.02
1649.06
1776.98
1850.44
1871.51
1614.25
1677.37
1679.15
1763.69
1821.71
1852.86
2063.98
1970.5
1991.84
1953.02
1980.27
1949.77
2235.79
2260.89
2278.34
2142.55
2160.36
2183.43
2210.63
2233.51
2266.7
2246.5
2262.07
2298.9
2297.74
2315.52
2333.95
2351.36
2424.74
2442.14
2455.33
2470.42
2490.97
2508.18
2521.07
2564.11
2577.74
2586.83
2606.57
2622.52
2640.05
2658.05
2678.84
2689.49
2628.22
2647.53
2727.15
2766.62
2778.53
2790.89
2738.26
2753.04
2765.98
2777.89
2787.55
2803.09
2808.33
2913.28
2926.55
2936.95
2943.87
2953.83
421.584
556.195
494.633
579.81
588.86
766.838
865.923
1001.71
1050.16
957.803
1105.41
1054.62
992.491
1043.09
1123.51
1214.26
968.614
1004.45
1334.77
1447.2
1473.19
1313.98
1501.19
1265.87
1302.79
1492.26
1524.54
1550.88
1581.77
1611.64
1640.12
1773.14
1625.6
1649.95
1674.96
1690.78
1758.31
1788.36
1757.24
1787.72
1822.95
1845.83
1875.06
1900.39
1922.61
2066.61
2148.96
2010.22
2063.47
2085.12
2103.92
2125.94
2144.27
2184.92
2216.29
2238.31
2267.9
2296.26
2312.72
2322.99
2338.19
2359.95
2373.31
2403
2425.77
2447.49
2426.5
2444.78
2495.07
2511.68
2532.66
2544.61
2556.87
2572.72
2584.7
2626.47
2642.7
2654.71
2671.13
2686.22
2699.35
2717.71
2731.34
2744.46
2752.82
2766.01
2780.56
2788.07
2801.91
2815.09
2825.78
2839.95
2852.96
2773.24
2784.71
2802.54
2817.85
2883.1
2893.33
560.65
459.916
790.111
737.641
649.834
682.169
882.104
940.41
986.539
1019.05
1054.29
922.091
1027.1
1076.99
1061.84
1098.07
1247.25
1273.8
1464.45
1516.68
1538.32
1298.78
1324.49
1294.27
1330.53
1576.28
1599.54
1628.63
1664.99
1523.13
1551.56
1515.34
1646.53
1670.47
1695.25
1710.79
1782.88
1812.47
1851.58
1873.48
1847.34
1869.81
1898.64
1923.64
1945.55
2087.57
1962.67
2027.09
2076.08
2097.54
2116.15
2137.99
2156.1
2196.66
2228.95
2250.69
2279.9
2307.97
2324.24
2333.49
2348.58
2370.2
2383.42
2411.2
2433.87
2455.37
2435.34
2453.39
2505.84
2522.28
2543.08
2554.93
2567.13
2582.88
2594.78
2635.3
2651.39
2663.23
2679.48
2694.47
2707.46
2725.7
2739.24
2752.25
2760.55
2773.67
2788.09
2795.56
2809.27
2822.38
2833
2847.05
2859.96
2783.97
2795.28
2812.97
2828.14
2890.02
2900.19
509.005
528.411
917.343
951.768
786.679
672.636
877.437
845.074
919.1
871.18
908.994
970.184
1064.97
1114.14
1195.77
1327.75
1286.22
1312.08
1499.9
1551.4
1572.6
1522.26
1547.07
1584.73
1457.26
1488.45
1463.73
1496.09
1625.79
1648.24
1680.97
1673.85
1705.14
1770.26
1797.4
1820.94
1842.17
1873.51
1897.52
1918.35
1935.89
1952.56
1974.89
1988.14
2008.1
1991.32
2006.47
2056.45
2092.19
2113.41
2131.77
2153.35
2171.21
2226.13
2249.1
2270.5
2299.25
2326.89
2342.93
2357.49
2367.19
2384.3
2395.45
2408.26
2472.16
2411.2
2426.3
2441.87
2454.88
2503.58
2515.22
2528.37
2548.02
2561.73
2576.07
2654.14
2669.91
2681.5
2697.55
2712.31
2725.13
2743.16
2756.47
2769.38
2777.61
2790.6
2804.9
2812.25
2825.78
2838.69
2849.21
2863.06
2875.71
2800.06
2811.22
2828.71
2843.75
2904.69
2914.72
642.63
796.407
815.432
880.037
907.08
878.413
837.707
921.932
961.666
907.42
950.259
1008.64
1096.15
1144.6
1270.77
1232.35
1305.62
1339.24
1479.36
1321.15
1353.8
1554.68
1578.78
1615.52
1490.51
1521.32
1498.36
1530.2
1654.86
1676.96
1709.01
1699.76
1730.6
1798.55
1825.28
1848.34
1869.24
1900.15
1921.23
1941.71
1958.97
1975.44
1997.44
2005.16
2024.88
2014.74
2029.6
2086.17
2117.2
2138.03
2156.04
2177.26
2194.85
2252.15
2275.1
2296.05
2324.17
2351.38
2367.04
2379.57
2389.14
2406.01
2417.01
2429.59
2494.39
2429.54
2444.44
2459.81
2472.62
2517.8
2529.3
2542.28
2561.72
2575.28
2589.48
2669.6
2685.17
2696.6
2712.41
2726.99
2739.66
2757.58
2770.8
2783.56
2791.62
2804.5
2818.61
2825.9
2839.28
2851.99
2862.37
2876.1
2888.59
2814.41
2825.46
2842.7
2857.57
2920.66
2930.6
598.19
581.007
708.955
790.169
741.987
1098.61
859.318
951.291
990.355
965.894
1004.8
1053.04
1195
1223.34
1252.46
1251.59
1329.38
1362.57
1321.88
1351.35
1308.2
1450.99
1479.83
1713.39
1715.16
1742.79
1777.14
1802.79
1827.56
1859.44
1880.41
1686.37
1727.63
1749.52
1776.21
1805.45
1824.12
1922.71
1829.75
1849.21
1952.13
1965.42
2075.55
2092.96
2107.66
2246.56
2265.09
2101.66
2120.33
2134.5
2164.65
2186.37
2211.43
2228.62
2249.91
2268.53
2292.99
2315.95
2333.9
2395.13
2413.44
2428.97
2445.15
2455.06
2450.86
2469.61
2487.27
2502.15
2514.69
2534.11
2550.52
2563.92
2575.86
2593.76
2608.25
2685.45
2700.83
2712.06
2727.65
2742.07
2754.62
2772.39
2785.45
2798.05
2806
2818.75
2832.69
2839.91
2853.13
2865.69
2875.94
2889.52
2901.82
2825.84
2836.74
2853.82
2868.61
2930.91
2940.78
666.587
812.709
652.886
720.279
975.277
930.286
979.765
1008.58
1212.05
1248.09
1283.22
1324.79
1211.04
1256.12
1292.21
1327.23
1361.88
1289.58
1363.66
1407.51
1338.92
1743.98
1413.8
1488.12
1471.32
1494.48
1517.45
1630.68
1657.74
1693.74
1719.46
1882.54
1915.5
1931
1959.59
1706.05
1714.69
1987.25
1906.1
1926.79
1944.78
1964.07
2200.69
2220.05
2235.89
2040.55
2064.03
2181.66
2202.78
2225.77
2240.79
2256.58
2245.97
2261.49
2281.41
2298.39
2318.48
2339.93
2486.32
2356.23
2365.9
2381.7
2394.62
2410.94
2428.43
2493.73
2511.3
2524.75
2535.93
2555.1
2569.93
2583.3
2595.19
2593.95
2606.84
2696.05
2711.35
2722.5
2737.96
2752.27
2764.75
2782.41
2795.36
2807.86
2815.74
2828.43
2842.29
2849.49
2862.6
2875.06
2885.22
2898.69
2910.84
2836.79
2847.61
2864.56
2879.23
2943.18
2952.97
611.942
943.771
914.253
785.908
895.856
955.955
967.786
1029.3
1245.88
1281.17
1315.73
1356.49
1167.15
1194.6
1426.82
1377.48
1343.21
1363.86
1239.73
1275.35
1402.11
1765
1432.11
1510.48
1456.45
1485.64
1515.28
1650.72
1677.52
1713.1
1738.44
1901.97
1934.54
1949.79
1977.9
1733.89
1742.42
2005.84
1929.37
1949.83
1967.55
1986.18
2216.23
2235.38
2251.03
2056.61
2079.77
2173.72
2191.67
2209.67
2227.15
2242.84
2272.28
2310.77
2329.1
2349.29
2376.43
2402.52
2417.47
2436.2
2445.24
2462.69
2473.34
2484.24
2501.43
2541.78
2563.37
2580.9
2593.78
2605.88
2624.16
2635.76
2649.06
2668.94
2681.75
2703.81
2718.98
2730.03
2745.32
2759.55
2771.93
2789.42
2802.24
2814.64
2822.41
2835
2848.74
2855.87
2868.87
2881.25
2891.31
2904.65
2916.65
2848.79
2859.49
2876.29
2890.83
2950.14
2959.88
784.97
998.864
970.468
1011.72
911.991
1147.28
1069.56
1191.12
1285.17
1319.79
1353.62
1393.61
1252.37
1151.9
1461.78
1485.15
1519.44
1543.45
1435.11
1405.48
1475.83
1797.44
1471.02
1540.42
1496.27
1524.99
1553.92
1684.29
1710.62
1745.49
1770.32
1809.12
1709.44
1734.42
1762.05
1920.79
1942.95
2036.73
1898.62
1926.26
1951.92
1970.39
2238.68
2257.65
2273.01
2084.51
2107.28
2195.99
2213.7
2231.52
2248.82
2264.37
2293.44
2327.98
2346.14
2366.01
2392.78
2418.47
2433.24
2451.73
2460.68
2477.96
2488.47
2499.11
2516.11
2558.01
2579.38
2596.69
2609.47
2621.49
2639.58
2651.08
2664.27
2683.99
2696.68
2718.3
2733.19
2744.11
2759.25
2773.4
2785.66
2802.98
2815.69
2827.95
2835.6
2848.1
2861.64
2868.72
2881.64
2893.84
2903.8
2916.91
2928.79
2864.25
2874.85
2891.41
2905.8
2960.63
2970.32
853.114
744.072
1014.47
923.276
976.451
1110.69
1130.5
1223.94
1316.64
1350.74
1384.02
1423.31
1234.78
1269.45
1491.74
1514.67
1548.23
1571.87
1402.5
1429.22
1669.68
1828.32
1498.66
1562.58
1521.43
1549.67
1577.97
1703.02
1729.07
1763.52
1788.09
1830.75
1731.56
1756.05
1783.21
1945.43
1967.32
2056.37
1920.82
1948.16
1973.53
1991.71
2255.69
2274.38
2289.47
2104.99
2127.41
2215.76
2233.19
2250.67
2267.72
2282.95
2311.43
2346.17
2364.05
2383.54
2409.83
2435.09
2449.69
2467.99
2476.76
2493.81
2504.21
2514.71
2531.47
2572.6
2593.79
2610.83
2623.41
2635.3
2653.24
2664.65
2677.66
2697.07
2709.66
2728.84
2743.56
2754.27
2769.27
2783.34
2795.51
2812.69
2825.29
2837.5
2845.02
2857.41
2870.82
2877.83
2890.62
2902.63
2912.48
2925.4
2937.1
2875.07
2885.6
2902
2916.31
2970.87
2980.52
856.117
751.937
884.003
885.091
913.41
1151.89
1111.28
1269.22
1352.29
1385.6
1418.27
1456.82
1262.24
1296.41
1521.94
1544.52
1577.33
1600.59
1472.48
1426.48
1523.23
1628.42
1653.06
1519.93
1657.99
1669.75
1697.43
1715.28
1739.56
1792.03
1820.58
1696.89
1720.44
1749.47
1772.16
1798.13
1956.23
1914.74
2188.43
2206.41
2232.14
2252.49
2098.11
2117.58
2136.3
2156.49
2178.28
2231.07
2248.22
2265.43
2282.38
2297.48
2325.6
2366.75
2384.42
2403.55
2429.5
2454.34
2468.68
2486.73
2495.34
2512.12
2522.42
2532.79
2549.21
2588.21
2609.04
2625.99
2638.48
2650.24
2667.99
2679.2
2691.95
2711.17
2723.6
2740.19
2754.75
2765.31
2780.23
2794.15
2806.23
2823.24
2835.72
2847.78
2855.22
2867.4
2880.73
2887.68
2900.35
2912.13
2921.91
2934.69
2946.24
2883.42
2893.85
2910.12
2924.32
2983.05
2992.6
1058.13
1225.27
1043.57
1143.08
951.424
1137.11
1203.38
1237.63
1276.45
1293.66
1256.79
1288.95
1280
1400.66
1439.39
1352.16
1386
1522.09
1539.89
1552.83
1579.49
1747.17
1783.25
1845.58
1826.22
1849.63
1882.24
1907.3
1930.72
1956.7
1696.27
2074.67
2103.25
2118.68
2148.86
1979.6
1992.61
2185.64
2006.77
2021.28
2076.49
2092.63
2118.61
2137.95
2156.41
2173.95
2195.37
2249.42
2266.28
2283.25
2299.84
2314.64
2342.31
2389.92
2407.07
2425.91
2451.41
2475.85
2489.98
2507.78
2516.15
2532.67
2542.82
2552.93
2569.04
2603.48
2624.16
2640.98
2653.32
2664.96
2682.54
2693.6
2706.22
2725.28
2737.63
2756.32
2770.73
2781.12
2795.89
2809.68
2821.6
2838.33
2850.66
2862.58
2869.88
2881.96
2895.13
2901.95
2914.35
2925.94
2935.61
2948.24
2959.6
2893.55
2903.89
2920.03
2934.1
2996.56
3005.97
1024.12
1101.19
1039.17
1079.62
1230.61
1189.06
1285.09
1308.48
1194.4
1197.85
1240.04
1331.69
1324.03
1347.91
1421.08
1486.19
1507.44
1541.07
1560.06
1583.77
1609.86
1771.01
1806.59
1866.85
1846.99
1870.11
1902.31
1927.09
1950.23
1975.96
1717.97
2088.98
2117.34
2132.64
2162.53
1999.22
2012.06
2203.03
2024.51
2038.83
2099.98
2115.74
2141.36
2160.47
2178.55
2191.49
2212.6
2266.08
2282.77
2299.51
2315.91
2330.53
2357.86
2409.03
2425.98
2444.6
2469.83
2494.04
2507.94
2525.53
2533.77
2550.1
2560.07
2570.02
2585.93
2616.84
2637.38
2654.11
2666.39
2677.95
2695.36
2706.29
2718.77
2737.74
2749.95
2766.75
2781.02
2791.31
2805.94
2819.65
2831.38
2847.92
2860.1
2871.9
2879.04
2891.05
2904.03
2910.76
2923.04
2934.53
2944.11
2956.62
2967.9
2902.18
2912.46
2928.52
2942.49
3008.69
3017.99
1066.22
1146.92
1001.74
1036.81
1108.43
1217.16
1258.37
1290.05
1313.1
1348.76
1380.05
1416.13
1425.12
1377.72
1358.29
1405.7
1431.44
1464.06
1510.93
1527.88
1548.62
1795.11
1830.18
1891.84
1699.35
1732.71
1755.7
1780.16
1731.42
1867.95
1894.05
2117
2144.86
2159.91
2189.3
2027.8
2040.38
2222.26
2062.09
2075.94
2133.54
2149.04
2174.26
2192.98
2210.6
2218.02
2238.72
2301.34
2323.22
2339.51
2363.47
2378.38
2395.66
2433.31
2450
2468.2
2493.13
2517.02
2530.6
2548.01
2556.08
2572.17
2581.96
2591.66
2607.23
2633.84
2654.15
2670.63
2682.77
2694.18
2711.27
2722.06
2734.35
2753.14
2765.2
2776.54
2790.69
2800.88
2815.4
2828.96
2840.58
2856.99
2869.01
2880.65
2887.75
2899.67
2912.54
2919.23
2931.42
2942.81
2952.32
2964.74
2975.97
2918.2
2928.32
2944.13
2957.99
3024.86
3034.07
882.871
911.012
1167.16
1196.64
1327.97
1258.89
1190.97
1486.84
1523.49
1550.29
1575.41
1604.34
1637.1
1666.43
1693.47
1720.06
1746.84
1767.9
1540.1
1556.66
1576.89
1822.1
1856.77
1917.76
1781.62
1805.85
1826.32
1852.37
1775.38
1896.94
1922.64
2133.18
2160.71
2175.53
2204.66
2049.01
2061.44
2246.55
2082.45
2095.96
2158.35
2173.62
2198.39
2216.84
2234.1
2237.7
2258.08
2319.39
2340.8
2356.7
2380.17
2394.88
2411.8
2447.61
2464.12
2482.1
2506.71
2530.23
2543.61
2560.86
2568.81
2584.65
2594.3
2603.91
2619.37
2655.31
2675.21
2691.52
2703.5
2714.69
2731.5
2742.07
2754.16
2772.55
2784.34
2792.24
2806.23
2816.24
2830.51
2843.78
2855.23
2871.39
2883.17
2894.63
2901.61
2913.37
2926.09
2932.7
2944.65
2955.89
2965.32
2977.61
2988.71
2930.23
2940.26
2955.94
2969.69
3032.69
3041.79
1088.33
1121.35
1215.65
1241.66
1272.28
1324.4
1267.56
1520.47
1556.16
1577.93
1602.71
1631.05
1663.24
1692.04
1718.59
1744.88
1771.19
1791.96
1564.56
1580.79
1600.56
1712.74
1697.36
1779.75
1939.69
1976.09
2008.97
2030.38
2054.06
2068.8
2092.34
1985.4
2014.84
1961.58
1984.63
2008.2
2022.19
2071.69
2107.65
2120.92
2175.32
2190.3
2214.67
2232.97
2249.99
2251.12
2271.27
2296.42
2313.84
2323.39
2346.37
2363.71
2385.48
2461.23
2477.55
2495.27
2519.6
2542.94
2556.15
2573.28
2581.12
2596.8
2606.36
2615.86
2631.18
2668.33
2687.99
2704.17
2715.99
2726.98
2743.58
2753.99
2765.94
2784.09
2795.8
2804.14
2818
2827.83
2841.89
2855.02
2866.29
2882.27
2893.86
2905.18
2912.09
2923.76
2936.36
2942.91
2954.78
2965.95
2975.32
2987.47
2998.49
2938.96
2948.94
2964.47
2978.13
3040.8
3049.84
1142.25
1129.69
1185.12
1212.41
1331.78
1445.63
1393.63
1543.36
1578.38
1608.21
1632.46
1660.37
1691.99
1720.31
1746.37
1772.28
1798.07
1818.45
1672.64
1688.63
1707.02
1743.09
1722.55
1807.7
1963.36
1999.41
2034.15
2054.95
2078.17
2092.66
2115.88
2006.53
2037.18
1991.05
2013.64
2036.86
2050.58
2097.75
2132.97
2145.97
2197.56
2212.18
2236.16
2254.15
2270.79
2274.43
2294.29
2315.98
2333.12
2342.54
2365.14
2382.27
2403.79
2483.39
2499.39
2516.65
2540.63
2563.55
2576.57
2593.48
2601.15
2616.53
2625.99
2635.22
2650.26
2681.4
2700.95
2716.92
2728.58
2739.42
2755.85
2766.11
2777.89
2795.93
2807.58
2818.08
2831.71
2841.39
2855.26
2868.24
2879.37
2895.07
2906.47
2917.68
2924.52
2936.06
2948.53
2955.03
2966.84
2977.88
2987.16
2999.18
3010.1
2955.3
2965.17
2980.55
2994.11
3055.12
3064.04
