99

0.854242
0.910253
0.967439
1.01893
1.08983
1.1606
1.24198
1.3034
1.41354
1.51665
1.60712
1.73111
1.88017
1.99853
2.1345
2.31775
2.59833
2.91495
3.24966
3.78265
4.66001
5.54887
8.47131
17.0293
19.6841
19.8733
19.8686
19.9559
19.9633
19.9764
19.9856
19.9815
19.986
19.9902
19.9901
19.989
19.9881
19.9895
19.9891
19.9927
19.9919
19.9933
19.9936
19.9928
19.9955
19.9953
19.9978
19.9979
19.9969
19.9965
19.9974
19.9982
19.9982
19.9982
19.9985
19.9985
19.9986
19.9984
19.9985
19.9985
19.9984
19.9985
19.9985
19.9985
19.9988
19.9981
19.9981
19.9984
19.9984
19.9984
19.999
19.999
19.999
19.999
19.9991
19.9989
19.9991
19.9991
19.9991
19.9991
19.9991
19.9991
19.9991
19.9991
19.9991
19.9992
19.9992
19.9992
19.9992
19.9994
19.9989
19.9993
19.9991
19.9991
19.9991
19.9994
19.9994
19.9994
19.9994
