99

0.147457
0.1547
0.1622
0.169181
0.177272
0.184833
0.192878
0.199646
0.207834
0.216122
0.22275
0.23011
0.238209
0.245977
0.253478
0.261526
0.268804
0.276767
0.284938
0.291921
0.299833
0.306989
0.315229
0.323353
0.323662
0.323021
0.323994
0.323424
0.324418
0.323918
0.324197
0.323819
0.323042
0.323327
0.324007
0.323991
0.324073
0.323697
0.323921
0.323321
0.323459
0.324074
0.324035
0.32434
0.323975
0.323983
0.324021
0.324173
0.323644
0.323778
0.32407
0.323717
0.324161
0.324161
0.323684
0.32363
0.324052
0.323985
0.323441
0.323408
0.323398
0.323687
0.323687
0.323687
0.323687
0.323779
0.323779
0.323362
0.323362
0.323362
0.323718
0.323718
0.323718
0.323718
0.324064
0.32353
0.32393
0.32393
0.32393
0.32393
0.32393
0.32393
0.32393
0.32393
0.32393
0.324317
0.324317
0.323704
0.323704
0.3233
0.323912
0.323985
0.323308
0.323308
0.323308
0.323265
0.323265
0.323265
0.323265
