99

6.58488
6.69879
6.80055
6.86741
7.02457
7.19325
7.4171
7.51882
7.88136
8.17584
8.45596
8.88504
9.42279
9.77993
10.2276
10.9584
12.3074
14.0102
15.4734
19.2037
25.8237
33.9431
94.638
1041.99
10723.6
23069.2
33026.6
44473
52932
62190.8
69996
78621.5
89017.8
96311.7
102307
109828
117511
123351
130912
137814
143597
148695
154060
160247
165575
170898
177689
181072
187029
190038
195884
200255
203232
207379
210967
215612
219691
222779
227467
230426
234266
236588
239793
242964
246095
249828
252845
255223
258024
260754
264327
267011
269537
272006
273462
276579
279555
281862
284072
286267
288428
290535
292610
294643
296585
297681
299616
302380
304185
305260
307431
308645
310494
312150
313835
316332
317965
319491
321033
