99

5.24275
5.26828
5.31994
5.34962
5.41706
5.46331
5.56968
5.62931
5.72899
5.83816
5.92675
6.04154
6.22787
6.32756
6.50563
6.70196
6.92471
7.07208
7.36073
7.64558
8.03248
8.56504
9.05039
9.51122
10.2789
11.5179
12.4601
15.5317
17.7893
21.7416
30.5121
66.135
546.208
9174.92
23073.4
32340.2
43188.5
52709.9
62305.7
69927.7
81236
87964.4
96439.5
102407
110621
118112
124829
131115
138200
144385
150391
153921
160755
166410
169982
176609
180999
185716
190845
194701
200284
204470
207378
211455
215889
220501
223205
227493
230652
233434
237104
240392
244760
247522
249717
252408
256390
259200
261063
263789
267218
268646
271155
273612
275894
279114
280759
284234
285005
287161
289276
291405
293609
295523
298214
300553
302441
304231
306026
