99

0.358387
0.395601
0.439396
0.476009
0.518539
0.559594
0.608344
0.652742
0.705615
0.75761
0.805833
0.863249
0.931104
0.989683
1.06076
1.13558
1.21782
1.28542
1.38397
1.48023
1.59742
1.74348
1.88614
2.01914
2.20893
2.47435
2.69782
3.20083
3.60045
4.19545
5.20991
7.86174
14.8798
19.5861
19.7943
19.8757
19.971
19.9593
19.9746
19.9593
19.9841
19.9821
19.9794
19.9892
19.9865
19.9908
19.9946
19.9941
19.9932
19.9925
19.9944
19.9956
19.9959
19.9955
19.9964
19.9972
19.9959
19.9958
19.9968
19.9982
19.9985
19.9985
19.9979
19.9978
19.9981
19.9972
19.9977
19.9973
19.9978
19.9982
19.9982
19.9982
19.9985
19.9977
19.9978
19.9982
19.9989
19.9989
19.9986
19.9986
19.9984
19.9985
19.9985
19.9985
19.9988
19.9988
19.9988
19.9987
19.9988
19.9988
19.9988
19.9988
19.999
19.999
19.9994
19.9993
19.9993
19.9993
19.9993
