99

0.076929
0.084447
0.092849
0.100043
0.107674
0.115173
0.122754
0.130492
0.138576
0.146092
0.153237
0.1612
0.168953
0.176796
0.184841
0.192418
0.200234
0.207476
0.215487
0.222967
0.230912
0.238811
0.246757
0.254144
0.261591
0.269455
0.277226
0.285035
0.292556
0.300032
0.308107
0.315858
0.323194
0.32417
0.324268
0.323774
0.3234
0.323549
0.323838
0.323631
0.323176
0.323894
0.32326
0.323987
0.32395
0.323792
0.323315
0.323849
0.323908
0.324079
0.323696
0.324006
0.323326
0.323801
0.324064
0.323867
0.324355
0.324373
0.323358
0.323842
0.32349
0.32349
0.324068
0.323836
0.323932
0.323448
0.323831
0.323531
0.323462
0.324078
0.323809
0.323809
0.323727
0.323269
0.324387
0.32414
0.323285
0.323285
0.323402
0.323402
0.323028
0.3241
0.3241
0.3241
0.324318
0.323517
0.324047
0.323223
0.324061
0.324061
0.324061
0.324061
0.324064
0.324064
0.323852
0.32351
0.32351
0.32351
0.32351
