9801

0.0099
0.0139
0.0177
0.022
0.0266
0.0316
0.0361
0.0405
0.0441
0.0507
0.0562
0.0611
0.0678
0.0714
0.0761
0.0801
0.0831
0.0883
0.0904
0.0965
0.1053
0.1087
0.1158
0.1156
0.122
0.126
0.1307
0.1356
0.1377
0.1467
0.1567
0.1572
0.1608
0.1649
0.1685
0.1762
0.1801
0.1934
0.1957
0.1996
0.2094
0.2123
0.2181
0.2203
0.2296
0.2294
0.2381
0.2422
0.2447
0.2552
0.2551
0.2589
0.2625
0.2694
0.2713
0.272
0.2813
0.2887
0.291
0.2987
0.3059
0.3002
0.312
0.3165
0.3135
0.3294
0.3216
0.3335
0.3265
0.3253
0.3287
0.3342
0.33
0.3407
0.3203
0.3376
0.3403
0.3331
0.3261
0.3251
0.336
0.341
0.3366
0.3309
0.3377
0.3298
0.3257
0.3239
0.3331
0.3256
0.3282
0.3282
0.3364
0.3364
0.3364
0.3286
0.3283
0.3263
0.3323
0.0137
0.0182
0.0217
0.025
0.0316
0.034
0.0379
0.0441
0.0491
0.055
0.0588
0.064
0.0693
0.0722
0.0779
0.084
0.0877
0.0931
0.0956
0.1034
0.1085
0.1121
0.1168
0.12
0.1251
0.1298
0.1368
0.1373
0.1419
0.1482
0.1574
0.1615
0.1646
0.1704
0.1703
0.1797
0.1838
0.1942
0.1982
0.2015
0.2113
0.2139
0.218
0.2229
0.2286
0.233
0.244
0.2467
0.2482
0.256
0.2636
0.2661
0.2684
0.2693
0.2758
0.2796
0.2775
0.2862
0.2963
0.298
0.3138
0.3064
0.319
0.3229
0.3247
0.3264
0.3377
0.3384
0.3326
0.3245
0.331
0.3325
0.3295
0.3332
0.3286
0.3366
0.3279
0.3272
0.3243
0.3297
0.3262
0.3344
0.335
0.328
0.3381
0.3289
0.3257
0.3269
0.3297
0.3293
0.3282
0.3282
0.3301
0.3311
0.3308
0.3229
0.3283
0.3263
0.3323
0.0181
0.0228
0.0271
0.029
0.0357
0.0397
0.0452
0.049
0.0544
0.064
0.0654
0.0681
0.0729
0.0778
0.0828
0.0864
0.0899
0.0968
0.0986
0.1053
0.1124
0.1137
0.1202
0.1241
0.127
0.1315
0.1396
0.1441
0.1488
0.1536
0.1633
0.1662
0.1725
0.1767
0.1777
0.1871
0.1944
0.2013
0.2042
0.2057
0.2138
0.214
0.2242
0.2246
0.2275
0.2336
0.2458
0.2477
0.2496
0.256
0.2594
0.2647
0.2708
0.2722
0.2783
0.2758
0.2843
0.2895
0.2969
0.2987
0.305
0.3139
0.3236
0.3241
0.3337
0.3273
0.3318
0.3319
0.3287
0.3276
0.3286
0.3207
0.3346
0.3269
0.3258
0.3282
0.3267
0.3326
0.3193
0.3222
0.3316
0.3274
0.33
0.3254
0.3312
0.3234
0.3266
0.3274
0.3274
0.3266
0.3352
0.3314
0.3314
0.3293
0.3293
0.3229
0.3286
0.3263
0.3323
0.0237
0.0273
0.0299
0.0361
0.0404
0.0427
0.0495
0.0536
0.0586
0.0644
0.0694
0.0734
0.0798
0.081
0.0869
0.0906
0.0957
0.0987
0.0997
0.1067
0.1163
0.1205
0.1248
0.1294
0.1308
0.1339
0.142
0.145
0.1521
0.1571
0.1652
0.1733
0.178
0.1838
0.1847
0.1883
0.1928
0.2059
0.2058
0.205
0.2153
0.2166
0.2298
0.2271
0.2289
0.2384
0.245
0.2522
0.2577
0.2603
0.2687
0.2703
0.2732
0.2771
0.2865
0.2854
0.2903
0.3047
0.3026
0.3134
0.3104
0.319
0.3254
0.3314
0.3315
0.3253
0.3274
0.3332
0.3329
0.328
0.3229
0.3222
0.3343
0.3344
0.3374
0.3205
0.3285
0.3291
0.328
0.3362
0.3288
0.3274
0.33
0.3254
0.3353
0.3353
0.3307
0.3305
0.3277
0.3281
0.3344
0.3287
0.3255
0.3255
0.3224
0.3229
0.3269
0.3269
0.3269
0.0284
0.0312
0.0362
0.0408
0.0453
0.05
0.0542
0.0608
0.0626
0.0701
0.0746
0.0774
0.0858
0.089
0.0906
0.0953
0.0983
0.1028
0.1073
0.1137
0.1193
0.1242
0.1275
0.1344
0.1344
0.1421
0.1488
0.1538
0.1582
0.1622
0.167
0.1764
0.1834
0.188
0.1874
0.1953
0.1967
0.2094
0.2132
0.2126
0.2233
0.2245
0.2352
0.2396
0.242
0.244
0.2501
0.2543
0.2612
0.2674
0.2708
0.2731
0.2732
0.278
0.2968
0.289
0.3013
0.3086
0.3072
0.3112
0.3174
0.3214
0.3288
0.326
0.3306
0.3309
0.3312
0.3336
0.325
0.3311
0.3337
0.3285
0.3293
0.33
0.3339
0.3335
0.3284
0.3305
0.3259
0.3199
0.3263
0.3278
0.3268
0.3356
0.3307
0.3307
0.3307
0.3273
0.3236
0.325
0.3268
0.3247
0.3247
0.3247
0.3247
0.3229
0.3269
0.3269
0.3269
0.0328
0.0359
0.0415
0.0447
0.0493
0.0548
0.0587
0.0637
0.069
0.0718
0.0776
0.0789
0.0889
0.0946
0.0997
0.1012
0.1056
0.1107
0.1153
0.1194
0.1241
0.1273
0.1328
0.1392
0.1416
0.1483
0.1534
0.1597
0.1637
0.1642
0.1733
0.176
0.1863
0.1914
0.1951
0.1962
0.2014
0.208
0.2168
0.2198
0.2284
0.2295
0.2398
0.2428
0.2491
0.25
0.2534
0.2609
0.2645
0.2725
0.2771
0.2801
0.2784
0.2864
0.2912
0.29
0.301
0.3178
0.3205
0.3152
0.3234
0.3208
0.3309
0.3218
0.3405
0.3356
0.3233
0.3313
0.3339
0.3352
0.3322
0.3382
0.3387
0.3269
0.3258
0.3302
0.3229
0.3305
0.3324
0.3295
0.33
0.3278
0.3268
0.335
0.3273
0.3286
0.3225
0.3253
0.3234
0.3356
0.3268
0.3247
0.3247
0.3247
0.3247
0.3229
0.3269
0.3269
0.3269
0.0389
0.0429
0.0478
0.0528
0.0572
0.0585
0.0636
0.069
0.0752
0.08
0.0825
0.0871
0.0938
0.1002
0.1031
0.1077
0.1102
0.1164
0.1182
0.1246
0.1318
0.1339
0.1354
0.1456
0.1463
0.1525
0.1579
0.1648
0.1726
0.1784
0.1805
0.1849
0.1933
0.1996
0.2032
0.2066
0.2073
0.214
0.2238
0.2277
0.2339
0.2331
0.2404
0.2445
0.2509
0.2512
0.2579
0.2643
0.2726
0.2776
0.2784
0.2787
0.2927
0.2961
0.2999
0.3055
0.3036
0.3214
0.3176
0.3208
0.3182
0.3189
0.33
0.321
0.3331
0.3357
0.3255
0.3367
0.3311
0.3278
0.3327
0.3345
0.3324
0.3352
0.3335
0.3229
0.3229
0.3229
0.3354
0.339
0.3309
0.332
0.3332
0.3352
0.3246
0.3269
0.3271
0.3234
0.3234
0.3245
0.3269
0.3272
0.3326
0.3308
0.3294
0.3293
0.3293
0.3293
0.3306
0.0415
0.0444
0.0509
0.0549
0.0598
0.0644
0.0677
0.0733
0.0776
0.0827
0.087
0.0938
0.099
0.1048
0.1088
0.1136
0.1153
0.1228
0.1248
0.1317
0.1368
0.1387
0.1432
0.1491
0.1515
0.1551
0.1612
0.1704
0.1774
0.183
0.1865
0.1889
0.1973
0.201
0.2069
0.2125
0.2106
0.2159
0.2275
0.2305
0.2386
0.2432
0.2453
0.25
0.2579
0.2573
0.2674
0.2715
0.2771
0.2834
0.2938
0.2872
0.2929
0.3094
0.3003
0.3111
0.3143
0.3234
0.3307
0.3272
0.3311
0.3275
0.3413
0.3379
0.3251
0.3241
0.3318
0.3311
0.3364
0.3311
0.3324
0.3365
0.3339
0.3285
0.3254
0.3302
0.3294
0.33
0.326
0.3379
0.3314
0.3305
0.3343
0.3299
0.3299
0.3351
0.3335
0.326
0.326
0.3304
0.3259
0.3259
0.334
0.3225
0.3301
0.3301
0.3301
0.3301
0.3306
0.0448
0.0504
0.057
0.0598
0.0647
0.0686
0.073
0.08
0.0848
0.0881
0.0934
0.0986
0.1043
0.108
0.1146
0.1179
0.1245
0.1273
0.1316
0.1369
0.1405
0.1409
0.1476
0.1535
0.1553
0.1601
0.1676
0.1709
0.1809
0.188
0.1892
0.1941
0.2027
0.21
0.212
0.216
0.2156
0.2239
0.2354
0.2359
0.2426
0.2438
0.2471
0.2546
0.2626
0.2691
0.2715
0.2751
0.2768
0.285
0.2886
0.2932
0.3004
0.3061
0.3102
0.3236
0.3156
0.3231
0.3314
0.3247
0.3339
0.3378
0.3432
0.3351
0.3347
0.3374
0.3396
0.3362
0.3291
0.3291
0.3328
0.3379
0.331
0.3245
0.3245
0.3302
0.3294
0.3347
0.3264
0.3261
0.3314
0.3345
0.3287
0.3299
0.3299
0.3351
0.3335
0.326
0.326
0.3304
0.3312
0.3312
0.3254
0.3225
0.326
0.3313
0.3283
0.3283
0.3319
0.0535
0.0581
0.0604
0.0643
0.068
0.0741
0.0771
0.0856
0.0887
0.0941
0.0988
0.1033
0.1099
0.1138
0.1194
0.1214
0.1279
0.1327
0.1392
0.144
0.1484
0.15
0.1535
0.1579
0.1619
0.1653
0.1716
0.1758
0.1837
0.1897
0.1939
0.1981
0.2027
0.2112
0.215
0.2207
0.2225
0.2311
0.2393
0.2405
0.246
0.2478
0.2521
0.2586
0.2663
0.2717
0.2749
0.2823
0.2827
0.2893
0.2924
0.2987
0.3087
0.3146
0.318
0.3162
0.3287
0.3227
0.3292
0.3388
0.3315
0.336
0.3308
0.3356
0.3329
0.3329
0.3291
0.3295
0.3374
0.338
0.3272
0.3296
0.3259
0.3344
0.3313
0.3334
0.3318
0.3335
0.3256
0.3295
0.3314
0.3345
0.3314
0.3351
0.3351
0.329
0.3246
0.3343
0.3343
0.3304
0.3366
0.3276
0.3279
0.3225
0.336
0.3362
0.3282
0.3282
0.332
0.0558
0.0605
0.0638
0.0701
0.0754
0.078
0.0838
0.0886
0.0929
0.0977
0.1024
0.1071
0.1142
0.1193
0.1237
0.1238
0.1311
0.137
0.1425
0.1461
0.1499
0.1534
0.1589
0.1652
0.1687
0.1716
0.1801
0.1829
0.1879
0.1956
0.2001
0.2039
0.2086
0.2158
0.2215
0.2238
0.2238
0.2309
0.2425
0.2448
0.2485
0.2545
0.2578
0.2626
0.2704
0.2739
0.2767
0.2822
0.2867
0.2899
0.3009
0.3011
0.3237
0.3171
0.3167
0.3224
0.3247
0.337
0.3298
0.3348
0.3324
0.3314
0.3269
0.3365
0.334
0.3277
0.3431
0.3368
0.3322
0.3311
0.3314
0.3268
0.3259
0.3281
0.3281
0.3277
0.3392
0.3238
0.3366
0.3323
0.3273
0.3246
0.3314
0.3351
0.3351
0.3318
0.3274
0.3253
0.3313
0.3304
0.3281
0.3281
0.3279
0.3225
0.3352
0.3352
0.3282
0.3282
0.332
0.0631
0.0668
0.0704
0.0715
0.0795
0.0844
0.0884
0.0923
0.0977
0.102
0.1071
0.1134
0.1178
0.1237
0.1272
0.1289
0.1346
0.1366
0.1419
0.1464
0.1508
0.1538
0.1608
0.1666
0.1712
0.1754
0.1814
0.1848
0.1905
0.1988
0.2057
0.2094
0.2132
0.2176
0.2264
0.2271
0.2313
0.2378
0.2459
0.2494
0.2596
0.2605
0.2643
0.2702
0.2732
0.2768
0.2783
0.2852
0.2944
0.2984
0.3006
0.3031
0.3166
0.3126
0.3256
0.3267
0.3273
0.3251
0.3313
0.3287
0.338
0.3328
0.3335
0.3286
0.3223
0.328
0.3299
0.3379
0.3257
0.3399
0.3272
0.3384
0.3366
0.3316
0.3377
0.3286
0.3233
0.3233
0.3345
0.3274
0.3344
0.3346
0.3275
0.3315
0.329
0.3339
0.3235
0.326
0.326
0.3304
0.3328
0.3367
0.3294
0.3225
0.3352
0.3352
0.3282
0.3282
0.3305
0.0685
0.0703
0.0755
0.0787
0.0824
0.0891
0.0951
0.0973
0.1017
0.1071
0.1144
0.1191
0.123
0.1273
0.1296
0.1315
0.1374
0.1437
0.1466
0.1528
0.1595
0.1617
0.1677
0.1782
0.1809
0.1823
0.187
0.1909
0.199
0.2053
0.2107
0.2138
0.2182
0.2232
0.2337
0.2337
0.2415
0.2499
0.2524
0.2544
0.2613
0.265
0.2725
0.2745
0.2764
0.2805
0.2873
0.2935
0.2992
0.3025
0.3045
0.3074
0.3125
0.3229
0.3196
0.3298
0.3326
0.3244
0.3302
0.3308
0.3359
0.3306
0.334
0.3342
0.3333
0.33
0.3293
0.3283
0.3318
0.3378
0.3317
0.3292
0.3285
0.3277
0.3323
0.332
0.3264
0.334
0.3323
0.3297
0.3254
0.3254
0.3254
0.3224
0.3336
0.3336
0.3336
0.3267
0.3267
0.3285
0.3276
0.3276
0.3276
0.3276
0.3331
0.3302
0.3264
0.3265
0.3293
0.0706
0.0745
0.0796
0.0826
0.09
0.0946
0.1019
0.1047
0.1116
0.1132
0.1192
0.1229
0.1275
0.1304
0.1358
0.1379
0.1438
0.1507
0.1541
0.161
0.1638
0.1678
0.1742
0.1808
0.186
0.1885
0.193
0.1972
0.2025
0.2121
0.2162
0.2164
0.226
0.2314
0.2389
0.24
0.2431
0.2533
0.2557
0.2652
0.2678
0.2702
0.2757
0.2856
0.2886
0.2895
0.2931
0.2991
0.3054
0.3044
0.3149
0.3235
0.3228
0.3277
0.3295
0.3352
0.3355
0.3229
0.3344
0.3385
0.3346
0.3334
0.3268
0.3312
0.329
0.3257
0.3282
0.325
0.3282
0.3329
0.3242
0.3242
0.3333
0.3277
0.3217
0.3315
0.3296
0.3286
0.3301
0.327
0.3305
0.3305
0.3305
0.3258
0.3258
0.3334
0.3334
0.3267
0.3267
0.3285
0.3276
0.3276
0.3276
0.3276
0.3331
0.3302
0.3321
0.3265
0.3293
0.0755
0.079
0.0838
0.0867
0.0936
0.0993
0.1057
0.1127
0.1142
0.1179
0.1234
0.127
0.132
0.1373
0.1416
0.1435
0.1483
0.1544
0.159
0.1663
0.1679
0.1713
0.178
0.1854
0.1884
0.1909
0.1961
0.2001
0.2087
0.2153
0.2169
0.2221
0.2306
0.2342
0.2413
0.2447
0.2472
0.2531
0.2564
0.2643
0.2706
0.2743
0.2761
0.2845
0.29
0.2975
0.299
0.3049
0.3065
0.3162
0.3174
0.3229
0.3316
0.3294
0.3316
0.3406
0.333
0.3221
0.3321
0.325
0.331
0.3269
0.3271
0.3285
0.3284
0.3297
0.3282
0.3302
0.3317
0.3275
0.3269
0.3272
0.3356
0.3301
0.3262
0.3319
0.3319
0.3365
0.3318
0.3301
0.3378
0.3285
0.3366
0.3328
0.3328
0.3336
0.3316
0.3305
0.333
0.333
0.333
0.333
0.333
0.333
0.333
0.333
0.333
0.333
0.333
0.0781
0.079
0.0839
0.0924
0.0994
0.1012
0.1065
0.1117
0.117
0.12
0.1267
0.1294
0.1348
0.1408
0.1427
0.1488
0.1519
0.158
0.1616
0.1688
0.1714
0.1779
0.1812
0.1882
0.1917
0.1963
0.1984
0.2019
0.2146
0.2186
0.2215
0.2279
0.2339
0.2359
0.2416
0.2453
0.2523
0.2636
0.2628
0.2702
0.2763
0.2788
0.2816
0.2873
0.291
0.2995
0.2962
0.3042
0.3121
0.309
0.3191
0.3258
0.3283
0.3256
0.3304
0.3209
0.3318
0.3257
0.3286
0.3376
0.3224
0.3312
0.3286
0.3241
0.3264
0.328
0.3268
0.3347
0.3342
0.3373
0.3304
0.3263
0.3357
0.3313
0.3307
0.3237
0.3332
0.3306
0.3306
0.3344
0.3266
0.3236
0.3312
0.3312
0.3312
0.334
0.334
0.3275
0.3275
0.3289
0.3289
0.3289
0.3289
0.3274
0.3274
0.3274
0.3274
0.3274
0.3274
0.0828
0.0849
0.0897
0.096
0.1003
0.1078
0.11
0.1152
0.1209
0.1261
0.1319
0.1361
0.1392
0.1429
0.1468
0.1551
0.1578
0.1631
0.1672
0.1703
0.176
0.1843
0.1882
0.1901
0.1953
0.2001
0.2045
0.2088
0.2157
0.2197
0.2232
0.2299
0.2348
0.2396
0.2489
0.2519
0.2572
0.2683
0.2691
0.2725
0.2815
0.2842
0.2878
0.2963
0.3002
0.3041
0.3063
0.3154
0.3204
0.3233
0.325
0.3352
0.324
0.3294
0.3348
0.3288
0.3329
0.328
0.3288
0.3309
0.3293
0.3202
0.3221
0.33
0.3266
0.3282
0.3221
0.3312
0.3265
0.3292
0.3292
0.3292
0.328
0.3246
0.3246
0.3237
0.3332
0.3215
0.3215
0.3233
0.3305
0.3236
0.3312
0.3312
0.3312
0.334
0.334
0.3275
0.3275
0.3289
0.3289
0.3289
0.3289
0.3274
0.3274
0.3274
0.3274
0.3274
0.3274
0.0855
0.0881
0.0967
0.1013
0.1075
0.1138
0.1177
0.1219
0.1254
0.1309
0.1363
0.1413
0.1467
0.1512
0.1544
0.1582
0.1631
0.165
0.1713
0.1774
0.1797
0.1865
0.1931
0.1951
0.201
0.2077
0.2097
0.2169
0.2185
0.2228
0.2295
0.2368
0.2429
0.246
0.2564
0.2589
0.2682
0.2727
0.2743
0.2775
0.2816
0.2917
0.2921
0.2951
0.3014
0.3086
0.3156
0.3164
0.3192
0.3261
0.3231
0.331
0.3264
0.3287
0.3329
0.3281
0.3348
0.3208
0.3296
0.3337
0.3358
0.329
0.327
0.3373
0.3352
0.3272
0.3345
0.3312
0.3265
0.3275
0.3343
0.3326
0.328
0.3285
0.3285
0.3208
0.3208
0.3215
0.3215
0.3304
0.3305
0.3236
0.3312
0.3312
0.3312
0.334
0.334
0.3275
0.3275
0.3289
0.3289
0.3289
0.3289
0.3274
0.3274
0.3274
0.3274
0.3274
0.3274
0.0883
0.094
0.1001
0.1076
0.1105
0.1163
0.1206
0.125
0.1296
0.1356
0.1423
0.1463
0.1525
0.157
0.1597
0.1642
0.1676
0.1732
0.1767
0.1838
0.1908
0.1925
0.1968
0.2005
0.2057
0.2098
0.2159
0.2216
0.2228
0.2295
0.2382
0.2411
0.2453
0.2512
0.2576
0.2648
0.2684
0.2752
0.2778
0.2817
0.289
0.292
0.3062
0.3022
0.3107
0.318
0.3195
0.3211
0.3267
0.3271
0.3274
0.3326
0.3269
0.3301
0.34
0.3294
0.3353
0.3321
0.3282
0.3286
0.3318
0.327
0.3318
0.3256
0.3365
0.3289
0.3307
0.3279
0.3196
0.3272
0.3261
0.3286
0.3224
0.33
0.3326
0.3305
0.3305
0.329
0.3258
0.3275
0.3296
0.3328
0.3283
0.3283
0.327
0.3281
0.3281
0.3324
0.3331
0.3331
0.3331
0.3331
0.3331
0.3331
0.3323
0.3323
0.3376
0.3376
0.3376
0.0919
0.0984
0.1016
0.1084
0.1173
0.1223
0.1283
0.1339
0.1392
0.1414
0.1448
0.1469
0.1552
0.1609
0.1633
0.1689
0.1728
0.1787
0.1837
0.1878
0.191
0.1958
0.1996
0.2074
0.2114
0.214
0.2198
0.2259
0.2278
0.2357
0.2406
0.2459
0.2533
0.2597
0.2625
0.2686
0.2744
0.2798
0.2828
0.2871
0.2927
0.2945
0.3017
0.3065
0.3132
0.3118
0.3195
0.325
0.3257
0.3338
0.3314
0.3297
0.3298
0.3313
0.3318
0.3234
0.3251
0.3347
0.3321
0.3282
0.3318
0.3288
0.323
0.3286
0.3368
0.3276
0.3261
0.3261
0.3261
0.3261
0.3286
0.3246
0.3224
0.33
0.3269
0.3376
0.3376
0.3284
0.3302
0.3337
0.3348
0.3328
0.3348
0.335
0.3321
0.3322
0.3322
0.3324
0.3331
0.3331
0.3331
0.3331
0.3331
0.3331
0.3304
0.3304
0.3376
0.3376
0.3376
0.0997
0.1046
0.109
0.1152
0.1185
0.1244
0.1293
0.1353
0.141
0.1436
0.1478
0.1542
0.1596
0.1651
0.1663
0.1723
0.1765
0.1838
0.1896
0.1941
0.1968
0.2012
0.2071
0.2119
0.2145
0.2167
0.2243
0.2304
0.2371
0.2416
0.2471
0.2511
0.2572
0.2637
0.2702
0.274
0.2753
0.281
0.2831
0.2894
0.2956
0.2988
0.3105
0.3133
0.3138
0.3247
0.327
0.325
0.328
0.3319
0.3323
0.3328
0.3317
0.3278
0.3376
0.3257
0.3258
0.3229
0.3276
0.3292
0.3267
0.325
0.3255
0.3372
0.3412
0.3339
0.3261
0.3261
0.3261
0.3261
0.3286
0.3246
0.3242
0.33
0.3257
0.327
0.327
0.3332
0.3332
0.3286
0.3348
0.333
0.3304
0.3304
0.3321
0.3322
0.3322
0.3355
0.3297
0.3286
0.3319
0.3211
0.3274
0.327
0.3322
0.3304
0.3372
0.3252
0.3379
0.1008
0.1104
0.1145
0.1171
0.1232
0.1285
0.1318
0.1364
0.1435
0.1476
0.1496
0.156
0.1622
0.1665
0.1694
0.1761
0.1807
0.1847
0.1932
0.198
0.2004
0.2068
0.2122
0.214
0.2191
0.2268
0.2298
0.2377
0.2473
0.2485
0.2548
0.2562
0.2633
0.2675
0.2739
0.2778
0.2829
0.2876
0.291
0.2964
0.2974
0.3015
0.3075
0.3223
0.3217
0.3262
0.3307
0.3228
0.3315
0.3317
0.336
0.3323
0.3368
0.3242
0.3238
0.3378
0.3332
0.3257
0.3362
0.3371
0.3278
0.3255
0.3256
0.333
0.3332
0.333
0.333
0.3291
0.3291
0.3266
0.3266
0.3266
0.3241
0.3319
0.3289
0.3289
0.3289
0.3275
0.3235
0.3258
0.3308
0.3286
0.3242
0.3304
0.3363
0.3267
0.3267
0.3339
0.3321
0.3321
0.3321
0.3321
0.3321
0.3278
0.3278
0.3278
0.3329
0.3329
0.336
0.1103
0.1178
0.1202
0.1246
0.1281
0.1316
0.138
0.1428
0.1476
0.1542
0.1575
0.162
0.1675
0.1706
0.1779
0.1799
0.1849
0.1904
0.1948
0.2001
0.2042
0.211
0.2136
0.2202
0.2234
0.2315
0.2351
0.2406
0.2484
0.2524
0.2562
0.2627
0.2707
0.2733
0.2766
0.2849
0.2861
0.2947
0.3005
0.307
0.3115
0.3101
0.3158
0.3228
0.3287
0.3252
0.3359
0.3359
0.336
0.3353
0.3355
0.3251
0.3449
0.3438
0.3259
0.3327
0.334
0.3295
0.3235
0.3242
0.3236
0.329
0.3333
0.332
0.336
0.3328
0.3247
0.3247
0.3267
0.3243
0.3257
0.3319
0.3359
0.325
0.325
0.325
0.3276
0.3236
0.3369
0.3348
0.3317
0.3308
0.3308
0.3308
0.33
0.33
0.33
0.326
0.326
0.3308
0.3282
0.3282
0.3282
0.3282
0.3282
0.3282
0.3282
0.3379
0.3382
0.1175
0.123
0.1219
0.1274
0.135
0.1347
0.1406
0.1473
0.152
0.1574
0.1624
0.1673
0.172
0.1775
0.1828
0.1877
0.1909
0.1936
0.1996
0.2067
0.2114
0.2162
0.2193
0.226
0.2298
0.2358
0.2395
0.2471
0.2528
0.2579
0.2633
0.2655
0.2764
0.279
0.2801
0.2869
0.2909
0.2989
0.299
0.3088
0.3094
0.3201
0.3162
0.3258
0.3271
0.3219
0.3381
0.3361
0.3388
0.3332
0.3318
0.3278
0.3288
0.3334
0.3341
0.3358
0.3274
0.3346
0.3294
0.3302
0.3263
0.3368
0.3311
0.3248
0.3339
0.3318
0.3318
0.3318
0.3267
0.3241
0.3305
0.3317
0.3317
0.3255
0.3312
0.3317
0.3302
0.3281
0.3342
0.322
0.3304
0.3288
0.3236
0.3274
0.3298
0.329
0.3326
0.3326
0.3326
0.3326
0.3326
0.3326
0.3326
0.3326
0.3297
0.3297
0.3331
0.3331
0.334
0.1202
0.1258
0.131
0.135
0.1395
0.142
0.1466
0.1549
0.1603
0.1641
0.1685
0.1764
0.1794
0.1854
0.1851
0.1918
0.1948
0.2026
0.2068
0.2106
0.2159
0.2199
0.2231
0.2304
0.235
0.2428
0.2416
0.2484
0.2582
0.264
0.2707
0.2706
0.2781
0.2816
0.2839
0.2912
0.2989
0.3054
0.3096
0.3152
0.3135
0.321
0.3259
0.3296
0.3368
0.3386
0.3427
0.3385
0.3308
0.3284
0.3345
0.339
0.3344
0.3351
0.3198
0.3322
0.3337
0.3359
0.3257
0.3275
0.3317
0.3256
0.3256
0.3357
0.3331
0.3383
0.33
0.33
0.3339
0.3245
0.3344
0.3283
0.3271
0.3332
0.3266
0.3347
0.3347
0.3356
0.3356
0.322
0.3299
0.3367
0.3236
0.3314
0.3318
0.3271
0.3271
0.3339
0.3339
0.3339
0.3339
0.3339
0.3339
0.3339
0.3297
0.3297
0.3331
0.3331
0.334
0.127
0.1345
0.1367
0.1402
0.1427
0.1446
0.1498
0.1549
0.1623
0.1691
0.1762
0.1797
0.185
0.1848
0.1898
0.1938
0.2003
0.2031
0.2101
0.217
0.2236
0.226
0.2312
0.2376
0.2439
0.248
0.2516
0.2585
0.2639
0.2723
0.2757
0.2755
0.2813
0.2865
0.2937
0.2951
0.3014
0.3064
0.3145
0.3208
0.3244
0.322
0.3258
0.3319
0.3405
0.3262
0.345
0.3334
0.3349
0.328
0.3303
0.3333
0.3365
0.3294
0.3222
0.333
0.336
0.3335
0.3367
0.332
0.3304
0.3289
0.3289
0.3265
0.3336
0.3217
0.3333
0.3333
0.3339
0.3245
0.3237
0.3265
0.3285
0.3243
0.3296
0.3296
0.3296
0.3296
0.3234
0.3246
0.3302
0.3367
0.3236
0.3344
0.3302
0.3339
0.3339
0.3249
0.3249
0.3249
0.3249
0.3249
0.3249
0.3249
0.3297
0.3297
0.322
0.322
0.3253
0.1324
0.1354
0.138
0.1436
0.1478
0.1512
0.1523
0.1582
0.1665
0.1726
0.1763
0.18
0.1857
0.1908
0.1982
0.2028
0.2056
0.2072
0.2134
0.221
0.2284
0.2306
0.2367
0.2412
0.2478
0.2519
0.2579
0.2619
0.2665
0.2702
0.2728
0.2794
0.2861
0.2905
0.2927
0.3004
0.304
0.3105
0.3246
0.3218
0.3304
0.3252
0.3314
0.3372
0.3324
0.335
0.3272
0.3322
0.3338
0.3361
0.3349
0.3396
0.3349
0.3314
0.3318
0.3296
0.3321
0.3364
0.3367
0.332
0.3307
0.3338
0.3262
0.3294
0.3279
0.3272
0.3368
0.329
0.3316
0.3274
0.3237
0.3312
0.3285
0.3243
0.3296
0.3296
0.3296
0.3296
0.3234
0.3246
0.3302
0.3367
0.3236
0.3253
0.3253
0.3253
0.3271
0.3271
0.3271
0.3271
0.3308
0.327
0.3229
0.3229
0.3229
0.3229
0.3349
0.3349
0.335
0.1363
0.1399
0.1433
0.1494
0.1542
0.1574
0.1614
0.1661
0.1732
0.1786
0.1807
0.1865
0.1913
0.1942
0.2008
0.2077
0.2126
0.2134
0.2191
0.227
0.2313
0.2369
0.2409
0.2468
0.2507
0.2574
0.2632
0.2684
0.2712
0.2761
0.2785
0.2846
0.2903
0.2934
0.2961
0.3089
0.309
0.3215
0.3282
0.331
0.3282
0.3339
0.3373
0.332
0.3343
0.332
0.3264
0.3314
0.3325
0.3309
0.3229
0.3299
0.3271
0.3286
0.3329
0.3348
0.3262
0.3288
0.3367
0.3347
0.325
0.3338
0.3286
0.3286
0.3279
0.3272
0.3238
0.3238
0.3247
0.3274
0.3291
0.3242
0.3313
0.3243
0.3296
0.3296
0.3296
0.3296
0.3234
0.3246
0.3351
0.3286
0.33
0.3253
0.3253
0.3253
0.3271
0.3271
0.3271
0.3271
0.3308
0.327
0.3229
0.3229
0.3229
0.3229
0.3349
0.3349
0.335
0.142
0.1468
0.1507
0.1513
0.1561
0.1624
0.1646
0.172
0.1757
0.1807
0.1877
0.1918
0.1984
0.2017
0.2084
0.2166
0.2209
0.2231
0.2267
0.2306
0.236
0.2401
0.2497
0.2541
0.2561
0.2621
0.2659
0.2736
0.277
0.2781
0.2834
0.2935
0.2924
0.2957
0.307
0.3114
0.3162
0.3247
0.3317
0.3366
0.3365
0.3371
0.3257
0.335
0.331
0.3345
0.3309
0.3242
0.3293
0.3246
0.3337
0.3351
0.3314
0.3328
0.3333
0.3348
0.3281
0.3301
0.3275
0.3256
0.3257
0.3243
0.3324
0.3324
0.3329
0.3272
0.3238
0.3238
0.3262
0.3328
0.3291
0.3311
0.3313
0.3243
0.3292
0.3292
0.3292
0.3292
0.3292
0.3303
0.3351
0.3286
0.33
0.3253
0.3253
0.3253
0.3271
0.3271
0.3271
0.3271
0.3308
0.327
0.3229
0.3229
0.3229
0.3229
0.3349
0.3349
0.335
0.1493
0.153
0.159
0.1599
0.165
0.1679
0.1722
0.1749
0.1815
0.1875
0.1919
0.1958
0.2037
0.2081
0.2143
0.2223
0.2275
0.2292
0.2313
0.2393
0.2451
0.248
0.2534
0.2537
0.2616
0.2678
0.2713
0.2789
0.2845
0.2865
0.2916
0.2999
0.2975
0.2995
0.3125
0.3178
0.3177
0.3267
0.3294
0.3319
0.3335
0.3387
0.3343
0.3354
0.3332
0.3309
0.3357
0.3243
0.3262
0.3261
0.3319
0.3274
0.3385
0.3343
0.3231
0.3348
0.3317
0.3336
0.3275
0.3256
0.3257
0.3246
0.3246
0.3246
0.3299
0.3272
0.325
0.3294
0.3229
0.3271
0.333
0.3283
0.3337
0.3297
0.3325
0.3325
0.3325
0.3325
0.3325
0.3268
0.338
0.3286
0.33
0.3253
0.3253
0.3253
0.3318
0.3318
0.3318
0.3315
0.3308
0.327
0.3229
0.3229
0.3229
0.3229
0.3349
0.3349
0.335
0.1526
0.1584
0.1639
0.1663
0.1707
0.1715
0.1763
0.1812
0.1846
0.1915
0.1964
0.1998
0.2064
0.2118
0.2167
0.2244
0.2273
0.2282
0.2359
0.2422
0.2449
0.2516
0.2563
0.2605
0.2693
0.2759
0.2768
0.284
0.2859
0.2877
0.2983
0.3
0.3009
0.3098
0.3108
0.3227
0.326
0.3286
0.3378
0.3304
0.3402
0.3406
0.3337
0.3381
0.33
0.3309
0.3383
0.3271
0.3287
0.323
0.3242
0.3299
0.3258
0.3366
0.3266
0.3254
0.326
0.331
0.3301
0.3322
0.33
0.3352
0.3296
0.3223
0.3345
0.3241
0.3319
0.3319
0.3319
0.3319
0.325
0.3283
0.3346
0.3297
0.3371
0.3371
0.3371
0.3371
0.3371
0.3268
0.3269
0.3286
0.33
0.3253
0.3253
0.3253
0.3318
0.3318
0.3318
0.3315
0.3308
0.327
0.3229
0.3229
0.3229
0.3229
0.3349
0.3349
0.335
0.1563
0.1618
0.1673
0.1697
0.1731
0.1758
0.181
0.1864
0.1899
0.1977
0.2015
0.2048
0.2089
0.2143
0.222
0.2273
0.2326
0.233
0.2429
0.2499
0.251
0.2534
0.2581
0.2612
0.2738
0.2783
0.2842
0.2866
0.2926
0.2911
0.2942
0.3063
0.3115
0.3157
0.3104
0.3277
0.3336
0.3319
0.3357
0.3372
0.3418
0.3319
0.3345
0.3308
0.3255
0.3313
0.3341
0.335
0.33
0.3367
0.3273
0.3281
0.3345
0.3357
0.3266
0.3315
0.326
0.3244
0.3307
0.3225
0.33
0.3258
0.3288
0.3309
0.3309
0.3322
0.3319
0.3319
0.3319
0.3319
0.3289
0.3283
0.3315
0.3297
0.3371
0.3371
0.3371
0.3371
0.3371
0.3254
0.3269
0.3286
0.33
0.3253
0.3253
0.3253
0.3318
0.3318
0.3318
0.3315
0.3308
0.327
0.3229
0.3229
0.3229
0.3229
0.3349
0.3349
0.335
0.164
0.1678
0.175
0.1771
0.1809
0.1817
0.1943
0.1918
0.1974
0.203
0.207
0.2108
0.2154
0.2247
0.2327
0.2337
0.239
0.2413
0.2488
0.2544
0.2575
0.2612
0.2656
0.269
0.28
0.2824
0.2859
0.2939
0.3004
0.3092
0.3058
0.313
0.3204
0.3208
0.3239
0.3344
0.3386
0.3299
0.3267
0.3315
0.3318
0.3298
0.3399
0.3305
0.3371
0.3345
0.3293
0.3376
0.3287
0.3348
0.3339
0.3289
0.3291
0.3357
0.3249
0.3326
0.326
0.3227
0.3225
0.3325
0.329
0.3258
0.3328
0.3292
0.3292
0.3322
0.332
0.332
0.332
0.332
0.3256
0.3267
0.3314
0.3297
0.3371
0.3371
0.3371
0.3371
0.3371
0.3264
0.3269
0.3286
0.33
0.3253
0.3253
0.3253
0.3318
0.3318
0.3318
0.3315
0.3316
0.3316
0.3316
0.3316
0.3316
0.3316
0.3349
0.3349
0.335
0.1703
0.1731
0.1808
0.1801
0.1827
0.1853
0.1939
0.1978
0.202
0.2063
0.2115
0.2176
0.2237
0.2336
0.2389
0.2387
0.244
0.2462
0.2531
0.261
0.261
0.2657
0.2684
0.273
0.2817
0.2878
0.2936
0.3002
0.3027
0.3107
0.3113
0.3108
0.3205
0.3213
0.3309
0.3369
0.3327
0.3286
0.3351
0.3284
0.3391
0.3334
0.34
0.3233
0.3208
0.3257
0.3324
0.3286
0.3301
0.3266
0.3336
0.3292
0.325
0.3274
0.326
0.3324
0.326
0.3237
0.3282
0.3294
0.329
0.3303
0.3328
0.3292
0.3292
0.3322
0.332
0.332
0.332
0.332
0.3357
0.3267
0.3353
0.3297
0.3371
0.3371
0.3371
0.3371
0.3371
0.3235
0.3269
0.3286
0.3267
0.3253
0.3253
0.3253
0.3318
0.3318
0.3318
0.3315
0.3316
0.3316
0.3316
0.3316
0.3316
0.3316
0.3349
0.3349
0.335
0.1764
0.1776
0.1852
0.1873
0.1905
0.1913
0.1982
0.2046
0.2066
0.2112
0.2185
0.2249
0.2286
0.2367
0.2392
0.2446
0.2545
0.255
0.2567
0.2664
0.2671
0.2684
0.2747
0.2815
0.287
0.2903
0.2962
0.3046
0.3088
0.3154
0.3133
0.3213
0.3224
0.3236
0.3348
0.3339
0.3278
0.3326
0.3248
0.3348
0.3393
0.3337
0.3327
0.3352
0.333
0.3275
0.336
0.3309
0.3404
0.3275
0.3265
0.3291
0.3232
0.3315
0.3272
0.3313
0.3239
0.328
0.3282
0.3286
0.329
0.3322
0.3322
0.3322
0.3322
0.3256
0.332
0.332
0.332
0.332
0.3357
0.3261
0.3347
0.3297
0.3371
0.3371
0.3371
0.3371
0.3371
0.3324
0.3322
0.3323
0.3267
0.3253
0.3253
0.3253
0.3318
0.3318
0.3318
0.3315
0.3316
0.3316
0.3316
0.3316
0.3316
0.3316
0.3349
0.3349
0.335
0.1783
0.1801
0.1859
0.1876
0.1929
0.1963
0.2019
0.2058
0.2097
0.2111
0.2232
0.2273
0.2315
0.2387
0.2431
0.2499
0.2596
0.2608
0.2672
0.2694
0.2679
0.269
0.2794
0.2835
0.2904
0.2992
0.3022
0.3059
0.3178
0.3147
0.3205
0.3275
0.3286
0.328
0.3325
0.3325
0.3326
0.3401
0.3349
0.3342
0.332
0.3278
0.3323
0.331
0.3311
0.3385
0.3403
0.33
0.3312
0.3353
0.3322
0.3363
0.3249
0.3285
0.3388
0.325
0.3288
0.328
0.3282
0.3279
0.3235
0.3211
0.3211
0.3211
0.3211
0.3211
0.332
0.332
0.332
0.332
0.3357
0.3249
0.3347
0.3297
0.3371
0.3371
0.3371
0.3371
0.3371
0.3324
0.322
0.3323
0.3267
0.3253
0.3253
0.3253
0.3318
0.3318
0.3318
0.3315
0.3316
0.3316
0.3316
0.3316
0.3316
0.3316
0.3349
0.3349
0.335
0.1842
0.1874
0.1896
0.1929
0.2006
0.2002
0.2067
0.2088
0.2143
0.2168
0.2271
0.2349
0.2388
0.2453
0.2483
0.2547
0.265
0.2694
0.271
0.2733
0.2729
0.2777
0.2867
0.2883
0.2951
0.3052
0.3088
0.3068
0.3202
0.3204
0.3197
0.3288
0.3331
0.332
0.337
0.3339
0.3315
0.3332
0.3318
0.3352
0.3366
0.3292
0.3369
0.33
0.3336
0.3272
0.3385
0.3386
0.3296
0.3315
0.3317
0.3288
0.3254
0.3248
0.3281
0.3247
0.3262
0.3262
0.3262
0.3262
0.3252
0.3327
0.3327
0.3327
0.3287
0.325
0.325
0.3346
0.3346
0.3331
0.3286
0.335
0.3244
0.3315
0.3234
0.3234
0.3234
0.3234
0.3328
0.3333
0.3343
0.3275
0.3345
0.3355
0.3355
0.3355
0.3355
0.3318
0.3283
0.3283
0.3245
0.3245
0.3296
0.3296
0.3262
0.3262
0.3262
0.3262
0.3262
0.1857
0.1897
0.1947
0.1955
0.2013
0.2018
0.2117
0.2145
0.2172
0.2213
0.2305
0.2326
0.2376
0.2471
0.2507
0.2603
0.265
0.2695
0.2715
0.2764
0.2815
0.2797
0.2849
0.2944
0.2984
0.305
0.3181
0.3115
0.3218
0.3227
0.3298
0.335
0.3266
0.3341
0.3388
0.3382
0.3301
0.3414
0.3379
0.334
0.3384
0.3283
0.3372
0.3329
0.3377
0.3338
0.3293
0.3314
0.337
0.333
0.3358
0.3291
0.3291
0.3265
0.3334
0.3234
0.3262
0.3262
0.3262
0.3262
0.328
0.3293
0.3344
0.3344
0.3344
0.3258
0.3258
0.3288
0.3288
0.3288
0.333
0.3305
0.3244
0.3311
0.3299
0.3299
0.323
0.3309
0.3333
0.3267
0.3343
0.3297
0.3345
0.3355
0.3355
0.3355
0.3355
0.3273
0.3273
0.3273
0.3377
0.3377
0.3377
0.3377
0.3209
0.3209
0.3209
0.3209
0.3209
0.1921
0.1952
0.2011
0.2077
0.2104
0.2175
0.223
0.2238
0.2253
0.2344
0.2371
0.2429
0.2497
0.251
0.2572
0.2634
0.2674
0.2682
0.273
0.2772
0.2837
0.289
0.2947
0.3046
0.3064
0.3157
0.3202
0.3221
0.3246
0.332
0.3326
0.3337
0.3309
0.3322
0.3386
0.3317
0.3354
0.333
0.332
0.3212
0.3309
0.3326
0.3307
0.3311
0.3299
0.3295
0.3284
0.339
0.3346
0.3322
0.3364
0.3246
0.3267
0.3267
0.3255
0.3292
0.3262
0.3374
0.3304
0.3324
0.3306
0.3327
0.3327
0.3251
0.3251
0.3274
0.3225
0.3225
0.3225
0.3362
0.3333
0.3333
0.328
0.3294
0.3294
0.33
0.33
0.33
0.33
0.3287
0.3287
0.324
0.324
0.3296
0.3296
0.3296
0.3296
0.3296
0.3296
0.3296
0.3252
0.3252
0.3252
0.3277
0.3277
0.3277
0.3277
0.3277
0.3277
0.1954
0.1984
0.2067
0.2098
0.2137
0.2189
0.2234
0.228
0.2275
0.2369
0.2419
0.2442
0.2482
0.2579
0.263
0.2686
0.2732
0.2739
0.2799
0.2804
0.2862
0.2929
0.2956
0.3018
0.3094
0.3172
0.3173
0.3254
0.3288
0.335
0.3309
0.3311
0.3388
0.3341
0.3267
0.3292
0.3364
0.3263
0.3313
0.3339
0.3345
0.3332
0.3333
0.3203
0.3314
0.3301
0.3284
0.3348
0.3348
0.3302
0.3329
0.3331
0.3267
0.3267
0.329
0.3335
0.3374
0.3323
0.3231
0.3324
0.3307
0.3328
0.3328
0.3292
0.3292
0.3274
0.3225
0.3225
0.3225
0.3362
0.3333
0.3333
0.328
0.3294
0.3294
0.3221
0.3221
0.3221
0.3221
0.3221
0.3221
0.324
0.324
0.3296
0.3296
0.3296
0.3296
0.3296
0.3296
0.3296
0.3252
0.3252
0.3252
0.3277
0.3277
0.3277
0.3277
0.3277
0.3277
0.2041
0.2084
0.209
0.214
0.2182
0.2233
0.227
0.2287
0.2339
0.245
0.2497
0.2504
0.2567
0.2618
0.2648
0.2686
0.2755
0.2816
0.2863
0.2921
0.2976
0.2973
0.3072
0.3122
0.3191
0.3263
0.3267
0.3259
0.3296
0.335
0.328
0.3428
0.3302
0.328
0.3292
0.3337
0.3327
0.333
0.328
0.3265
0.3309
0.3355
0.3382
0.328
0.3366
0.3259
0.3318
0.332
0.3376
0.3295
0.3357
0.3319
0.3265
0.3241
0.3285
0.3272
0.3327
0.328
0.3294
0.3274
0.3307
0.3328
0.3328
0.3292
0.3292
0.3274
0.3225
0.3225
0.3225
0.3362
0.3304
0.3304
0.3304
0.3305
0.3305
0.3221
0.3221
0.3221
0.3221
0.3221
0.3221
0.324
0.324
0.3316
0.3316
0.3277
0.3277
0.3266
0.3266
0.3266
0.3266
0.3266
0.3266
0.3266
0.3266
0.3266
0.3266
0.3266
0.3266
0.2108
0.2137
0.2179
0.2242
0.2276
0.2301
0.2346
0.2356
0.2424
0.2472
0.25
0.2582
0.2631
0.2674
0.2755
0.2778
0.2764
0.2874
0.2941
0.2975
0.2987
0.306
0.3052
0.3159
0.3182
0.3244
0.327
0.3336
0.3351
0.3339
0.3338
0.3356
0.3313
0.3238
0.3327
0.3312
0.3324
0.3308
0.3292
0.3313
0.3342
0.3276
0.3239
0.3279
0.3362
0.3261
0.3314
0.3334
0.3376
0.3335
0.327
0.3283
0.3308
0.3288
0.3247
0.328
0.3335
0.3272
0.3246
0.3274
0.3307
0.3328
0.3328
0.3292
0.3292
0.3214
0.3214
0.3214
0.3214
0.3362
0.3304
0.3304
0.3304
0.3305
0.3305
0.3277
0.3277
0.3277
0.3277
0.3277
0.3277
0.324
0.324
0.3316
0.3316
0.3277
0.3277
0.3266
0.3266
0.3266
0.3266
0.3266
0.3266
0.3266
0.3266
0.3266
0.3266
0.3266
0.3266
0.2085
0.2104
0.2171
0.2229
0.2314
0.2335
0.239
0.2417
0.2469
0.2525
0.2526
0.2631
0.2704
0.2755
0.2827
0.2822
0.288
0.2932
0.298
0.3029
0.3119
0.3127
0.3157
0.3207
0.3156
0.3242
0.3326
0.3336
0.3291
0.3262
0.3326
0.3297
0.3286
0.3315
0.3282
0.3245
0.3328
0.3328
0.3347
0.3373
0.3326
0.3314
0.3381
0.3214
0.3277
0.3303
0.3232
0.326
0.326
0.3289
0.3325
0.327
0.3304
0.3346
0.3346
0.3296
0.3395
0.3391
0.3329
0.3315
0.3262
0.3328
0.3328
0.3292
0.3292
0.3214
0.3214
0.3214
0.3214
0.3259
0.3304
0.3304
0.3304
0.3305
0.3305
0.3277
0.3277
0.3277
0.3277
0.3277
0.3277
0.324
0.324
0.3251
0.3251
0.3251
0.3251
0.3211
0.3211
0.3211
0.3211
0.3211
0.3211
0.3211
0.3211
0.3299
0.3299
0.3299
0.3299
0.2101
0.221
0.2206
0.2292
0.233
0.2444
0.2402
0.2464
0.2489
0.256
0.2591
0.2684
0.2704
0.2758
0.2796
0.2865
0.298
0.2939
0.3013
0.3092
0.3109
0.3171
0.3147
0.3225
0.3285
0.3231
0.3391
0.3327
0.3399
0.3337
0.323
0.3299
0.3316
0.3293
0.3299
0.3325
0.3338
0.3314
0.3328
0.3349
0.3377
0.3318
0.3304
0.3368
0.3324
0.328
0.3267
0.333
0.3377
0.3377
0.3271
0.3243
0.3318
0.324
0.3293
0.3293
0.3293
0.3292
0.3316
0.3202
0.33
0.33
0.3315
0.3303
0.3271
0.3214
0.3214
0.3214
0.3214
0.3243
0.3264
0.3264
0.3293
0.3293
0.3293
0.3277
0.3277
0.3277
0.3277
0.3277
0.3277
0.324
0.324
0.3251
0.3251
0.3251
0.3251
0.3211
0.3211
0.3211
0.3211
0.3211
0.3211
0.3211
0.3211
0.3299
0.3299
0.3299
0.3299
0.2162
0.2288
0.2336
0.2386
0.2414
0.2447
0.2466
0.251
0.2556
0.2625
0.2667
0.2719
0.2794
0.283
0.285
0.2915
0.294
0.2975
0.3028
0.3165
0.3121
0.3192
0.3183
0.3253
0.3297
0.3391
0.3327
0.3373
0.3366
0.3355
0.3281
0.3312
0.3282
0.3398
0.3354
0.3311
0.3302
0.3381
0.3382
0.3335
0.3231
0.3231
0.3231
0.3305
0.3307
0.3307
0.3264
0.3306
0.3368
0.3368
0.3285
0.3286
0.3217
0.3359
0.3293
0.3293
0.3293
0.3292
0.3245
0.3202
0.3306
0.3311
0.3308
0.3324
0.3324
0.3214
0.3214
0.3214
0.3214
0.3326
0.3264
0.3264
0.3318
0.3331
0.3331
0.3277
0.3277
0.3277
0.3277
0.3277
0.3277
0.324
0.324
0.3251
0.3251
0.3251
0.3251
0.3211
0.3211
0.3211
0.3211
0.3211
0.3211
0.3211
0.3211
0.3299
0.3299
0.3299
0.3299
0.224
0.2336
0.2345
0.2383
0.2449
0.2539
0.2492
0.2617
0.2601
0.2648
0.2718
0.2815
0.284
0.2915
0.2957
0.3007
0.3081
0.3144
0.3154
0.3121
0.3235
0.3233
0.329
0.3283
0.3328
0.3264
0.3425
0.3324
0.3318
0.3328
0.3318
0.3344
0.327
0.3332
0.3299
0.3288
0.3295
0.3229
0.3311
0.3228
0.3226
0.3388
0.3291
0.328
0.3307
0.3307
0.3264
0.3274
0.3232
0.3312
0.3284
0.3247
0.3247
0.3266
0.3359
0.3354
0.335
0.3336
0.3289
0.3212
0.3306
0.336
0.3324
0.3266
0.3266
0.3214
0.3214
0.3214
0.3214
0.3326
0.3264
0.3264
0.3318
0.3331
0.3331
0.3277
0.3277
0.3277
0.3277
0.3277
0.3277
0.324
0.324
0.3251
0.3251
0.3251
0.3251
0.3211
0.3211
0.3211
0.3211
0.3211
0.3211
0.3211
0.3211
0.3299
0.3299
0.3299
0.3299
0.2333
0.2384
0.243
0.2429
0.2506
0.2566
0.2614
0.2621
0.2642
0.2683
0.2763
0.2831
0.2839
0.2952
0.2918
0.3009
0.3056
0.313
0.319
0.3219
0.324
0.334
0.3344
0.3324
0.3369
0.3403
0.3241
0.3392
0.3363
0.3312
0.3311
0.3398
0.3332
0.3294
0.3305
0.3373
0.3293
0.3287
0.3219
0.3219
0.3283
0.3314
0.329
0.3313
0.3302
0.3288
0.3246
0.3319
0.3248
0.3251
0.3362
0.3347
0.3216
0.3216
0.3327
0.337
0.3313
0.3294
0.3319
0.3324
0.3276
0.3301
0.3301
0.3301
0.3301
0.3301
0.3301
0.3301
0.3301
0.328
0.328
0.328
0.3243
0.3243
0.3237
0.3237
0.3237
0.3237
0.3237
0.3237
0.3237
0.3297
0.3297
0.3297
0.3297
0.3245
0.3245
0.3267
0.3301
0.3301
0.3301
0.3301
0.3228
0.3228
0.3283
0.3276
0.3276
0.3276
0.3276
0.2367
0.2421
0.25
0.2517
0.2554
0.258
0.2609
0.2666
0.2704
0.2798
0.2885
0.2887
0.2938
0.2992
0.303
0.3132
0.3184
0.318
0.3215
0.3241
0.3276
0.3327
0.3305
0.3332
0.3334
0.3331
0.3383
0.3366
0.3292
0.3297
0.3224
0.3418
0.3327
0.3286
0.3335
0.338
0.3335
0.3315
0.3296
0.3334
0.3325
0.3307
0.3254
0.3305
0.3318
0.3348
0.3313
0.3323
0.3323
0.3352
0.3352
0.3352
0.3352
0.3282
0.3345
0.3318
0.3306
0.3259
0.3253
0.3341
0.3309
0.3378
0.3332
0.3332
0.3332
0.3359
0.3359
0.3359
0.3359
0.3356
0.3356
0.3356
0.3321
0.3277
0.3261
0.3263
0.3263
0.3263
0.3263
0.332
0.3348
0.3247
0.3247
0.3247
0.3247
0.3247
0.3247
0.3247
0.3247
0.3247
0.3247
0.3247
0.3247
0.3247
0.3247
0.3247
0.3247
0.3337
0.3387
0.2422
0.2488
0.2481
0.2508
0.2605
0.2709
0.2738
0.2733
0.2764
0.2883
0.2886
0.2957
0.2946
0.3028
0.3096
0.3157
0.324
0.3225
0.3257
0.3248
0.3268
0.3317
0.3314
0.3293
0.3321
0.3267
0.3291
0.3288
0.3274
0.3317
0.3352
0.3246
0.3332
0.337
0.3287
0.3316
0.3371
0.337
0.3231
0.3243
0.339
0.3307
0.3323
0.3338
0.3337
0.3337
0.3311
0.3307
0.3369
0.3352
0.3352
0.3352
0.3352
0.3368
0.3259
0.3318
0.3335
0.3259
0.3258
0.3258
0.3258
0.3332
0.3332
0.3332
0.3332
0.3359
0.3359
0.3359
0.3359
0.3356
0.3356
0.3356
0.3272
0.3277
0.3261
0.3263
0.3263
0.3263
0.3263
0.332
0.3348
0.3247
0.3247
0.3247
0.3247
0.3247
0.3247
0.3247
0.3247
0.3247
0.3247
0.3247
0.3247
0.3247
0.3247
0.3247
0.3247
0.3337
0.3387
0.2494
0.2557
0.2589
0.261
0.2671
0.271
0.2747
0.2803
0.2827
0.2874
0.2849
0.2914
0.304
0.3115
0.3186
0.3242
0.3287
0.3284
0.3282
0.3319
0.3349
0.3366
0.3321
0.332
0.3371
0.3339
0.3318
0.3297
0.3262
0.3269
0.3294
0.327
0.3263
0.3235
0.3227
0.3259
0.3359
0.337
0.3231
0.3384
0.3322
0.3307
0.3323
0.3335
0.3318
0.3318
0.333
0.3316
0.329
0.3352
0.3352
0.3352
0.3352
0.3324
0.3259
0.3318
0.3335
0.3259
0.3258
0.3258
0.3258
0.3332
0.3332
0.3332
0.3332
0.3359
0.3359
0.3359
0.3359
0.3356
0.3356
0.3356
0.3272
0.3271
0.3261
0.3263
0.3263
0.3263
0.3263
0.332
0.3348
0.3247
0.3247
0.3247
0.3247
0.3247
0.3247
0.3247
0.3247
0.3247
0.3247
0.3247
0.3247
0.3247
0.3247
0.3247
0.3247
0.3337
0.3387
0.256
0.2604
0.2625
0.2708
0.2737
0.2836
0.2813
0.286
0.2936
0.3029
0.3006
0.3034
0.3011
0.3156
0.3244
0.3257
0.323
0.3251
0.3339
0.3313
0.3241
0.3339
0.3398
0.3447
0.3282
0.3341
0.3359
0.3404
0.3318
0.3336
0.3344
0.3323
0.3308
0.3323
0.3326
0.3286
0.3331
0.3398
0.3235
0.3351
0.3395
0.3313
0.3261
0.3315
0.325
0.3352
0.3299
0.3276
0.3276
0.3352
0.3352
0.3352
0.3352
0.3333
0.3286
0.3318
0.3292
0.3259
0.3258
0.3258
0.3258
0.3332
0.3332
0.3332
0.3332
0.3359
0.3359
0.3359
0.3359
0.3356
0.3356
0.3356
0.3272
0.3271
0.3398
0.3393
0.3393
0.3268
0.3268
0.332
0.3348
0.3247
0.3247
0.3247
0.3247
0.3247
0.3247
0.3247
0.3247
0.3247
0.3247
0.3247
0.3247
0.3247
0.3247
0.3247
0.3247
0.3337
0.3387
0.2632
0.2673
0.2742
0.2784
0.2817
0.2858
0.2886
0.2983
0.2972
0.3011
0.3068
0.3133
0.3166
0.3226
0.3243
0.3267
0.3308
0.3317
0.3367
0.3357
0.335
0.3238
0.3308
0.3363
0.3289
0.3414
0.3345
0.3327
0.3363
0.3278
0.3271
0.3276
0.331
0.3327
0.3425
0.3246
0.3307
0.3324
0.3252
0.3364
0.3364
0.3313
0.3282
0.3315
0.3246
0.3339
0.3299
0.3285
0.3285
0.3285
0.3271
0.3345
0.3345
0.327
0.327
0.327
0.327
0.3283
0.3258
0.3258
0.3258
0.3332
0.3332
0.3332
0.3332
0.3359
0.3359
0.3359
0.3359
0.3356
0.3356
0.3356
0.3272
0.3271
0.3398
0.3393
0.3393
0.3268
0.3268
0.332
0.3291
0.3247
0.3247
0.3247
0.3247
0.3247
0.3247
0.3247
0.3247
0.3247
0.3247
0.3247
0.3247
0.3247
0.3247
0.3247
0.3247
0.3266
0.3266
0.2765
0.2818
0.2849
0.2891
0.2906
0.2971
0.3016
0.2965
0.3042
0.3109
0.316
0.3219
0.318
0.3263
0.329
0.3342
0.3393
0.3366
0.3413
0.3349
0.3233
0.3257
0.3401
0.3289
0.3319
0.3367
0.3329
0.3388
0.3295
0.3278
0.3321
0.3238
0.3398
0.3307
0.3312
0.3355
0.3296
0.3303
0.3252
0.3322
0.3328
0.3272
0.3288
0.3288
0.3297
0.3297
0.3297
0.3318
0.3302
0.3302
0.3302
0.3254
0.3309
0.3277
0.3371
0.3371
0.3309
0.3283
0.3258
0.3258
0.3258
0.3332
0.3332
0.3332
0.3332
0.3359
0.3359
0.3359
0.3359
0.3356
0.3356
0.3356
0.3362
0.3362
0.3362
0.3362
0.3362
0.3362
0.3362
0.3362
0.3309
0.3247
0.3247
0.3247
0.3247
0.3247
0.3247
0.3247
0.3247
0.3247
0.3247
0.3247
0.3247
0.3247
0.3247
0.3247
0.3247
0.3266
0.3266
0.2778
0.2817
0.2845
0.2931
0.2946
0.2975
0.2972
0.2999
0.3153
0.3224
0.3122
0.3214
0.3265
0.3266
0.3357
0.3333
0.3294
0.3301
0.3369
0.3366
0.3262
0.3331
0.3331
0.3282
0.3366
0.3329
0.3313
0.3284
0.339
0.3307
0.3288
0.3343
0.3328
0.3313
0.3277
0.3241
0.3322
0.3256
0.3273
0.3323
0.3308
0.33
0.3245
0.3281
0.3305
0.3305
0.3305
0.334
0.3302
0.3302
0.3302
0.3371
0.3371
0.3371
0.3371
0.3371
0.3256
0.3286
0.3258
0.3258
0.3258
0.3317
0.3295
0.3295
0.3295
0.3322
0.3322
0.3322
0.3322
0.3356
0.3356
0.3356
0.3362
0.3362
0.3362
0.3362
0.3362
0.3362
0.3362
0.3362
0.3309
0.3247
0.3247
0.3247
0.3247
0.3247
0.3247
0.3247
0.3247
0.3247
0.3247
0.3247
0.3247
0.3247
0.3247
0.3247
0.3247
0.3266
0.3266
0.2819
0.2839
0.2882
0.2938
0.2909
0.3102
0.2979
0.3014
0.3097
0.3154
0.3154
0.3236
0.3255
0.3312
0.3217
0.334
0.3311
0.3282
0.3236
0.3261
0.3365
0.3259
0.3214
0.3292
0.3313
0.3312
0.3251
0.3383
0.3363
0.3307
0.3254
0.331
0.3354
0.3326
0.3274
0.322
0.3295
0.3295
0.3321
0.3323
0.3262
0.3267
0.3362
0.3298
0.3297
0.3297
0.3305
0.3305
0.3336
0.3336
0.3336
0.3268
0.3339
0.3339
0.3326
0.3326
0.3277
0.3277
0.3277
0.3221
0.3221
0.3242
0.3242
0.3242
0.3242
0.3268
0.3256
0.3256
0.3256
0.3256
0.3256
0.3256
0.3216
0.3216
0.3216
0.3216
0.3216
0.3216
0.3216
0.3216
0.3216
0.3374
0.3305
0.3275
0.3275
0.3275
0.3275
0.327
0.327
0.327
0.3307
0.3307
0.3307
0.3307
0.3307
0.3307
0.3352
0.3352
0.3303
0.2842
0.2822
0.2832
0.2935
0.2968
0.3076
0.3091
0.3069
0.3172
0.3224
0.3201
0.3329
0.3275
0.3262
0.3303
0.3382
0.3249
0.34
0.3414
0.3362
0.3336
0.326
0.3296
0.3258
0.3413
0.3228
0.3302
0.3333
0.3253
0.3308
0.3254
0.3263
0.3266
0.3323
0.3289
0.3253
0.3253
0.3326
0.3326
0.3324
0.3267
0.3267
0.3362
0.3298
0.3297
0.3297
0.3305
0.3305
0.3337
0.3337
0.3337
0.3321
0.3339
0.3339
0.3326
0.3326
0.3277
0.3277
0.3277
0.3221
0.3221
0.3242
0.3242
0.3242
0.3242
0.3268
0.3256
0.3256
0.3256
0.3256
0.3256
0.3256
0.3216
0.3216
0.3216
0.3216
0.3216
0.3216
0.3216
0.3216
0.3216
0.3374
0.3305
0.3275
0.3275
0.3275
0.3275
0.327
0.327
0.327
0.3217
0.3217
0.3217
0.3217
0.3217
0.3217
0.3352
0.3352
0.3303
0.2918
0.2896
0.2956
0.298
0.3115
0.3182
0.3185
0.3165
0.3192
0.3314
0.3261
0.3258
0.3305
0.3354
0.3308
0.3311
0.3315
0.3297
0.3251
0.3287
0.3276
0.3285
0.3267
0.3217
0.3313
0.3299
0.3317
0.3228
0.3315
0.3315
0.3331
0.3322
0.3305
0.3322
0.3322
0.3301
0.3273
0.3326
0.3326
0.3339
0.334
0.333
0.3304
0.3304
0.3304
0.3304
0.3304
0.3304
0.3304
0.3309
0.3309
0.3309
0.3309
0.3309
0.3319
0.3319
0.3319
0.333
0.3339
0.3221
0.3221
0.3242
0.3242
0.3242
0.3242
0.3268
0.3256
0.3256
0.3256
0.3256
0.3256
0.3256
0.3216
0.3216
0.3216
0.3216
0.3216
0.3216
0.3216
0.3216
0.3216
0.3374
0.3305
0.3275
0.3275
0.3275
0.3275
0.327
0.327
0.327
0.3217
0.3217
0.3217
0.3217
0.3217
0.3217
0.3352
0.3352
0.3303
0.2934
0.3049
0.298
0.3065
0.3141
0.3167
0.3189
0.3197
0.3215
0.3341
0.3366
0.3264
0.3265
0.3245
0.3249
0.3256
0.3356
0.333
0.334
0.3296
0.3229
0.3356
0.3346
0.3331
0.3376
0.3311
0.3326
0.3328
0.3328
0.3324
0.3316
0.336
0.3248
0.3297
0.3347
0.3333
0.325
0.3381
0.3381
0.3284
0.334
0.333
0.3304
0.3304
0.3304
0.3304
0.3304
0.3304
0.3304
0.333
0.3297
0.3297
0.3297
0.3297
0.3362
0.3362
0.3362
0.333
0.3339
0.3275
0.3275
0.3275
0.3245
0.3292
0.3292
0.3327
0.325
0.325
0.325
0.3258
0.329
0.329
0.3216
0.3216
0.3216
0.3216
0.3216
0.3216
0.3216
0.3216
0.3216
0.3269
0.3269
0.3275
0.3275
0.3275
0.3275
0.327
0.327
0.327
0.3217
0.3217
0.3217
0.3217
0.3217
0.3217
0.3352
0.3352
0.3303
0.2973
0.305
0.3001
0.3072
0.3158
0.3239
0.3276
0.3286
0.3277
0.3347
0.3288
0.3291
0.3363
0.3245
0.3308
0.3293
0.3212
0.3287
0.3396
0.3342
0.3397
0.3301
0.3356
0.3346
0.3287
0.3283
0.3337
0.3373
0.3328
0.3324
0.3316
0.3296
0.3306
0.3288
0.3288
0.3288
0.3292
0.3216
0.3343
0.3252
0.3318
0.3318
0.3304
0.3304
0.3304
0.3304
0.3304
0.3304
0.3304
0.333
0.3297
0.3297
0.3297
0.3297
0.3362
0.3362
0.3362
0.3226
0.3339
0.3275
0.3275
0.3275
0.3245
0.3292
0.3292
0.3327
0.326
0.326
0.326
0.3244
0.329
0.329
0.3272
0.3272
0.3272
0.3272
0.3272
0.3272
0.3272
0.3238
0.3238
0.3335
0.3337
0.3313
0.3251
0.3251
0.3251
0.327
0.327
0.327
0.3217
0.3217
0.3217
0.3217
0.3217
0.3217
0.3352
0.3352
0.3303
0.3039
0.3042
0.3107
0.3099
0.322
0.3243
0.328
0.3273
0.3283
0.3268
0.3325
0.3285
0.3342
0.3345
0.3485
0.33
0.3319
0.3208
0.3347
0.3307
0.3283
0.3306
0.3315
0.3315
0.3325
0.338
0.3284
0.3212
0.3281
0.3334
0.3333
0.3233
0.3323
0.3275
0.3275
0.3253
0.3301
0.3238
0.3315
0.3276
0.3276
0.3276
0.3304
0.3304
0.3304
0.3304
0.3304
0.3304
0.3304
0.333
0.3314
0.3314
0.3314
0.3314
0.3314
0.3314
0.3314
0.3226
0.3339
0.3275
0.3275
0.3275
0.3245
0.3292
0.3292
0.3327
0.326
0.326
0.326
0.3244
0.329
0.329
0.3272
0.3272
0.3272
0.3272
0.3272
0.3272
0.3272
0.3238
0.3238
0.3332
0.3332
0.3313
0.3251
0.3251
0.3251
0.327
0.327
0.327
0.3217
0.3217
0.3217
0.3217
0.3217
0.3217
0.3352
0.3352
0.3303
0.3065
0.3089
0.3104
0.3107
0.32
0.3322
0.3314
0.3306
0.3323
0.3271
0.3374
0.3342
0.3424
0.3359
0.3312
0.3368
0.3299
0.3282
0.3298
0.3368
0.3354
0.325
0.3346
0.3298
0.3344
0.3262
0.3336
0.3249
0.3313
0.3318
0.3301
0.3303
0.3268
0.3268
0.3268
0.3253
0.3235
0.3266
0.332
0.332
0.3312
0.3312
0.3304
0.3304
0.3304
0.3304
0.3304
0.3304
0.3304
0.333
0.3257
0.3257
0.3257
0.3257
0.3257
0.3257
0.3257
0.3226
0.3339
0.3328
0.3328
0.3328
0.3328
0.3328
0.3328
0.3373
0.3373
0.3293
0.3293
0.3326
0.3326
0.3326
0.3272
0.3272
0.3272
0.3272
0.3272
0.3272
0.3272
0.3238
0.3238
0.3247
0.3247
0.3313
0.3251
0.3251
0.3251
0.3292
0.3292
0.3292
0.3292
0.3292
0.3292
0.3292
0.3292
0.3292
0.3292
0.3292
0.3292
0.3133
0.3092
0.3027
0.3193
0.3316
0.3345
0.3286
0.3316
0.3488
0.3293
0.3353
0.3332
0.3314
0.3308
0.3328
0.3322
0.3316
0.3293
0.3385
0.3297
0.3277
0.3348
0.33
0.3359
0.3314
0.3274
0.329
0.3235
0.3235
0.3318
0.3298
0.3321
0.3268
0.3268
0.3268
0.3282
0.3255
0.3255
0.3292
0.3318
0.3276
0.3348
0.3304
0.3304
0.3304
0.3304
0.3304
0.3304
0.3304
0.333
0.3273
0.3273
0.3273
0.3273
0.3273
0.3273
0.3273
0.3247
0.3339
0.3328
0.3328
0.3328
0.3328
0.3328
0.3328
0.3373
0.3373
0.3296
0.3296
0.3326
0.3326
0.3326
0.3334
0.3334
0.3334
0.3334
0.3334
0.3334
0.3334
0.3334
0.3334
0.3247
0.3247
0.3313
0.3251
0.3251
0.3251
0.3292
0.3292
0.3292
0.3292
0.3292
0.3292
0.3292
0.3292
0.3292
0.3292
0.3292
0.3292
0.3051
0.3202
0.3176
0.327
0.3275
0.3429
0.3292
0.3289
0.3303
0.3293
0.3262
0.3314
0.3286
0.3246
0.3379
0.3398
0.3371
0.3258
0.3343
0.3295
0.3385
0.3369
0.3357
0.3206
0.3383
0.3273
0.3289
0.3259
0.3243
0.3248
0.3298
0.3296
0.327
0.327
0.3325
0.3282
0.3255
0.3255
0.3337
0.3326
0.323
0.323
0.3304
0.3304
0.3304
0.3304
0.3304
0.3304
0.3304
0.3341
0.3273
0.3273
0.3273
0.3273
0.3273
0.3273
0.3273
0.3247
0.3339
0.3321
0.3328
0.3328
0.3328
0.3328
0.3328
0.3373
0.3373
0.3296
0.3296
0.3244
0.3244
0.3244
0.3334
0.3334
0.3334
0.3334
0.3334
0.3334
0.3334
0.3334
0.3334
0.3247
0.3247
0.3313
0.3251
0.3251
0.3251
0.3292
0.3292
0.3292
0.3292
0.3292
0.3292
0.3292
0.3292
0.3292
0.3292
0.3292
0.3292
0.3156
0.3271
0.3234
0.3272
0.3368
0.3309
0.3406
0.3328
0.3374
0.336
0.3343
0.3224
0.3372
0.3382
0.3259
0.3359
0.3299
0.3266
0.3246
0.3321
0.33
0.3369
0.3357
0.3275
0.3289
0.3307
0.3337
0.3341
0.3243
0.33
0.329
0.3277
0.3294
0.3232
0.3305
0.3243
0.3255
0.3255
0.323
0.323
0.333
0.333
0.3304
0.3304
0.3304
0.3304
0.3304
0.3304
0.3304
0.3341
0.3228
0.3228
0.3228
0.3228
0.3228
0.3228
0.3228
0.3247
0.3339
0.3321
0.3328
0.3328
0.3328
0.3328
0.3328
0.3258
0.3258
0.3258
0.3258
0.3338
0.3297
0.3297
0.3334
0.3334
0.3334
0.3334
0.3334
0.3334
0.3334
0.3334
0.3334
0.3247
0.3247
0.3327
0.3327
0.3327
0.3327
0.3292
0.3292
0.3292
0.3292
0.3292
0.3292
0.3292
0.3292
0.3292
0.3292
0.3292
0.3292
0.3223
0.3243
0.3238
0.3288
0.3308
0.3445
0.3348
0.3271
0.3308
0.326
0.3368
0.3319
0.3326
0.3329
0.3291
0.3268
0.3246
0.3275
0.327
0.3234
0.3236
0.3239
0.3296
0.3307
0.3322
0.3223
0.3298
0.3327
0.3376
0.332
0.3286
0.3277
0.3305
0.3248
0.3337
0.3276
0.3276
0.3276
0.3275
0.3275
0.3275
0.3275
0.3262
0.3281
0.33
0.33
0.336
0.336
0.3302
0.3351
0.3342
0.3342
0.3342
0.3297
0.3297
0.3297
0.3297
0.3326
0.3339
0.3321
0.3328
0.3328
0.3328
0.3328
0.3328
0.3258
0.3258
0.3258
0.3258
0.3338
0.3297
0.3297
0.3282
0.325
0.325
0.325
0.325
0.325
0.3274
0.3258
0.3258
0.3247
0.3247
0.3327
0.3327
0.3327
0.3327
0.3335
0.3335
0.3335
0.3335
0.3335
0.3335
0.3335
0.3335
0.3335
0.3335
0.3335
0.3335
0.3301
0.3299
0.3384
0.3364
0.3307
0.3335
0.3262
0.328
0.3287
0.3274
0.3295
0.3291
0.3335
0.3243
0.3296
0.3278
0.3286
0.3326
0.3301
0.3318
0.3311
0.3306
0.3292
0.3249
0.3328
0.3305
0.3297
0.3212
0.3299
0.3299
0.3226
0.3323
0.3307
0.334
0.3242
0.3323
0.3305
0.3325
0.3275
0.3275
0.3345
0.3345
0.3327
0.3336
0.3336
0.3336
0.3296
0.3296
0.3278
0.3265
0.3265
0.3265
0.3263
0.3263
0.3263
0.3263
0.3263
0.3247
0.3247
0.3322
0.3329
0.3329
0.3329
0.3329
0.3329
0.3249
0.3249
0.3249
0.3249
0.3338
0.3297
0.3297
0.3282
0.325
0.325
0.325
0.325
0.325
0.3274
0.3258
0.3258
0.3247
0.3247
0.3335
0.3335
0.3335
0.3335
0.3335
0.3335
0.3335
0.3335
0.3335
0.3335
0.3335
0.3335
0.3335
0.3335
0.3335
0.3335
0.3323
0.3323
0.3353
0.3319
0.3336
0.3342
0.3373
0.3288
0.3283
0.324
0.3351
0.3297
0.3275
0.3261
0.3281
0.3324
0.3281
0.3321
0.3321
0.3338
0.3274
0.3268
0.3268
0.3281
0.3291
0.3211
0.3382
0.333
0.3269
0.3292
0.3323
0.3312
0.3307
0.334
0.3326
0.3308
0.3308
0.3247
0.329
0.329
0.3345
0.3345
0.3312
0.3223
0.3223
0.3223
0.3242
0.3242
0.326
0.3265
0.3265
0.3265
0.3313
0.3313
0.3247
0.3247
0.3247
0.3268
0.3268
0.3232
0.3329
0.3329
0.3329
0.3329
0.3329
0.3308
0.3308
0.3308
0.3308
0.3338
0.3297
0.3297
0.3282
0.325
0.325
0.325
0.325
0.325
0.3274
0.3258
0.3258
0.3247
0.3247
0.3335
0.3335
0.3335
0.3335
0.3335
0.3335
0.3335
0.3335
0.3335
0.3335
0.3335
0.3335
0.3335
0.3335
0.3335
0.3335
0.3315
0.3296
0.3338
0.3332
0.328
0.3336
0.3318
0.3297
0.3351
0.3275
0.3295
0.3384
0.3332
0.3306
0.3303
0.3303
0.3285
0.322
0.3285
0.3285
0.3365
0.3314
0.3237
0.3243
0.3322
0.3211
0.3295
0.3347
0.3347
0.3347
0.3312
0.3305
0.334
0.335
0.3326
0.3308
0.3308
0.3247
0.329
0.329
0.3345
0.3345
0.3225
0.3282
0.3282
0.3282
0.3361
0.3361
0.3293
0.3293
0.3292
0.3263
0.3263
0.3263
0.3268
0.3268
0.3268
0.3255
0.3255
0.3232
0.3329
0.3329
0.3329
0.3329
0.3329
0.3249
0.3249
0.3302
0.3302
0.3389
0.3389
0.3389
0.3282
0.325
0.325
0.325
0.325
0.325
0.3274
0.3258
0.3258
0.3247
0.3247
0.3335
0.3335
0.3335
0.3335
0.3335
0.3335
0.3335
0.3335
0.3335
0.3335
0.3335
0.3335
0.3335
0.3335
0.3335
0.3335
0.3359
0.3392
0.3272
0.3348
0.3329
0.3313
0.3342
0.3288
0.33
0.3283
0.3321
0.3302
0.3326
0.3338
0.3304
0.3203
0.3299
0.3284
0.3321
0.3321
0.3349
0.3257
0.3314
0.3237
0.3341
0.3244
0.3295
0.3347
0.3347
0.3347
0.3312
0.3327
0.334
0.335
0.3332
0.3368
0.3368
0.3368
0.3368
0.3368
0.3368
0.3368
0.3225
0.3282
0.3282
0.3282
0.3361
0.3361
0.3263
0.3263
0.3263
0.3317
0.3366
0.3366
0.3255
0.3255
0.3255
0.3296
0.3296
0.3269
0.3266
0.3266
0.3266
0.3266
0.3266
0.3249
0.3249
0.3302
0.3302
0.3389
0.3389
0.3389
0.3282
0.325
0.325
0.325
0.325
0.325
0.3274
0.3258
0.3258
0.3247
0.3247
0.3354
0.3354
0.3295
0.3307
0.3335
0.3335
0.3335
0.3335
0.3335
0.3335
0.3335
0.3335
0.3335
0.3335
0.3335
0.3335
0.3337
0.3356
0.3233
0.3297
0.338
0.328
0.3243
0.3356
0.3293
0.3316
0.3301
0.3272
0.3245
0.3315
0.3343
0.3343
0.3324
0.3236
0.327
0.3247
0.3305
0.3296
0.3314
0.3237
0.3236
0.3296
0.3295
0.3347
0.3347
0.3347
0.331
0.3327
0.334
0.3375
0.3332
0.3268
0.3268
0.3268
0.3268
0.3268
0.3268
0.3268
0.3225
0.3282
0.3282
0.3282
0.3361
0.3361
0.3263
0.3263
0.3263
0.3317
0.3366
0.3366
0.3255
0.3255
0.3255
0.3296
0.3296
0.3269
0.3266
0.3266
0.3266
0.3266
0.3266
0.3249
0.3249
0.3302
0.3302
0.3389
0.3389
0.3389
0.3282
0.325
0.325
0.325
0.325
0.325
0.3274
0.3258
0.3258
0.3247
0.3247
0.3354
0.3354
0.3295
0.3307
0.3335
0.3335
0.3335
0.3335
0.3335
0.3335
0.3335
0.3335
0.3335
0.3335
0.3335
0.3335
0.3217
0.3339
0.3304
0.3379
0.3347
0.3365
0.3253
0.3262
0.3377
0.3313
0.3334
0.3306
0.329
0.3293
0.3261
0.3302
0.3309
0.3275
0.3305
0.3315
0.3258
0.3305
0.3322
0.3237
0.3233
0.3296
0.3361
0.3347
0.3347
0.3347
0.331
0.3328
0.3316
0.3316
0.3324
0.3268
0.3268
0.3268
0.3268
0.3268
0.3268
0.3268
0.3225
0.3282
0.3282
0.3282
0.3361
0.3361
0.3263
0.3263
0.3263
0.3317
0.3366
0.3366
0.3255
0.3255
0.3255
0.3296
0.3296
0.3269
0.3266
0.3266
0.3266
0.3266
0.3266
0.3249
0.3249
0.3302
0.3302
0.3389
0.3389
0.3389
0.3282
0.325
0.325
0.325
0.325
0.325
0.3274
0.3258
0.3258
0.3247
0.3247
0.3354
0.3354
0.3295
0.3307
0.3335
0.3335
0.3335
0.3335
0.3335
0.3335
0.3335
0.3335
0.3335
0.3335
0.3335
0.3335
0.3241
0.3268
0.3315
0.3326
0.3263
0.3351
0.3279
0.3402
0.3298
0.3307
0.3306
0.336
0.3301
0.3342
0.3311
0.33
0.3309
0.3294
0.3282
0.3306
0.3302
0.3305
0.3322
0.3237
0.3233
0.3255
0.3255
0.3255
0.3255
0.323
0.331
0.3328
0.3316
0.3316
0.3324
0.3373
0.3373
0.3373
0.3373
0.3373
0.3373
0.3373
0.3225
0.3282
0.3282
0.3282
0.3361
0.3361
0.3263
0.3263
0.3263
0.3317
0.3366
0.3366
0.3259
0.3259
0.3259
0.3296
0.3296
0.3269
0.3266
0.3266
0.3266
0.3266
0.3266
0.3251
0.3251
0.3251
0.3251
0.3277
0.3277
0.3277
0.3364
0.325
0.325
0.325
0.325
0.325
0.3274
0.3258
0.3258
0.3247
0.3247
0.3354
0.3354
0.3295
0.3307
0.3335
0.3335
0.3335
0.3335
0.3335
0.3335
0.3335
0.3335
0.3335
0.3335
0.3335
0.3335
0.3369
0.3314
0.3314
0.3318
0.3329
0.3234
0.3267
0.3249
0.3378
0.3247
0.3315
0.3316
0.3336
0.3246
0.3249
0.3322
0.3304
0.3303
0.3305
0.3261
0.3305
0.3305
0.3322
0.3237
0.3233
0.3255
0.3255
0.3255
0.3255
0.3303
0.3316
0.331
0.3316
0.3316
0.3264
0.336
0.336
0.336
0.336
0.336
0.336
0.336
0.3383
0.3383
0.3255
0.3255
0.3255
0.3255
0.3302
0.3302
0.3302
0.3302
0.3302
0.3302
0.3282
0.3282
0.3282
0.3282
0.3282
0.3269
0.3266
0.3266
0.3266
0.3266
0.3266
0.3251
0.3251
0.3251
0.3251
0.3241
0.3241
0.3241
0.3335
0.325
0.325
0.325
0.325
0.325
0.3274
0.3258
0.3258
0.3247
0.3247
0.3354
0.3354
0.3295
0.3307
0.3274
0.3274
0.3274
0.3274
0.3274
0.3274
0.3274
0.3274
0.3274
0.3274
0.3274
0.3274
0.3322
0.3337
0.3357
0.3349
0.3347
0.3275
0.3225
0.3291
0.3325
0.3327
0.332
0.3351
0.3265
0.3332
0.3229
0.3333
0.3333
0.3311
0.3345
0.3345
0.3303
0.3366
0.3226
0.3233
0.326
0.3255
0.3255
0.3255
0.3255
0.3303
0.331
0.3295
0.3271
0.3271
0.3329
0.3296
0.3296
0.3296
0.3296
0.3296
0.3296
0.3296
0.3383
0.3383
0.3255
0.3255
0.3255
0.3255
0.3302
0.3302
0.3302
0.3302
0.3302
0.3302
0.3282
0.3282
0.3282
0.3282
0.3282
0.3269
0.3266
0.3266
0.3266
0.3266
0.3266
0.3313
0.3313
0.3313
0.3313
0.3314
0.3314
0.3314
0.3258
0.325
0.325
0.325
0.325
0.325
0.3274
0.3258
0.3258
0.3247
0.3247
0.3354
0.3354
0.3295
0.3307
0.3274
0.3274
0.3274
0.3274
0.3274
0.3274
0.3274
0.3274
0.3274
0.3274
0.3274
0.3274
0.3326
0.3208
0.3335
0.3327
0.3318
0.3328
0.3298
0.3287
0.3313
0.3288
0.3289
0.3271
0.3267
0.3312
0.3312
0.3359
0.3286
0.3343
0.3266
0.3244
0.3319
0.3263
0.3263
0.3263
0.3303
0.3255
0.3255
0.3255
0.3255
0.3337
0.331
0.3295
0.3244
0.3244
0.3298
0.3374
0.3292
0.3232
0.3296
0.3296
0.3296
0.3296
0.3383
0.3383
0.3255
0.3255
0.3255
0.3255
0.3302
0.3302
0.3302
0.3302
0.3302
0.3302
0.3282
0.3282
0.3282
0.3282
0.3282
0.3249
0.3249
0.3249
0.3306
0.3306
0.3267
0.3313
0.3313
0.3313
0.3313
0.3314
0.3314
0.3314
0.3258
0.325
0.325
0.325
0.325
0.325
0.3274
0.3258
0.3258
0.3247
0.3247
0.3354
0.3354
0.3295
0.3307
0.3274
0.3274
0.3274
0.3274
0.3274
0.3274
0.3274
0.3274
0.3274
0.3274
0.3274
0.3274
0.3378
0.3334
0.3321
0.3308
0.3215
0.3341
0.3295
0.3397
0.3266
0.3288
0.329
0.3341
0.3235
0.3351
0.3303
0.3329
0.3317
0.3301
0.3301
0.3356
0.3241
0.3251
0.3316
0.3325
0.3325
0.3292
0.3335
0.3335
0.3344
0.3247
0.3361
0.3218
0.3218
0.3218
0.3242
0.331
0.331
0.3244
0.3244
0.3219
0.3248
0.3251
0.3301
0.3301
0.3324
0.3324
0.3324
0.3324
0.3324
0.3324
0.3283
0.3283
0.3283
0.3283
0.3299
0.3299
0.3299
0.3299
0.3299
0.3299
0.3299
0.3243
0.3243
0.3243
0.3243
0.3263
0.3263
0.3361
0.3361
0.3361
0.326
0.326
0.326
0.326
0.326
0.326
0.326
0.326
0.326
0.326
0.326
0.326
0.326
0.328
0.328
0.328
0.3367
0.3291
0.3291
0.3291
0.3291
0.3345
0.3345
0.3345
0.3345
0.3345
0.3345
0.3345
0.3345
0.3197
0.336
0.3343
0.3303
0.3265
0.3241
0.3289
0.3309
0.3346
0.333
0.3316
0.334
0.3235
0.3299
0.3301
0.3293
0.3322
0.3322
0.3388
0.3332
0.3338
0.3338
0.3338
0.3325
0.3325
0.3247
0.3247
0.3247
0.3247
0.3247
0.3361
0.3218
0.3218
0.3218
0.3242
0.323
0.323
0.3244
0.3244
0.3219
0.3248
0.3251
0.3301
0.3301
0.3344
0.3344
0.3385
0.3346
0.3346
0.3346
0.3283
0.3283
0.3283
0.3283
0.3299
0.3299
0.3299
0.3299
0.3299
0.3299
0.3299
0.3243
0.3243
0.3243
0.3243
0.3263
0.3263
0.3361
0.3361
0.3361
0.326
0.326
0.326
0.326
0.326
0.326
0.326
0.326
0.326
0.326
0.326
0.326
0.326
0.328
0.328
0.328
0.3367
0.3291
0.3291
0.3291
0.3291
0.3345
0.3345
0.3345
0.3345
0.3345
0.3345
0.3345
0.3345
0.3321
0.3289
0.3258
0.3257
0.3371
0.3241
0.3261
0.3325
0.3334
0.3317
0.3289
0.3343
0.3363
0.3309
0.3243
0.3243
0.3319
0.3301
0.3335
0.3332
0.3338
0.3338
0.3338
0.3301
0.3301
0.3247
0.3247
0.3247
0.3247
0.3247
0.3361
0.3218
0.3218
0.3218
0.3242
0.3266
0.3266
0.3267
0.3267
0.3225
0.3225
0.3251
0.3338
0.3338
0.336
0.336
0.336
0.336
0.336
0.336
0.3271
0.3373
0.3298
0.3259
0.3242
0.3242
0.3242
0.3242
0.3242
0.3242
0.3242
0.3379
0.3379
0.3379
0.3379
0.3379
0.3379
0.3379
0.3379
0.3379
0.326
0.326
0.326
0.326
0.326
0.326
0.326
0.326
0.326
0.326
0.326
0.326
0.326
0.3293
0.3293
0.3293
0.3293
0.3293
0.3293
0.3293
0.3293
0.3293
0.3293
0.3293
0.3293
0.3293
0.3293
0.3293
0.3293
0.3369
0.3302
0.3317
0.3321
0.3327
0.3299
0.3381
0.3258
0.3258
0.3258
0.3283
0.3323
0.3287
0.3291
0.3291
0.3291
0.3319
0.3301
0.3337
0.3337
0.3338
0.3338
0.3338
0.3293
0.3293
0.3247
0.3247
0.3247
0.3247
0.3247
0.3361
0.3218
0.3218
0.3218
0.3242
0.3266
0.3266
0.3267
0.3267
0.3225
0.3225
0.3251
0.3338
0.3338
0.336
0.336
0.336
0.336
0.336
0.336
0.3271
0.3373
0.3298
0.3259
0.3242
0.3242
0.3242
0.3242
0.3242
0.3242
0.3242
0.3379
0.3379
0.3379
0.3379
0.3379
0.3379
0.3379
0.3379
0.3379
0.326
0.326
0.326
0.326
0.326
0.326
0.326
0.326
0.326
0.326
0.326
0.326
0.326
0.3293
0.3293
0.3293
0.3293
0.3293
0.3293
0.3293
0.3293
0.3293
0.3293
0.3293
0.3293
0.3293
0.3293
0.3293
0.3293
0.3236
0.3312
0.3312
0.334
0.3346
0.3264
0.3252
0.3302
0.33
0.3274
0.3315
0.3268
0.3268
0.3241
0.3241
0.3241
0.3268
0.3268
0.3268
0.3268
0.3268
0.3269
0.3269
0.3301
0.3301
0.324
0.324
0.324
0.324
0.3247
0.3329
0.3218
0.3218
0.3218
0.3242
0.3265
0.3265
0.3265
0.3265
0.3225
0.3225
0.3251
0.3338
0.3338
0.336
0.336
0.336
0.336
0.336
0.336
0.3373
0.3289
0.3289
0.3259
0.3242
0.3242
0.3242
0.3242
0.3242
0.3242
0.3242
0.3379
0.3379
0.3379
0.3379
0.3379
0.3379
0.3379
0.3379
0.3379
0.326
0.326
0.326
0.326
0.326
0.326
0.326
0.326
0.326
0.326
0.326
0.326
0.326
0.3293
0.3293
0.3293
0.3293
0.3293
0.3293
0.3293
0.3293
0.3293
0.3293
0.3293
0.3293
0.3293
0.3293
0.3293
0.3293
0.3248
0.3268
0.3302
0.3297
0.3341
0.3262
0.3357
0.3282
0.3318
0.33
0.33
0.3217
0.3267
0.3318
0.3354
0.3305
0.3316
0.3221
0.3331
0.3285
0.3274
0.3273
0.3273
0.3273
0.3353
0.3286
0.3343
0.3341
0.3341
0.3341
0.3319
0.3225
0.3338
0.3338
0.3338
0.3264
0.3338
0.3338
0.3247
0.3247
0.3247
0.3286
0.3338
0.3338
0.336
0.336
0.336
0.336
0.336
0.336
0.3373
0.3289
0.3289
0.3259
0.3242
0.3242
0.3242
0.3242
0.3242
0.3242
0.3242
0.3379
0.3379
0.3379
0.3379
0.3379
0.3379
0.3379
0.3379
0.3379
0.326
0.326
0.326
0.326
0.326
0.326
0.326
0.326
0.326
0.326
0.326
0.326
0.326
0.3293
0.3293
0.3293
0.3293
0.3293
0.3293
0.3293
0.3293
0.3293
0.3293
0.3293
0.3293
0.3293
0.3293
0.3293
0.3293
0.3267
0.3304
0.3304
0.3302
0.3273
0.3289
0.3306
0.3306
0.33
0.3244
0.3259
0.3339
0.3262
0.3266
0.3266
0.3266
0.3266
0.3339
0.3325
0.3255
0.3255
0.3273
0.3273
0.3273
0.3353
0.3267
0.3274
0.3274
0.3274
0.3274
0.3274
0.3274
0.3304
0.3304
0.3304
0.3304
0.3277
0.3277
0.3309
0.3309
0.3309
0.3309
0.3298
0.3298
0.33
0.33
0.33
0.33
0.3344
0.3344
0.3344
0.3344
0.3344
0.3344
0.3278
0.3278
0.3278
0.3278
0.3278
0.3278
0.3278
0.3278
0.3278
0.3278
0.3278
0.3278
0.3278
0.3278
0.3278
0.3278
0.3278
0.3278
0.3278
0.3278
0.3278
0.3278
0.3278
0.3278
0.3278
0.3278
0.3278
0.3278
0.3278
0.3278
0.3278
0.3278
0.3278
0.3371
0.3371
0.3371
0.3371
0.3371
0.3371
0.3371
0.3371
0.3371
0.3371
0.3371
0.3371
0.3319
0.3345
0.3315
0.3412
0.333
0.3277
0.3277
0.3277
0.33
0.3267
0.3259
0.3293
0.3329
0.3216
0.3216
0.3216
0.3216
0.3337
0.3325
0.3255
0.3255
0.3273
0.3273
0.3273
0.3353
0.3267
0.3274
0.3274
0.3274
0.3274
0.3274
0.3274
0.3304
0.3304
0.3304
0.3304
0.3277
0.3277
0.3338
0.3338
0.3338
0.3338
0.3343
0.3344
0.3344
0.3344
0.3344
0.3344
0.3278
0.3278
0.3278
0.3278
0.3278
0.3278
0.3278
0.3278
0.3278
0.3278
0.3278
0.3278
0.3278
0.3278
0.3278
0.3278
0.3278
0.3278
0.3278
0.3278
0.3278
0.3278
0.3278
0.3278
0.3278
0.3278
0.3278
0.3278
0.3278
0.3278
0.3278
0.3278
0.3278
0.3278
0.3278
0.3278
0.3278
0.3278
0.3278
0.3371
0.3371
0.3371
0.3371
0.3371
0.3371
0.3371
0.3371
0.3371
0.3371
0.3371
0.3371
0.3298
0.3353
0.3369
0.3348
0.3233
0.3252
0.329
0.334
0.3353
0.3259
0.3269
0.3274
0.3314
0.3263
0.3263
0.3328
0.3369
0.3274
0.3349
0.3349
0.3358
0.3249
0.3249
0.3249
0.3251
0.3387
0.325
0.325
0.3301
0.3301
0.3382
0.3266
0.3266
0.3266
0.3266
0.3281
0.3281
0.3286
0.3286
0.3307
0.3307
0.3307
0.333
0.3322
0.3251
0.327
0.327
0.327
0.327
0.327
0.327
0.327
0.327
0.3276
0.3247
0.3247
0.3247
0.3247
0.3247
0.3247
0.3247
0.3262
0.3262
0.3262
0.3262
0.3262
0.3262
0.3262
0.3262
0.3262
0.3262
0.3262
0.3331
0.3331
0.3331
0.3271
0.3271
0.3271
0.3271
0.3271
0.3271
0.321
0.321
0.3337
0.3337
0.3337
0.3337
0.3265
0.3265
0.3244
0.3244
0.3244
0.3244
0.3244
0.3244
0.3244
0.3244
0.3244
0.3244
0.3392
0.3269
0.3304
0.33
0.3245
0.3259
0.329
0.3285
0.3353
0.3326
0.3359
0.3359
0.3295
0.3263
0.3263
0.3328
0.3369
0.3274
0.3358
0.325
0.325
0.3249
0.3249
0.3249
0.3251
0.3387
0.3338
0.3338
0.33
0.33
0.3382
0.3266
0.3266
0.3266
0.3266
0.3226
0.3289
0.3247
0.3362
0.3362
0.3362
0.3362
0.3362
0.3235
0.3251
0.327
0.327
0.327
0.327
0.327
0.327
0.327
0.327
0.3276
0.3247
0.3247
0.3247
0.3247
0.3247
0.3247
0.3247
0.3262
0.3262
0.3262
0.3262
0.3262
0.3262
0.3262
0.3262
0.3262
0.3262
0.3262
0.3331
0.3331
0.3331
0.3271
0.3271
0.3271
0.3271
0.3271
0.3271
0.321
0.321
0.3337
0.3337
0.3337
0.3337
0.3265
0.3265
0.3244
0.3244
0.3244
0.3244
0.3244
0.3244
0.3244
0.3244
0.3244
0.3244
0.3324
0.328
0.3325
0.33
0.3317
0.3267
0.3234
0.3234
0.3339
0.3253
0.3326
0.3351
0.3295
0.3263
0.3263
0.3321
0.3321
0.3321
0.3276
0.3276
0.3276
0.3265
0.3265
0.3265
0.3265
0.3255
0.3332
0.3332
0.33
0.33
0.3382
0.3266
0.3266
0.3266
0.3266
0.3226
0.3289
0.3247
0.3362
0.3362
0.3362
0.3362
0.3362
0.3273
0.3251
0.327
0.327
0.327
0.327
0.327
0.327
0.327
0.327
0.3276
0.3278
0.3278
0.3278
0.3278
0.326
0.326
0.326
0.3276
0.3276
0.3276
0.3256
0.3273
0.3273
0.3273
0.3273
0.3273
0.3273
0.3273
0.3331
0.3331
0.3331
0.3275
0.3275
0.3275
0.3275
0.324
0.324
0.321
0.321
0.3337
0.3337
0.3337
0.3337
0.3265
0.3265
0.3244
0.3244
0.3244
0.3244
0.3244
0.3244
0.3244
0.3244
0.3244
0.3244
0.3311
0.3315
0.3384
0.33
0.3273
0.3355
0.3234
0.3234
0.3297
0.3253
0.3307
0.3269
0.3277
0.3263
0.3263
0.3321
0.3321
0.3321
0.3276
0.3276
0.3276
0.3265
0.3265
0.3265
0.3265
0.3255
0.3332
0.3332
0.3298
0.3298
0.3382
0.3243
0.3243
0.3243
0.3243
0.3226
0.3289
0.3247
0.3362
0.3362
0.3362
0.3362
0.3362
0.3239
0.327
0.327
0.327
0.327
0.327
0.327
0.327
0.327
0.327
0.3276
0.3278
0.3278
0.3278
0.3278
0.326
0.326
0.326
0.3276
0.3276
0.3276
0.3256
0.3273
0.3273
0.3273
0.3273
0.3273
0.3273
0.3273
0.3331
0.3331
0.3331
0.3275
0.3275
0.3275
0.3275
0.324
0.324
0.321
0.321
0.3337
0.3337
0.3337
0.3337
0.3265
0.3265
0.3244
0.3244
0.3244
0.3244
0.3244
0.3244
0.3244
0.3244
0.3244
0.3244
0.332
0.3344
0.3321
0.3321
0.3321
0.3291
0.3256
0.334
0.334
0.3319
0.3319
0.3284
0.3346
0.3339
0.3339
0.3308
0.3308
0.3308
0.3276
0.3276
0.3276
0.3265
0.3265
0.3265
0.3265
0.3346
0.335
0.335
0.3298
0.3298
0.3382
0.3247
0.3247
0.3247
0.3247
0.3278
0.3278
0.3249
0.3249
0.3249
0.3249
0.3249
0.3249
0.3249
0.3249
0.3249
0.3249
0.3249
0.3249
0.3249
0.3249
0.3249
0.3254
0.3254
0.3278
0.3278
0.3278
0.3278
0.326
0.326
0.326
0.3276
0.3276
0.3276
0.3256
0.3273
0.3273
0.3273
0.3273
0.3273
0.3273
0.3273
0.3331
0.3331
0.3331
0.3275
0.3275
0.3275
0.3275
0.324
0.324
0.321
0.321
0.3346
0.3346
0.3346
0.3346
0.3265
0.3265
0.3244
0.3244
0.3244
0.3244
0.3244
0.3244
0.3244
0.3244
0.3244
0.3244
0.3344
0.3344
0.3303
0.3303
0.3293
0.3368
0.3291
0.3246
0.3246
0.3299
0.3252
0.3251
0.3251
0.3339
0.3339
0.3384
0.3384
0.3384
0.3276
0.3276
0.3276
0.3284
0.3284
0.3284
0.3284
0.3278
0.3321
0.3321
0.3321
0.3268
0.3312
0.3237
0.3261
0.3261
0.3261
0.3278
0.3278
0.3249
0.3249
0.3249
0.3249
0.3249
0.3249
0.3249
0.3249
0.3249
0.3249
0.3249
0.3249
0.3249
0.3249
0.3249
0.3254
0.3254
0.3258
0.3258
0.3258
0.3258
0.3223
0.3223
0.3223
0.3223
0.3223
0.3223
0.3223
0.3223
0.3223
0.3223
0.3223
0.3365
0.3365
0.3365
0.3357
0.3357
0.3357
0.3275
0.3275
0.3275
0.3275
0.324
0.324
0.321
0.321
0.3346
0.3346
0.3346
0.3346
0.3278
0.3278
0.3244
0.3244
0.3244
0.3244
0.3244
0.3244
0.3244
0.3244
0.3244
0.3244
0.3308
0.33
0.3303
0.3303
0.3424
0.3364
0.3291
0.3246
0.3246
0.3283
0.3283
0.3282
0.3282
0.3339
0.3339
0.334
0.334
0.334
0.3317
0.3277
0.3277
0.3228
0.3228
0.3293
0.3293
0.3298
0.3298
0.3298
0.3298
0.3221
0.3221
0.3221
0.3373
0.33
0.33
0.3278
0.3278
0.3249
0.3249
0.3249
0.3249
0.3249
0.3249
0.3249
0.3249
0.3249
0.3249
0.3249
0.3249
0.3249
0.3249
0.3249
0.3254
0.3254
0.3258
0.3258
0.3258
0.3258
0.3339
0.3339
0.3339
0.3339
0.3339
0.3339
0.3339
0.3339
0.3339
0.3339
0.3339
0.3339
0.3339
0.3339
0.3357
0.3357
0.3357
0.3246
0.3246
0.3246
0.3246
0.3246
0.3246
0.321
0.321
0.3346
0.3346
0.3346
0.3346
0.3278
0.3278
0.3244
0.3244
0.3244
0.3244
0.3244
0.3244
0.3244
0.3244
0.3244
0.3244
0.33
0.325
0.3347
0.3347
0.3327
0.3328
0.3389
0.3246
0.3246
0.3283
0.3283
0.3282
0.3282
0.3239
0.3316
0.3331
0.3331
0.3331
0.3246
0.3246
0.3281
0.3313
0.3313
0.3261
0.3329
0.3232
0.3232
0.3232
0.3281
0.3221
0.3221
0.3221
0.3373
0.33
0.33
0.3278
0.3278
0.3249
0.3249
0.3249
0.3249
0.3249
0.3249
0.3249
0.3249
0.3249
0.3249
0.3249
0.3249
0.3249
0.3249
0.3249
0.3274
0.3274
0.3258
0.3258
0.3258
0.3258
0.3252
0.3252
0.3252
0.3252
0.3252
0.3252
0.3252
0.3252
0.3252
0.3252
0.3252
0.3252
0.3252
0.3252
0.3357
0.3357
0.3357
0.3272
0.3269
0.3269
0.3269
0.3269
0.3269
0.321
0.321
0.3346
0.3346
0.3346
0.3346
0.3278
0.3278
0.3244
0.3244
0.3244
0.3244
0.3244
0.3244
0.3244
0.3244
0.3244
0.3244
0.33
0.325
0.3396
0.3396
0.3289
0.3328
0.3389
0.3246
0.3246
0.3283
0.3283
0.3282
0.3282
0.3239
0.331
0.3331
0.3331
0.3331
0.3246
0.3246
0.3281
0.3271
0.3271
0.3261
0.3329
0.3232
0.3232
0.3232
0.3281
0.3221
0.3221
0.3221
0.3373
0.33
0.33
0.3278
0.3278
0.3249
0.3249
0.3249
0.3249
0.3249
0.3249
0.3249
0.3249
0.3249
0.3249
0.3249
0.3249
0.3249
0.3249
0.3249
0.3274
0.3274
0.3258
0.3258
0.3258
0.3258
0.3252
0.3252
0.3252
0.3252
0.3252
0.3252
0.3252
0.3252
0.3252
0.3252
0.3252
0.3252
0.3252
0.3252
0.3357
0.3357
0.3357
0.3272
0.3269
0.3269
0.3269
0.3269
0.3269
0.321
0.321
0.3346
0.3346
0.3346
0.3346
0.3278
0.3278
0.3244
0.3244
0.3244
0.3244
0.3244
0.3244
0.3244
0.3244
0.3244
0.3244
0.3281
0.3281
0.3322
0.3322
0.3322
0.3322
0.3322
0.3246
0.3246
0.3322
0.3322
0.3381
0.3381
0.332
0.332
0.3247
0.3247
0.3247
0.3246
0.3246
0.3281
0.3271
0.3271
0.3261
0.3329
0.3232
0.3232
0.3232
0.3281
0.3221
0.3221
0.3221
0.3373
0.3301
0.3301
0.3283
0.3283
0.3249
0.3249
0.3249
0.3249
0.3249
0.3249
0.3249
0.3249
0.3249
0.3249
0.3249
0.3249
0.3249
0.3249
0.3249
0.3274
0.3274
0.3258
0.3258
0.3258
0.3258
0.3252
0.3252
0.3252
0.3252
0.3252
0.3252
0.3252
0.3252
0.3252
0.3252
0.3252
0.3252
0.3252
0.3252
0.3357
0.3357
0.3357
0.3272
0.3269
0.3269
0.3269
0.3269
0.3269
0.321
0.321
0.3346
0.3346
0.3346
0.3346
0.3278
0.3278
0.3244
0.3244
0.3244
0.3244
0.3244
0.3244
0.3244
0.3244
0.3244
0.3244
0.3401
0.3282
0.3261
0.3241
0.3241
0.3241
0.3241
0.3246
0.3246
0.3227
0.332
0.332
0.332
0.332
0.332
0.3247
0.3247
0.3247
0.3246
0.3246
0.3281
0.3271
0.3271
0.3261
0.3329
0.3232
0.3232
0.3232
0.3281
0.3282
0.3282
0.3282
0.3373
0.3288
0.3288
0.3283
0.3283
0.3249
0.3249
0.3249
0.3249
0.3249
0.3249
0.3249
0.3249
0.3249
0.3249
0.3249
0.3249
0.3249
0.3249
0.3249
0.3274
0.3274
0.3258
0.3258
0.3258
0.3258
0.3326
0.3326
0.3326
0.3326
0.3326
0.3326
0.3326
0.3326
0.3326
0.3326
0.3326
0.3326
0.3326
0.3326
0.3357
0.3357
0.3357
0.3272
0.3269
0.3269
0.3269
0.3269
0.3269
0.321
0.321
0.3346
0.3346
0.3346
0.3346
0.3278
0.3278
0.3244
0.3244
0.3244
0.3244
0.3244
0.3244
0.3244
0.3244
0.3244
0.3244
0.3342
0.3342
0.3235
0.3225
0.3239
0.3239
0.3285
0.3246
0.3246
0.3253
0.3286
0.3288
0.3259
0.332
0.332
0.3247
0.3247
0.3247
0.3243
0.3243
0.3243
0.3243
0.3243
0.3243
0.3243
0.3232
0.3232
0.3232
0.3281
0.3282
0.3282
0.3282
0.3373
0.3288
0.3288
0.3249
0.3249
0.3249
0.3249
0.3249
0.3249
0.3249
0.3249
0.3249
0.3249
0.3249
0.3249
0.3249
0.3249
0.3249
0.3249
0.3249
0.3274
0.3274
0.3258
0.3258
0.3258
0.3258
0.3326
0.3326
0.3326
0.3326
0.3326
0.3326
0.3326
0.3326
0.3326
0.3326
0.3326
0.3326
0.3326
0.3326
0.3357
0.3357
0.3357
0.3272
0.3269
0.3269
0.3269
0.3269
0.3269
0.321
0.321
0.3346
0.3346
0.3346
0.3346
0.3278
0.3278
0.3244
0.3244
0.3244
0.3244
0.3244
0.3244
0.3244
0.3244
0.3244
0.3244
0.3342
0.3342
0.3248
0.3225
0.3239
0.3239
0.3306
0.3246
0.3246
0.3319
0.3319
0.3319
0.3259
0.3263
0.3263
0.337
0.337
0.337
0.3243
0.3243
0.3243
0.3243
0.3243
0.3243
0.3243
0.3232
0.3232
0.3232
0.3281
0.3282
0.3282
0.3282
0.3373
0.3258
0.3258
0.3249
0.3249
0.3249
0.3249
0.3249
0.3249
0.3249
0.3249
0.3249
0.3249
0.3249
0.3249
0.3249
0.3249
0.3249
0.3249
0.3249
0.3274
0.3274
0.3258
0.3258
0.3258
0.3258
0.3326
0.3326
0.3326
0.3326
0.3326
0.3326
0.3326
0.3326
0.3326
0.3326
0.3326
0.3326
0.3326
0.3326
0.3357
0.3357
0.3357
0.3272
0.3269
0.3269
0.3269
0.3269
0.3269
0.321
0.321
0.3346
0.3346
0.3346
0.3346
0.3278
0.3278
0.3244
0.3244
0.3244
0.3244
0.3244
0.3244
0.3244
0.3244
0.3244
0.3244
0.3251
0.3251
0.3263
0.3263
0.3263
0.3263
0.3263
0.3246
0.3246
0.3253
0.3253
0.3267
0.3267
0.333
0.333
0.337
0.337
0.337
0.3243
0.3243
0.3243
0.3243
0.3243
0.3243
0.3243
0.3231
0.3231
0.3231
0.3281
0.3282
0.3282
0.3282
0.3373
0.3258
0.3258
0.3249
0.3249
0.3249
0.3249
0.3249
0.3249
0.3249
0.3249
0.3249
0.3249
0.3249
0.3249
0.3249
0.3249
0.3249
0.3249
0.3249
0.3274
0.3274
0.3258
0.3258
0.3258
0.3258
0.3326
0.3326
0.3326
0.3326
0.3326
0.3326
0.3326
0.3326
0.3326
0.3326
0.3326
0.3326
0.3326
0.3326
0.3357
0.3357
0.3357
0.3272
0.3269
0.3269
0.3269
0.3269
0.3269
0.321
0.321
0.3346
0.3346
0.3346
0.3346
0.3278
0.3278
0.3244
0.3244
0.3244
0.3244
0.3244
0.3244
0.3244
0.3244
0.3244
0.3244
0.3251
0.3251
0.3263
0.3263
0.3263
0.3263
0.3263
0.3241
0.3241
0.3253
0.3253
0.3267
0.3267
0.333
0.333
0.337
0.337
0.337
0.3243
0.3243
0.3243
0.3243
0.3243
0.3243
0.3243
0.3231
0.3231
0.3231
0.3281
0.3282
0.3282
0.3282
0.3373
0.3258
0.3258
0.3249
0.3249
0.3249
0.3249
0.3249
0.3249
0.3249
0.3249
0.3249
0.3249
0.3249
0.3249
0.3249
0.3249
0.3249
0.3249
0.3249
0.3274
0.3274
0.3258
0.3258
0.3258
0.3258
0.3326
0.3326
0.3326
0.3326
0.3326
0.3326
0.3326
0.3326
0.3326
0.3326
0.3326
0.3326
0.3326
0.3326
0.3357
0.3357
0.3357
0.3272
0.3269
0.3269
0.3269
0.3269
0.3269
0.321
0.321
0.3346
0.3346
0.3346
0.3346
0.3278
0.3278
0.3244
0.3244
0.3244
0.3244
0.3244
0.3244
0.3244
0.3244
0.3244
0.3244
0.3259
0.3286
0.3286
0.3265
0.3265
0.3308
0.3308
0.3332
0.3332
0.3268
0.3268
0.3268
0.3268
0.3226
0.3226
0.3394
0.3394
0.3394
0.3243
0.3243
0.3243
0.3243
0.3243
0.3243
0.3243
0.3271
0.3271
0.3271
0.3271
0.3282
0.3282
0.3282
0.3373
0.3301
0.3301
0.328
0.328
0.3346
0.3346
0.3346
0.3345
0.3345
0.3345
0.3345
0.3345
0.3329
0.3329
0.3329
0.325
0.325
0.325
0.325
0.325
0.325
0.3258
0.3258
0.3258
0.3258
0.3326
0.3326
0.3326
0.3326
0.3326
0.3326
0.3326
0.3326
0.3326
0.3326
0.3326
0.3326
0.3326
0.3326
0.3357
0.3357
0.3357
0.3272
0.3269
0.3269
0.3269
0.3269
0.3269
0.321
0.321
0.3346
0.3346
0.3346
0.3346
0.3278
0.3278
0.3244
0.3244
0.3244
0.3244
0.3244
0.3244
0.3244
0.3244
0.3244
0.3244
