9801

0.0099
0.0147
0.0184
0.025
0.0288
0.0371
0.0388
0.0451
0.0512
0.0614
0.0687
0.0783
0.0984
0.0962
0.1094
0.1234
0.1353
0.1374
0.1397
0.165
0.1828
0.209
0.2146
0.2124
0.2479
0.2727
0.3027
0.2982
0.2951
0.4094
0.4846
0.4364
0.4679
0.4562
0.4734
0.5483
0.598
0.6254
0.7662
0.7922
0.8706
0.9037
0.9306
0.9191
1.0704
1.0852
1.1592
1.1381
1.283
1.3254
1.4643
1.5613
1.7362
1.7262
1.8209
1.9991
2.2269
2.3017
2.5732
2.8696
3.6075
3.4602
5.0419
4.9659
3.9393
5.6197
7.6328
6.8904
8.4976
8.4371
6.8946
8.1913
8.4903
9.0249
9.4262
9.2269
9.3358
9.5413
9.5523
9.4766
9.4343
9.7004
9.6386
9.6228
9.811
9.829
9.7409
9.7805
9.7419
9.8441
9.8471
9.8471
9.8594
9.8594
9.8594
9.919
9.8959
9.9026
9.91
0.0137
0.0185
0.0232
0.0266
0.0343
0.0388
0.0421
0.0487
0.0567
0.0656
0.0714
0.0817
0.0962
0.0951
0.1105
0.126
0.1286
0.1616
0.1617
0.1783
0.2095
0.2222
0.2358
0.2391
0.2779
0.2828
0.3248
0.3148
0.314
0.4035
0.4194
0.4404
0.4659
0.4659
0.4825
0.5361
0.5991
0.6116
0.686
0.7223
0.8069
0.8633
0.9317
1.0356
1.1336
1.1324
1.2786
1.2865
1.3412
1.2654
1.5853
1.5739
1.6652
1.8542
2.3503
2.5435
2.2627
2.3243
2.3405
2.839
4.2334
3.4449
5.0796
4.682
4.7267
5.4952
5.6112
5.8245
7.9162
8.2099
8.4221
8.2382
8.5168
9.2919
9.4489
9.0244
9.6464
9.0524
9.2697
9.5127
9.6288
9.7487
9.6298
9.8585
9.7522
9.7871
9.8127
9.8395
9.8569
9.8039
9.8471
9.8471
9.8644
9.8828
9.8901
9.9254
9.8959
9.9026
9.91
0.0184
0.0281
0.0281
0.0317
0.0394
0.0468
0.052
0.0547
0.0614
0.0758
0.0798
0.0833
0.0978
0.1011
0.1154
0.1329
0.1385
0.1574
0.1684
0.1828
0.2227
0.23
0.2302
0.2402
0.2634
0.2705
0.3304
0.3426
0.3506
0.4579
0.517
0.5494
0.5835
0.545
0.5991
0.6439
0.6935
0.6476
0.7679
0.769
0.8485
0.8383
0.9258
0.9938
1.0052
1.0718
1.2573
1.1955
1.355
1.2553
1.3674
1.6393
1.682
1.8494
1.8553
1.9535
2.4346
2.5937
2.487
2.9017
3.2298
3.7585
6.1246
5.4456
6.7613
4.5564
8.9374
5.9818
8.5435
8.6438
8.5076
9.4587
9.3127
9.6588
9.5649
9.5519
9.6342
9.6227
9.8246
9.7853
9.5882
9.8921
9.9033
9.8036
9.8313
9.8619
9.8119
9.8463
9.8807
9.9192
9.8278
9.8458
9.8458
9.8295
9.8295
9.9254
9.898
9.9026
9.91
0.0244
0.0283
0.0307
0.0403
0.0491
0.0487
0.0575
0.0608
0.0663
0.0798
0.0822
0.09
0.111
0.1066
0.1199
0.13
0.1433
0.1541
0.155
0.1864
0.2294
0.245
0.225
0.2494
0.2628
0.2719
0.304
0.314
0.3382
0.3948
0.4475
0.5338
0.6002
0.526
0.6002
0.6428
0.6975
0.7556
0.709
0.7642
0.7546
0.8012
0.9271
0.9585
1.0447
1.2238
1.2933
1.3562
1.6809
1.647
1.7129
1.891
2.1203
2.355
2.563
2.1662
2.5273
3.9813
3.4745
4.1267
3.9761
3.7841
4.5632
5.0491
5.9904
6.3099
7.661
8.9523
8.834
9.2725
8.7862
9.3381
9.6171
9.6103
9.2192
9.5742
9.5274
9.5645
9.7484
9.7082
9.7804
9.8921
9.9033
9.8036
9.8404
9.8404
9.8697
9.7698
9.7577
9.8961
9.872
9.8728
9.8625
9.8625
9.8735
9.9254
9.9198
9.9198
9.9198
0.0312
0.034
0.0406
0.0471
0.0504
0.0581
0.0611
0.0685
0.0763
0.0888
0.0956
0.1022
0.1255
0.1211
0.1322
0.1568
0.1502
0.1728
0.1828
0.2129
0.2338
0.2583
0.2338
0.2505
0.2695
0.2796
0.3073
0.3327
0.3685
0.4079
0.4166
0.536
0.5802
0.5769
0.6048
0.6516
0.655
0.7118
0.8157
0.7894
0.9021
0.9205
0.9689
1.0578
1.152
1.255
1.3539
1.2588
1.6437
1.4761
1.6937
1.6237
1.9978
2.0436
3.1834
2.6483
3.961
3.6417
2.5046
3.2578
4.0439
4.4835
8.1172
7.9624
8.2757
6.1805
8.3306
6.8067
8.9859
9.3743
9.3257
9.4671
9.2367
9.6396
9.6072
9.6619
9.6562
9.5431
9.8046
9.7595
9.781
9.9005
9.9072
9.8024
9.8697
9.8697
9.8697
9.778
9.7826
9.9175
9.8625
9.8587
9.8587
9.8587
9.8587
9.9254
9.9198
9.9198
9.9198
0.0349
0.0439
0.0453
0.051
0.0598
0.0664
0.0697
0.0787
0.0845
0.0889
0.0983
0.0978
0.1277
0.1389
0.153
0.1568
0.1627
0.1828
0.2063
0.2338
0.2239
0.2184
0.2316
0.2472
0.2706
0.2942
0.2931
0.3272
0.3976
0.3909
0.4389
0.4769
0.5166
0.5494
0.5752
0.6075
0.6262
0.7085
0.788
0.8279
0.9339
0.9138
1.0132
1.0891
1.2599
1.2895
1.3363
1.3293
1.9273
1.8343
1.7072
1.7072
1.8279
2.0276
2.3872
2.6005
3.0036
4.7568
3.8581
4.4295
4.7987
6.7987
7.7793
6.8283
5.3147
7.5097
9.2911
9.0109
9.3645
9.5961
8.973
8.9393
9.064
9.6545
9.7215
9.6663
9.6944
9.6517
9.632
9.7167
9.7555
9.9005
9.9072
9.7604
9.844
9.85
9.8456
9.7364
9.7574
9.9223
9.8625
9.8587
9.8587
9.8587
9.8587
9.9254
9.9198
9.9198
9.9198
0.0419
0.0507
0.0574
0.0661
0.0703
0.0675
0.0775
0.0775
0.0867
0.1
0.1038
0.1177
0.1464
0.1433
0.1593
0.1638
0.1593
0.1817
0.1963
0.2316
0.2362
0.2595
0.2294
0.2951
0.2973
0.314
0.314
0.3517
0.4288
0.4879
0.5046
0.4938
0.5575
0.5897
0.6086
0.6748
0.6538
0.7501
0.7602
0.8495
0.883
0.8856
1.0214
1.0346
1.1716
1.1806
1.2797
1.2952
1.3634
1.9865
1.9545
1.7708
3.0747
2.6846
3.9867
3.8375
2.7779
4.4643
4.0837
6.4555
4.9926
6.7159
8.579
9.5587
8.7038
9.3085
9.234
9.1031
8.8784
9.354
8.7941
9.3526
9.4049
9.7054
9.6507
9.8099
9.8099
9.8099
9.6964
9.6913
9.8418
9.7918
9.8067
9.7603
9.7916
9.8099
9.8524
9.8881
9.8881
9.8367
9.8391
9.8631
9.8717
9.8775
9.8933
9.9127
9.9127
9.9127
9.9232
0.0485
0.0497
0.0662
0.0629
0.0684
0.0781
0.0805
0.0842
0.0911
0.1044
0.1177
0.1277
0.1419
0.1616
0.1627
0.1716
0.1716
0.2085
0.2041
0.2561
0.245
0.2706
0.245
0.2995
0.2829
0.3142
0.3309
0.3646
0.4195
0.4488
0.4991
0.4969
0.5915
0.5397
0.6217
0.734
0.6786
0.7446
0.8482
0.9509
1.1407
1.3171
1.1958
1.2877
1.3917
1.4575
1.4387
1.578
1.7597
1.7842
2.0691
2.2685
2.591
3.7838
2.7526
3.8274
4.1047
6.0859
6.447
5.2935
6.3479
8.0042
5.6274
7.5122
8.7663
9.2725
8.4848
8.8636
9.0582
9.4921
9.489
9.521
9.7032
9.8806
9.8627
9.7686
9.7614
9.7343
9.5741
9.8152
9.8439
9.8198
9.8381
9.9069
9.9069
9.8866
9.892
9.863
9.863
9.9484
9.8672
9.8672
9.8863
9.9134
9.9159
9.9159
9.9159
9.9159
9.9246
0.0551
0.0686
0.073
0.0787
0.0798
0.0851
0.0873
0.0983
0.1104
0.1174
0.1204
0.131
0.1574
0.1605
0.1738
0.1763
0.1862
0.194
0.2007
0.2439
0.2472
0.2783
0.2561
0.3107
0.3051
0.3342
0.4106
0.4307
0.5118
0.5529
0.4991
0.5124
0.5769
0.6532
0.6864
0.6648
0.6606
0.7906
0.89
0.9621
1.0367
1.1171
1.1103
1.2304
1.3707
1.5149
1.5002
1.5305
1.5093
1.7072
1.8677
1.9355
2.4901
2.7296
3.6279
6.2201
3.9571
4.2721
4.9312
4.7215
5.8458
8.0208
6.9794
8.7897
8.9468
8.7983
8.2795
9.2763
9.266
9.5557
9.5771
9.344
9.8291
9.8837
9.8837
9.7686
9.7614
9.6925
9.7388
9.7875
9.8439
9.8548
9.8774
9.9069
9.9069
9.8866
9.892
9.863
9.863
9.9484
9.7778
9.7778
9.8818
9.9134
9.8567
9.8946
9.8766
9.8766
9.8854
0.0727
0.0741
0.0775
0.0853
0.091
0.0922
0.0911
0.1215
0.1192
0.1152
0.1315
0.1525
0.1697
0.1816
0.1882
0.1975
0.1884
0.1896
0.2239
0.2716
0.2938
0.3128
0.2938
0.3162
0.3294
0.3376
0.4387
0.4364
0.5283
0.5508
0.4938
0.5141
0.5619
0.6478
0.6626
0.6864
0.7265
0.9281
0.9577
1.062
1.1944
1.3063
1.2179
1.2283
1.3645
1.5249
1.7594
1.5836
1.422
1.6408
1.9935
2.3537
2.9394
3.904
4.3302
4.1213
4.2722
7.351
7.661
6.5903
7.9726
8.097
9.4095
9.3281
9.2564
9.3861
9.2869
9.5131
8.4516
9.4442
9.5916
9.446
9.9086
9.7974
9.8843
9.7327
9.6605
9.7512
9.7994
9.722
9.8439
9.8548
9.9006
9.8866
9.8866
9.898
9.8414
9.8313
9.8313
9.9484
9.7939
9.8042
9.8856
9.9134
9.8949
9.8949
9.9219
9.9219
9.9101
0.0725
0.0714
0.0708
0.0943
0.1077
0.1011
0.1093
0.1198
0.1237
0.1296
0.1371
0.1525
0.164
0.1731
0.1882
0.203
0.1951
0.214
0.2395
0.2599
0.2555
0.2927
0.3117
0.3383
0.3349
0.3342
0.4751
0.4701
0.5308
0.5873
0.536
0.5519
0.6104
0.6839
0.7356
0.6638
0.6986
0.8106
1.0747
1.0633
1.1194
1.2737
1.4627
1.2891
1.446
1.5453
1.6832
1.6332
1.7166
1.9298
2.9141
2.8952
5.3959
3.6596
4.1044
3.1281
7.0886
6.8309
6.5129
8.0057
7.7171
7.8427
9.0315
9.4491
9.2095
8.7353
9.186
9.3004
9.4032
9.4978
9.6743
9.5597
9.9086
9.9195
9.9195
9.6858
9.7102
9.7727
9.7963
9.7136
9.8566
9.896
9.9006
9.8866
9.8866
9.9157
9.8772
9.9131
9.9138
9.9484
9.8036
9.8036
9.8856
9.9134
9.9178
9.9178
9.9219
9.9219
9.9101
0.0894
0.0898
0.0898
0.0945
0.1142
0.1115
0.117
0.1181
0.1264
0.1436
0.1482
0.1671
0.1863
0.1892
0.1914
0.1992
0.2038
0.2129
0.2261
0.2648
0.2571
0.2927
0.3162
0.3162
0.3084
0.3679
0.4129
0.3993
0.4534
0.5091
0.5193
0.5315
0.6618
0.6738
0.8298
0.7562
0.8037
0.9596
1.0778
1.1684
1.2771
1.3258
1.4018
1.543
1.6244
1.5837
1.8594
1.8383
2.5614
2.0724
2.6383
3.0529
4.0302
3.5881
3.8246
5.0982
5.6244
6.2678
7.6781
8.6225
8.7752
8.8187
8.6891
9.1893
9.3233
9.3149
9.4999
9.5089
9.455
9.6108
9.6905
9.4375
9.7354
9.6835
9.6702
9.7162
9.7748
9.7748
9.7921
9.7617
9.809
9.8821
9.8816
9.8905
9.8625
9.9142
9.8918
9.9299
9.9299
9.9484
9.8421
9.8512
9.8936
9.9134
9.9178
9.9178
9.9219
9.9219
9.8875
0.1037
0.0942
0.0987
0.1011
0.1076
0.1192
0.1237
0.1297
0.1353
0.1458
0.1525
0.1808
0.193
0.1903
0.2015
0.2038
0.2192
0.2217
0.2228
0.2893
0.2927
0.305
0.3283
0.379
0.3814
0.4004
0.4475
0.4151
0.498
0.498
0.5405
0.5529
0.6316
0.64
0.8511
0.8208
0.8557
1.0171
1.1616
1.0944
1.2981
1.551
1.6171
1.5792
1.7745
1.9447
2.122
2.3715
2.784
2.332
2.4469
2.8346
3.0731
4.8416
7.3352
8.0187
7.7129
8.6299
8.1841
9.3866
9.0588
9.0315
9.3985
8.89
9.5439
9.3012
9.2933
9.7438
9.6827
9.7564
9.7399
9.8767
9.8018
9.8518
9.7373
9.7225
9.7243
9.7226
9.7583
9.8753
9.9133
9.9133
9.9133
9.8798
9.851
9.851
9.8951
9.8755
9.8755
9.8599
9.8988
9.8988
9.8988
9.8988
9.892
9.9017
9.928
9.9173
9.9295
0.107
0.1008
0.1097
0.1077
0.1276
0.1442
0.1376
0.1442
0.1592
0.1636
0.1737
0.1894
0.2016
0.1981
0.2344
0.2189
0.2371
0.2605
0.2594
0.2993
0.3238
0.3666
0.3924
0.4061
0.4649
0.4114
0.4528
0.4337
0.508
0.5472
0.695
0.6986
0.8388
0.9129
1.1369
1.1011
0.973
1.1766
1.2977
1.5649
1.2367
1.62
1.8533
2.1344
2.2548
2.6886
2.3368
2.4983
3.4011
3.0903
3.6867
5.4529
5.1935
6.3509
4.2506
7.6158
5.9169
8.2233
7.3813
8.5329
8.2881
9.158
9.56
9.5076
9.7369
9.723
9.7488
9.831
9.7593
9.7142
9.8713
9.8713
9.7687
9.8518
9.7433
9.6806
9.7633
9.7686
9.7933
9.84
9.9172
9.9172
9.9172
9.8778
9.8778
9.9052
9.9052
9.8755
9.8755
9.8599
9.8988
9.8988
9.8988
9.8988
9.892
9.9017
9.9237
9.9173
9.9295
0.1158
0.1129
0.113
0.1185
0.1365
0.142
0.1442
0.1582
0.1704
0.1704
0.2071
0.1916
0.2127
0.2399
0.2499
0.2581
0.2481
0.2528
0.2928
0.3149
0.3199
0.3641
0.3857
0.4207
0.4662
0.4772
0.4315
0.4846
0.5468
0.5769
0.6086
0.6661
0.8466
0.8919
1.2098
1.1341
1.0689
1.2095
1.11
1.2993
1.3975
1.6042
1.8178
1.6844
2.1771
2.5224
2.6104
3.1191
3.6784
4.178
4.1236
5.7103
5.3368
4.3777
6.7203
5.6623
8.3698
8.5316
8.1813
8.8859
9.14
9.4119
9.3438
9.3921
9.7177
9.6636
9.7755
9.7075
9.815
9.8232
9.831
9.7729
9.8383
9.8317
9.8269
9.8276
9.8276
9.811
9.8154
9.8565
9.8341
9.8475
9.8867
9.7981
9.7981
9.8773
9.8733
9.9043
9.9466
9.9466
9.9466
9.9466
9.9466
9.9466
9.9466
9.9466
9.9466
9.9466
9.9466
0.1081
0.1096
0.122
0.1469
0.1614
0.142
0.1476
0.1593
0.1715
0.1793
0.1982
0.205
0.216
0.2325
0.2503
0.2727
0.2762
0.2669
0.2995
0.3461
0.3267
0.3637
0.4114
0.4551
0.495
0.5084
0.4315
0.4991
0.5881
0.755
0.7536
0.7956
0.9166
0.8745
1.1882
1.0711
1.2418
1.404
1.1277
1.4563
1.3573
1.7299
1.7093
1.7287
2.0424
2.542
2.8411
3.3393
3.0828
3.5769
3.3539
4.8484
4.5974
6.1797
7.3402
9.2132
8.7819
9.1431
9.565
8.9269
9.6049
9.3449
9.5606
9.665
9.789
9.8193
9.6929
9.7037
9.8192
9.7105
9.7548
9.8438
9.8383
9.8486
9.7468
9.8923
9.8527
9.8922
9.8922
9.8783
9.8766
9.8309
9.8605
9.8605
9.8605
9.9514
9.9514
9.9488
9.9488
9.9484
9.9484
9.9484
9.9484
9.9691
9.9691
9.9691
9.9691
9.9691
9.9691
0.1287
0.127
0.137
0.137
0.1502
0.157
0.1659
0.176
0.1894
0.1971
0.2171
0.2381
0.2359
0.2705
0.2705
0.2793
0.3073
0.3217
0.3217
0.3542
0.3466
0.3901
0.4416
0.4171
0.4501
0.4877
0.5453
0.5519
0.5858
0.6429
0.7208
0.7192
0.9563
1.0273
1.327
1.2025
1.1314
1.662
1.3
1.571
1.5192
2.0537
1.9449
2.5877
2.2559
2.9991
3.3726
4.1241
4.4738
4.4503
5.6162
7.7714
8.4812
7.5667
8.7983
9.2032
9.3695
9.4749
9.0567
9.1907
9.6573
9.4524
9.6147
9.6618
9.7969
9.6866
9.8562
9.7531
9.858
9.9132
9.9132
9.9132
9.8793
9.8372
9.8372
9.8923
9.8527
9.8714
9.8714
9.8777
9.8415
9.8309
9.8605
9.8605
9.8605
9.9514
9.9514
9.9488
9.9488
9.9484
9.9484
9.9484
9.9484
9.9691
9.9691
9.9691
9.9691
9.9691
9.9691
0.1276
0.1331
0.1647
0.15
0.1603
0.1738
0.1982
0.1993
0.2094
0.2105
0.2282
0.2473
0.2795
0.2773
0.2762
0.2997
0.3085
0.3133
0.3233
0.3769
0.3992
0.4081
0.4171
0.4428
0.4855
0.5623
0.6076
0.5603
0.6363
0.6506
0.7078
0.7111
1.0171
1.0594
1.2356
1.1571
1.3024
1.5654
1.3714
1.8675
1.7822
1.74
1.985
2.172
2.5021
2.8461
3.7062
4.7577
3.7905
4.9629
6.4108
6.2256
7.6029
9.0124
7.8311
9.1234
9.2068
9.5537
9.3107
8.8655
9.5812
9.6398
9.7213
9.5225
9.7295
9.8242
9.8552
9.7531
9.858
9.8715
9.8276
9.8201
9.8793
9.8731
9.8731
9.8987
9.8987
9.8714
9.8714
9.8922
9.8415
9.8309
9.8605
9.8605
9.8605
9.9514
9.9514
9.9488
9.9488
9.9484
9.9484
9.9484
9.9484
9.9691
9.9691
9.9691
9.9691
9.9691
9.9691
0.1454
0.1556
0.169
0.167
0.186
0.1838
0.186
0.1916
0.2149
0.2171
0.2425
0.254
0.3006
0.3159
0.3026
0.3294
0.3119
0.3582
0.3646
0.4027
0.4463
0.4766
0.3787
0.4315
0.516
0.5445
0.5951
0.587
0.6883
0.6888
0.8094
0.806
0.9886
1.1599
1.375
1.3013
1.2351
1.5407
1.5093
1.7595
1.8357
1.6676
2.3252
2.6757
3.0544
3.3669
3.3552
4.2871
4.2168
4.3633
4.2473
7.7449
9.0964
7.8429
8.6603
9.6235
8.9511
9.4384
9.581
9.5495
9.6552
9.7475
9.8338
9.8226
9.6675
9.7698
9.8668
9.8476
9.8583
9.856
9.8631
9.8631
9.7952
9.8646
9.8481
9.8644
9.8644
9.7869
9.8609
9.8501
9.8975
9.8439
9.8545
9.8545
9.8399
9.8818
9.8818
9.9319
9.9309
9.9309
9.9309
9.9309
9.9309
9.9309
9.9264
9.9264
9.9223
9.9223
9.9223
0.1387
0.1659
0.158
0.1835
0.205
0.1938
0.1993
0.2138
0.2205
0.226
0.2348
0.2349
0.2903
0.3104
0.3104
0.3624
0.3372
0.3665
0.3802
0.4003
0.4632
0.4811
0.4382
0.4451
0.5158
0.615
0.6457
0.73
0.6429
0.7759
0.9141
0.9545
1.1257
1.2428
1.2223
1.1528
1.484
1.6454
1.8413
1.717
1.8178
1.7822
1.9644
2.5429
2.9331
2.6399
3.4484
6.2421
5.6217
6.1345
6.1659
8.8539
9.0378
8.6348
9.4791
9.6215
9.5292
9.4229
9.506
9.3863
9.7306
9.7372
9.8037
9.7812
9.5939
9.7748
9.8631
9.8631
9.8631
9.8631
9.8631
9.8776
9.7952
9.8646
9.7971
9.8362
9.8362
9.8539
9.8817
9.8376
9.8947
9.8439
9.836
9.836
9.8618
9.8838
9.8838
9.9319
9.9309
9.9309
9.9309
9.9309
9.9309
9.9309
9.93
9.93
9.9223
9.9223
9.9223
0.1736
0.1835
0.1902
0.2068
0.2039
0.2016
0.2039
0.2249
0.2304
0.2271
0.2414
0.2581
0.2903
0.3059
0.3226
0.3611
0.365
0.3934
0.4536
0.435
0.4285
0.5529
0.4865
0.5458
0.5553
0.6117
0.6284
0.7093
0.6994
0.8241
0.9199
1.0215
1.1498
1.2874
1.4063
1.3712
1.4326
1.9257
1.8076
1.9447
1.989
2.4736
2.1489
2.5023
2.6498
2.8466
3.54
4.129
4.8249
6.1329
8.0639
8.5055
8.9352
8.7574
9.4448
9.4557
9.2324
9.7265
9.6921
9.6683
9.7983
9.8415
9.8734
9.8047
9.6893
9.8554
9.8631
9.8631
9.8631
9.8631
9.8631
9.8776
9.8306
9.8646
9.8856
9.8589
9.8589
9.8632
9.8632
9.8316
9.8947
9.7864
9.8379
9.8379
9.8618
9.8838
9.8838
9.9266
9.9295
9.919
9.9222
9.9323
9.8772
9.8814
9.9046
9.9046
9.9077
9.9302
9.9454
0.1581
0.2057
0.2145
0.2267
0.2359
0.2138
0.2392
0.2437
0.2537
0.274
0.2525
0.2592
0.3215
0.3148
0.3181
0.3675
0.3847
0.42
0.4244
0.4418
0.4788
0.561
0.5514
0.5557
0.5634
0.587
0.6588
0.841
0.9184
1.0525
0.9822
1.0344
1.2118
1.4688
1.4655
1.5673
1.5148
1.6725
1.8506
2.0226
2.3863
2.2236
2.6948
4.7698
3.315
4.7178
4.7161
7.5684
5.0759
6.8574
6.6744
8.6309
7.9238
8.9874
9.3663
8.3906
9.031
9.6069
9.627
9.4275
9.7514
9.8734
9.8623
9.8671
9.8907
9.8928
9.8928
9.8925
9.8925
9.8876
9.8876
9.8876
9.8272
9.8325
9.9198
9.9198
9.9198
9.886
9.8966
9.8189
9.8463
9.8518
9.8603
9.8142
9.8716
9.881
9.881
9.9116
9.8899
9.8899
9.8899
9.8899
9.8899
9.9177
9.9177
9.903
9.9004
9.9004
9.9052
0.2001
0.2279
0.2168
0.2312
0.2273
0.2158
0.2292
0.2594
0.2828
0.2895
0.285
0.2979
0.32
0.3177
0.3479
0.3491
0.4015
0.4593
0.471
0.4329
0.4511
0.5307
0.5751
0.6
0.5579
0.596
0.661
0.8698
0.9788
1.109
1.1281
1.0138
1.2178
1.2767
1.3593
1.6026
1.4279
1.8057
2.3428
2.5403
2.7868
2.8131
4.1883
4.5574
2.8114
5.9692
6.9995
7.2722
7.2734
8.3616
8.2907
9.1584
7.8478
7.7039
9.066
8.9783
9.5378
9.4206
9.6215
9.7107
9.7732
9.6531
9.8212
9.737
9.7942
9.8485
9.9024
9.9024
9.8377
9.8693
9.8756
9.8816
9.853
9.8771
9.8771
9.8771
9.8856
9.8771
9.9034
9.9115
9.9267
9.9321
9.9321
9.9321
9.9484
9.9484
9.9484
9.9123
9.9123
9.9363
9.9486
9.9486
9.9486
9.9486
9.9486
9.9486
9.9486
9.9349
9.9454
0.2478
0.252
0.2368
0.2518
0.2821
0.2518
0.2496
0.2913
0.3079
0.3079
0.328
0.3414
0.3664
0.3723
0.3694
0.3651
0.4354
0.4098
0.4411
0.4888
0.5385
0.5618
0.566
0.654
0.6191
0.6955
0.7224
0.8807
0.9875
1.0933
1.0941
1.079
1.4172
1.4734
1.7198
1.4144
1.5405
2.2959
1.9595
2.7359
2.84
4.014
2.7784
5.1082
4.7848
6.1284
5.2804
6.0491
7.4119
8.4673
8.653
9.2739
9.1038
9.5058
9.4979
9.6507
9.7686
9.7389
9.8149
9.7698
9.8938
9.7966
9.8052
9.8351
9.8447
9.839
9.839
9.839
9.8879
9.8855
9.8463
9.8859
9.8859
9.8624
9.7989
9.8097
9.8305
9.8862
9.8846
9.9428
9.9006
9.9471
9.9721
9.9047
9.8925
9.9358
9.9331
9.9331
9.9331
9.9331
9.9331
9.9331
9.9331
9.9331
9.94
9.94
9.9347
9.9347
9.9025
0.2412
0.2871
0.2743
0.2787
0.2944
0.2834
0.27
0.2968
0.3291
0.3544
0.3719
0.4296
0.3731
0.4246
0.3845
0.4209
0.4379
0.471
0.4835
0.4989
0.5206
0.5319
0.5647
0.609
0.6553
0.788
0.8214
0.9731
1.1455
1.2876
1.3881
1.387
1.5406
1.6624
1.6719
1.4666
1.7727
2.5746
2.5179
3.8942
2.5571
2.8589
3.645
3.775
4.4107
4.9658
5.3652
7.0617
9.166
9.1202
9.3021
9.2516
9.6774
9.7058
9.6084
9.741
9.8157
9.7452
9.8813
9.8652
9.8759
9.8652
9.8652
9.8152
9.786
9.8656
9.8628
9.8628
9.8428
9.8714
9.8422
9.9261
9.907
9.9304
9.8839
9.9241
9.9241
9.9349
9.9349
9.9428
9.9337
9.9518
9.9721
9.922
9.892
9.9335
9.9335
9.9389
9.9389
9.9389
9.9389
9.9389
9.9389
9.9389
9.94
9.94
9.9347
9.9347
9.9268
0.2549
0.3061
0.2877
0.2754
0.2832
0.2868
0.2834
0.3091
0.3611
0.3884
0.4078
0.4002
0.4186
0.407
0.422
0.422
0.4298
0.4364
0.4666
0.5618
0.669
0.5717
0.6113
0.7032
0.8829
0.8538
0.9272
1.058
1.0503
1.3295
1.4198
1.4482
1.8726
1.8369
2.0614
1.9759
2.3288
2.6832
3.1503
3.006
4.1654
2.8097
6.1936
5.1578
5.2384
7.4958
7.5456
9.202
9.5486
9.5683
8.9194
9.5825
9.4785
9.6828
9.7742
9.8006
9.8404
9.6593
9.8951
9.8865
9.8272
9.8307
9.8307
9.8316
9.815
9.8987
9.8464
9.8464
9.8428
9.8714
9.8651
9.9104
9.9068
9.9323
9.9337
9.9337
9.9337
9.9337
9.9281
9.9302
9.9363
9.9518
9.9721
9.922
9.9111
9.9389
9.9389
9.9438
9.9438
9.9438
9.9438
9.9438
9.9438
9.9438
9.94
9.94
9.9407
9.9407
9.9191
0.2894
0.3017
0.2699
0.2939
0.3044
0.3068
0.3013
0.3394
0.3691
0.4037
0.4236
0.4216
0.4358
0.4325
0.4485
0.4762
0.4822
0.4258
0.5028
0.5876
0.6694
0.6712
0.691
0.789
0.9084
0.9771
1.0876
1.2198
1.27
1.3411
1.3457
1.491
1.766
1.9223
1.9875
2.1473
2.586
2.6987
4.2081
5.272
3.738
5.3399
3.3698
4.895
8.4087
8.8293
8.9658
9.2252
9.4132
9.1855
9.5042
9.7347
9.6271
9.3857
9.8129
9.6865
9.7325
9.8103
9.8951
9.899
9.7014
9.8678
9.7412
9.7602
9.8568
9.8755
9.7985
9.8096
9.7828
9.8797
9.8651
9.9199
9.9068
9.9323
9.9337
9.9337
9.9337
9.9337
9.9281
9.9302
9.9363
9.9518
9.9721
9.9444
9.9444
9.9444
9.9439
9.9439
9.9439
9.9439
9.9353
9.9483
9.9407
9.9407
9.9407
9.9407
9.9476
9.9476
9.9476
0.3129
0.3294
0.2888
0.3151
0.3222
0.3124
0.3179
0.3394
0.3755
0.4192
0.407
0.4733
0.4586
0.4358
0.4711
0.5023
0.5418
0.5522
0.6211
0.5463
0.7778
0.6899
0.7641
0.8108
0.8753
1.1
1.2316
1.206
1.4125
1.655
1.5101
1.6344
1.6349
1.5194
1.811
2.4866
2.9818
3.7183
3.4236
5.0835
4.377
3.4215
4.1886
7.8941
8.6224
8.8146
9.0698
8.9033
9.479
9.4418
9.4577
9.7656
9.6204
9.6657
9.7126
9.7206
9.7466
9.8306
9.8951
9.6778
9.8736
9.8678
9.8794
9.8794
9.8568
9.8755
9.8629
9.8629
9.7931
9.8797
9.871
9.8924
9.845
9.9323
9.9337
9.9337
9.9337
9.9337
9.9281
9.9302
9.9142
9.9631
9.9552
9.9444
9.9444
9.9444
9.9439
9.9439
9.9439
9.9439
9.9353
9.9483
9.9407
9.9407
9.9407
9.9407
9.9476
9.9476
9.9476
0.359
0.3751
0.3311
0.3383
0.3233
0.3447
0.3257
0.3634
0.399
0.4225
0.4302
0.4542
0.5134
0.5206
0.5829
0.6414
0.7492
0.6588
0.6721
0.6347
0.8143
0.6948
0.9864
1.2113
0.9322
1.0885
1.1542
1.4284
1.4597
1.5417
1.561
2.137
1.552
1.9741
2.3399
2.3126
2.7913
3.2473
3.7195
4.5244
7.6391
3.7565
8.6498
7.6833
9.3271
8.8091
8.7761
9.6931
9.6076
9.8482
9.4643
9.683
9.7379
9.6674
9.6902
9.7206
9.7724
9.7761
9.8669
9.8033
9.8751
9.8357
9.8143
9.8143
9.8927
9.8755
9.8629
9.8629
9.8816
9.8927
9.871
9.8838
9.845
9.9323
9.9379
9.9379
9.9379
9.9379
9.9379
9.94
9.9142
9.9631
9.9552
9.9444
9.9444
9.9444
9.9439
9.9439
9.9439
9.9439
9.9353
9.9483
9.9407
9.9407
9.9407
9.9407
9.9476
9.9476
9.9476
0.4075
0.4065
0.3812
0.379
0.3879
0.3611
0.3645
0.368
0.4428
0.4674
0.4597
0.4733
0.4978
0.5147
0.6538
0.7393
0.7503
0.7258
0.7203
0.7258
0.9686
0.9258
0.9461
0.9472
1.15
1.1768
1.3065
1.5036
1.6361
2.0602
1.6663
2.4824
2.1476
1.8747
3.0686
2.7982
2.7293
3.4821
5.8287
6.0254
5.6263
7.0042
8.0951
8.6877
8.7941
9.1638
9.1537
9.7019
9.5638
9.734
9.4264
9.6783
9.7384
9.6254
9.6792
9.7206
9.7435
9.7323
9.8669
9.8033
9.8751
9.886
9.886
9.886
9.8847
9.8755
9.8519
9.8474
9.8693
9.8732
9.8964
9.8811
9.8828
9.9318
9.9319
9.9319
9.9319
9.9319
9.9319
9.9209
9.9412
9.9631
9.9552
9.9444
9.9444
9.9444
9.9487
9.9487
9.9487
9.9394
9.9353
9.9483
9.9407
9.9407
9.9407
9.9407
9.9476
9.9476
9.9476
0.413
0.4363
0.4214
0.4013
0.4036
0.3787
0.3942
0.417
0.4406
0.5161
0.5175
0.5602
0.5498
0.5833
0.5765
0.6425
0.6745
0.7731
0.7709
0.8221
1.0641
1.1206
1.0916
1.1723
1.1826
1.361
1.6858
1.763
1.995
1.9815
2.2447
2.2589
2.2112
2.4676
2.5628
4.3411
4.6555
8.7903
4.015
6.2202
7.3665
6.8635
8.6962
8.0827
9.4329
9.6129
9.3047
9.6299
9.4799
9.6867
9.7109
9.6049
9.7328
9.4117
9.8327
9.86
9.8726
9.8962
9.9164
9.8634
9.9033
9.8698
9.8802
9.8777
9.9013
9.927
9.9142
9.9142
9.9142
9.9142
9.8587
9.8811
9.8869
9.9318
9.9454
9.9454
9.9454
9.9454
9.9454
9.9209
9.9377
9.9631
9.9552
9.9444
9.9444
9.9444
9.9487
9.9487
9.9487
9.9394
9.9353
9.9483
9.9407
9.9407
9.9407
9.9407
9.9476
9.9476
9.9476
0.4522
0.47
0.4313
0.4114
0.4247
0.4387
0.46
0.4885
0.4532
0.5369
0.5452
0.6202
0.5776
0.6429
0.6976
0.6855
0.7596
0.7675
0.8786
0.9351
0.8962
0.9777
1.0141
1.0763
1.3588
1.4788
1.7787
1.6758
2.2052
1.6368
1.6459
2.2859
4.5205
3.6082
2.7265
5.7245
5.1336
3.4974
8.333
7.4453
8.4753
8.5093
8.5386
8.8549
9.1693
9.3746
9.3469
9.3394
9.5665
9.4656
9.7151
9.7621
9.7461
9.5268
9.8327
9.8203
9.8726
9.9154
9.8794
9.9134
9.9033
9.8883
9.8925
9.8793
9.8793
9.9067
9.9142
9.9142
9.9142
9.9142
9.9022
9.8811
9.8689
9.9318
9.9454
9.9454
9.9454
9.9454
9.9454
9.9338
9.9377
9.9631
9.9552
9.9444
9.9444
9.9444
9.9487
9.9487
9.9487
9.9394
9.9353
9.9483
9.9407
9.9407
9.9407
9.9407
9.9476
9.9476
9.9476
0.4174
0.4103
0.4622
0.4431
0.4824
0.4633
0.5369
0.4953
0.5028
0.5702
0.5841
0.6587
0.6965
0.8174
0.8341
0.9452
0.9088
0.9941
0.8876
1.0458
1.0866
1.105
1.0693
1.1912
1.3489
1.4879
1.7038
2.0154
2.1704
4.9624
2.7185
2.496
3.9008
3.1504
3.3071
3.7494
4.6945
8.9867
8.4228
8.1065
8.7225
9.0302
9.0609
9.5894
9.4869
9.5269
9.6417
9.636
9.8452
9.6638
9.7481
9.6695
9.7508
9.711
9.9028
9.8424
9.8726
9.9176
9.9134
9.9015
9.8826
9.8883
9.8617
9.9133
9.9133
9.9067
9.9142
9.9142
9.9142
9.9142
9.886
9.9297
9.8662
9.9318
9.9454
9.9454
9.9454
9.9454
9.9454
9.9334
9.9377
9.9631
9.9552
9.9444
9.9444
9.9444
9.9487
9.9487
9.9487
9.9394
9.9311
9.9311
9.9311
9.9311
9.9311
9.9311
9.9476
9.9476
9.9476
0.4632
0.5289
0.5156
0.4952
0.5402
0.5063
0.5669
0.5803
0.5851
0.6811
0.6855
0.7247
0.7517
0.7539
0.8156
0.8259
0.8378
0.8975
0.8864
1.1733
1.2836
1.1753
1.3093
1.2949
1.4624
1.8066
2.4588
2.3832
2.2682
3.3934
3.2675
2.5097
3.7867
3.397
3.5127
4.5596
8.255
8.8378
7.8521
8.6249
7.9043
8.9036
9.3177
9.5657
9.6656
9.5579
9.6668
9.7428
9.8503
9.7881
9.6596
9.7248
9.7514
9.8335
9.8682
9.8445
9.8726
9.926
9.9194
9.8622
9.8826
9.8991
9.8617
9.9133
9.9133
9.9067
9.9142
9.9142
9.9142
9.9142
9.9034
9.9297
9.9266
9.9318
9.9454
9.9454
9.9454
9.9454
9.9454
9.9438
9.9377
9.9631
9.9423
9.9444
9.9444
9.9444
9.9487
9.9487
9.9487
9.9394
9.9311
9.9311
9.9311
9.9311
9.9311
9.9311
9.9476
9.9476
9.9476
0.4996
0.4611
0.5277
0.5488
0.5591
0.5744
0.5658
0.6552
0.5703
0.6645
0.7048
0.8118
0.8772
0.8156
0.8819
0.9044
1.1147
0.9562
0.8877
1.2025
1.2979
1.1356
1.191
1.5267
1.6603
2.0054
2.2357
2.9093
2.4286
3.1066
3.2943
2.845
2.9888
5.3741
7.329
6.1565
6.0343
7.8041
9.3176
8.514
9.1994
8.9983
8.7658
9.2761
9.1955
9.604
9.5335
9.4561
9.2404
9.7761
9.7238
9.7738
9.7532
9.8071
9.8709
9.8408
9.9028
9.9408
9.9194
9.8622
9.8826
9.9157
9.9157
9.9157
9.9157
9.8882
9.9142
9.9142
9.9142
9.9142
9.9034
9.8651
9.9094
9.9318
9.9454
9.9454
9.9454
9.9454
9.9454
9.9115
9.9298
9.9326
9.9423
9.9444
9.9444
9.9444
9.9487
9.9487
9.9487
9.9394
9.9311
9.9311
9.9311
9.9311
9.9311
9.9311
9.9476
9.9476
9.9476
0.5588
0.5378
0.5821
0.5167
0.5469
0.5558
0.6024
0.6633
0.598
0.6494
0.7348
0.8462
0.9536
0.9271
1.0071
1.0227
1.2158
1.1601
1.1836
1.3516
1.2968
1.2638
1.37
1.5305
1.9067
2.3773
2.8227
2.9028
3.3561
3.1214
4.1116
5.7707
6.7707
6.2758
5.3548
8.7841
7.7855
7.6155
8.8821
9.2127
9.2261
9.6018
9.337
9.6636
9.4833
9.5631
9.5989
9.786
9.808
9.6492
9.8548
9.7819
9.8545
9.8597
9.8194
9.7952
9.887
9.9408
9.9194
9.8601
9.9333
9.9449
9.9449
9.9449
9.9449
9.9449
9.9142
9.9142
9.9142
9.9142
9.9034
9.9233
9.9094
9.9318
9.9454
9.9454
9.9454
9.9454
9.9454
9.9115
9.9323
9.9326
9.9423
9.9444
9.9444
9.9444
9.9487
9.9487
9.9487
9.9394
9.9311
9.9311
9.9311
9.9311
9.9311
9.9311
9.9476
9.9476
9.9476
0.5797
0.5595
0.554
0.5687
0.581
0.5531
0.5944
0.6269
0.6529
0.7538
0.8689
1.0584
1.1192
1.0236
1.1018
1.0608
1.2263
1.5119
1.24
1.4178
1.2069
1.4068
1.3991
1.9231
2.6027
2.4456
2.76
2.8844
4.3437
3.9062
4.3491
3.6859
5.9603
7.7054
6.0709
8.5444
8.3738
7.1391
8.3147
8.0903
8.9794
9.1595
8.9741
9.7246
9.5226
9.548
9.6073
9.557
9.4589
9.6233
9.7561
9.7192
9.76
9.7496
9.8494
9.8435
9.907
9.907
9.907
9.9147
9.8881
9.8878
9.8878
9.8878
9.8335
9.8813
9.8813
9.8444
9.8444
9.8974
9.8774
9.8696
9.9154
9.9384
9.9217
9.9217
9.9217
9.9217
9.9393
9.9389
9.9703
9.904
9.9493
9.9623
9.9623
9.9623
9.9623
9.9456
9.9544
9.9544
9.9585
9.9585
9.9631
9.9631
9.9671
9.9671
9.9671
9.9671
9.9671
0.544
0.574
0.5786
0.5619
0.5688
0.5833
0.6012
0.6507
0.6869
0.8005
0.8515
0.8866
0.9861
1.0848
1.152
1.3174
1.3744
1.673
1.4831
1.6195
1.6714
1.8955
1.6901
2.2233
2.4119
2.2366
3.103
2.8202
4.5151
4.0137
7.6889
4.901
8.4753
6.7249
7.3717
6.1568
8.2811
8.358
9.1304
9.003
9.164
9.6183
9.5876
9.6555
9.5927
9.6996
9.794
9.6907
9.679
9.6985
9.6806
9.7888
9.7888
9.8022
9.8674
9.8246
9.907
9.907
9.907
9.9147
9.8083
9.8621
9.8647
9.8647
9.8647
9.8714
9.8714
9.9072
9.9072
9.9072
9.9368
9.9166
9.9154
9.9248
9.9183
9.9183
9.9044
9.9138
9.9389
9.9381
9.9703
9.9187
9.9493
9.9623
9.9623
9.9623
9.9623
9.9656
9.9656
9.9656
9.9685
9.9685
9.9685
9.9685
9.9701
9.9701
9.9701
9.9701
9.9701
0.6103
0.6266
0.6559
0.6671
0.6947
0.8234
0.8279
0.8485
0.7739
0.9525
0.9591
1.0362
1.1449
1.2643
1.2032
1.564
1.4219
1.4775
1.6092
1.4359
1.7589
2.0042
2.1189
2.5874
2.5174
2.6091
3.633
4.8787
4.5887
5.9848
4.3624
7.2578
8.7854
8.3536
8.2564
8.8658
8.8971
9.4781
9.3037
9.569
9.4328
9.6331
9.6783
9.7633
9.7909
9.7909
9.8956
9.664
9.7015
9.7162
9.7333
9.822
9.8642
9.8054
9.8997
9.7999
9.8556
9.8887
9.8686
9.9373
9.9531
9.9499
9.9499
9.9506
9.9506
9.9234
9.9407
9.9407
9.9407
9.8884
9.8911
9.8911
9.9105
9.9166
9.9166
9.9484
9.9484
9.9484
9.9484
9.9526
9.9526
9.98
9.98
9.9678
9.9678
9.9678
9.9678
9.9678
9.9678
9.9678
9.9532
9.9532
9.9532
9.9754
9.9754
9.9754
9.9754
9.9754
9.9754
0.6472
0.6668
0.7729
0.6576
0.7274
0.7394
0.7549
0.8357
0.7795
1.0639
1.1089
1.034
1.142
1.2634
1.3471
1.4118
1.4877
1.7152
1.8531
1.4405
1.6541
1.9974
2.3564
2.2904
3.1177
2.8318
3.3166
4.4953
6.2697
8.2152
6.3798
8.4809
6.8449
8.1871
9.1548
9.5499
8.8872
9.4663
9.6075
9.3778
9.7004
9.6773
9.7227
9.8126
9.7993
9.7993
9.8956
9.7542
9.7542
9.7192
9.7772
9.7503
9.8642
9.8054
9.7915
9.8004
9.8887
9.8058
9.8587
9.9373
9.9531
9.9499
9.9499
9.961
9.961
9.9234
9.9407
9.9407
9.9407
9.8884
9.8911
9.8911
9.9105
9.9166
9.9166
9.968
9.968
9.968
9.968
9.968
9.968
9.98
9.98
9.9678
9.9678
9.9678
9.9678
9.9678
9.9678
9.9678
9.9532
9.9532
9.9532
9.9754
9.9754
9.9754
9.9754
9.9754
9.9754
0.7991
0.7951
0.7793
0.7593
0.863
0.8405
0.789
0.8039
0.8703
1.177
1.1057
1.1096
1.2027
1.3003
1.3801
1.4646
1.6135
1.8973
2.0593
2.1035
2.2472
2.069
2.5263
2.8249
3.3981
4.6931
3.8599
5.3237
8.212
7.751
8.9903
8.3189
9.3627
9.7167
9.4356
8.8962
9.643
9.6379
9.4508
9.6965
9.7164
9.552
9.6032
9.7181
9.6688
9.7049
9.9284
9.7439
9.7333
9.7686
9.6748
9.8794
9.9003
9.8504
9.8959
9.8419
9.8429
9.8772
9.9337
9.9303
9.9531
9.9499
9.9499
9.961
9.961
9.9234
9.9407
9.9407
9.9407
9.8884
9.9363
9.9363
9.9363
9.9363
9.9363
9.968
9.968
9.968
9.968
9.968
9.968
9.98
9.98
9.9498
9.9498
9.9534
9.9534
9.9717
9.9717
9.9717
9.9717
9.9717
9.9717
9.9717
9.9717
9.9717
9.9717
9.9717
9.9717
0.8968
0.8357
0.8515
0.8361
0.8674
0.8783
0.8883
0.9093
0.8673
1.2158
1.1621
1.3054
1.382
1.3655
1.4343
1.9324
1.6666
2.4585
2.6622
2.0268
2.2282
2.4901
2.2972
3.6639
4.3806
2.8774
3.3045
4.9138
3.9321
4.4245
8.4034
8.3483
8.7746
9.4829
9.6437
9.537
9.6953
9.3905
9.3022
9.4577
9.6641
9.6311
9.7193
9.6414
9.7291
9.6501
9.9088
9.7566
9.7333
9.7484
9.8641
9.8452
9.934
9.8479
9.8503
9.8566
9.8014
9.8378
9.9595
9.9303
9.9531
9.9499
9.9499
9.961
9.961
9.9449
9.9449
9.9449
9.9449
9.8884
9.9363
9.9363
9.9363
9.9363
9.9363
9.9639
9.9639
9.9639
9.9639
9.9639
9.9639
9.98
9.98
9.9498
9.9498
9.9534
9.9534
9.9717
9.9717
9.9717
9.9717
9.9717
9.9717
9.9717
9.9717
9.9717
9.9717
9.9717
9.9717
0.8841
0.8064
0.883
0.8418
0.9492
0.9602
1.076
1.125
1.1327
1.2665
1.1365
1.433
1.5395
1.921
1.6595
1.6803
1.8879
2.2863
2.5791
2.4327
2.3786
3.2023
2.5562
3.0318
4.2252
3.2922
8.498
5.6555
8.3737
9.1973
9.0127
9.1231
9.2562
9.7705
9.6884
9.5795
9.592
9.7771
9.4431
9.426
9.7574
9.7741
9.7207
9.7931
9.6825
9.7135
9.9134
9.8482
9.8482
9.8303
9.8607
9.8856
9.8011
9.867
9.867
9.8421
9.853
9.8572
9.9079
9.9256
9.9507
9.9499
9.9499
9.961
9.961
9.9449
9.9449
9.9449
9.9449
9.9065
9.9363
9.9363
9.9363
9.9363
9.9363
9.9639
9.9639
9.9639
9.9639
9.9639
9.9639
9.98
9.98
9.9653
9.9653
9.9653
9.9653
9.9722
9.9722
9.9722
9.9722
9.9722
9.9722
9.9722
9.9722
9.9736
9.9736
9.9736
9.9736
0.8247
0.9388
0.883
0.9377
1.0511
1.2894
1.1054
1.1403
1.2301
1.3321
1.3258
1.3752
1.5636
1.8423
1.5019
1.7279
2.0346
1.9007
2.4211
3.2498
2.4081
2.7488
2.8445
4.0922
5.2557
4.8816
5.0364
6.3723
7.8
8.5474
9.4538
9.5961
9.626
9.3486
9.4941
9.739
9.6253
9.7991
9.7809
9.4194
9.6106
9.6747
9.7849
9.739
9.6929
9.7642
9.9028
9.8527
9.8446
9.8446
9.8814
9.8918
9.81
9.9008
9.9177
9.9177
9.9177
9.9087
9.8836
9.9554
9.9237
9.9237
9.9069
9.9114
9.9023
9.9449
9.9449
9.9449
9.9449
9.9291
9.9503
9.9503
9.945
9.945
9.945
9.9639
9.9639
9.9639
9.9639
9.9639
9.9639
9.98
9.98
9.9653
9.9653
9.9653
9.9653
9.9722
9.9722
9.9722
9.9722
9.9722
9.9722
9.9722
9.9722
9.9736
9.9736
9.9736
9.9736
0.8187
0.9695
0.9476
1.0767
1.202
1.3085
1.1564
1.2541
1.3233
1.4685
1.7838
1.3354
1.7142
1.8428
1.6918
1.6223
1.7944
1.6578
2.2238
2.4855
2.3906
2.8714
2.3786
4.0596
4.1757
5.4062
8.6962
8.1932
7.8449
8.9245
8.6031
9.2114
9.6739
9.5978
9.6282
9.557
9.6516
9.7795
9.8005
9.7813
9.8314
9.8314
9.8314
9.8169
9.8802
9.8802
9.9213
9.8613
9.8005
9.8047
9.7978
9.8312
9.9323
9.8907
9.9177
9.9177
9.9177
9.9087
9.9123
9.9554
9.9424
9.9127
9.9463
9.9279
9.9279
9.9449
9.9449
9.9449
9.9449
9.9185
9.9503
9.9503
9.9277
9.9199
9.9199
9.9639
9.9639
9.9639
9.9639
9.9639
9.9639
9.98
9.98
9.9653
9.9653
9.9653
9.9653
9.9722
9.9722
9.9722
9.9722
9.9722
9.9722
9.9722
9.9722
9.9736
9.9736
9.9736
9.9736
0.8981
0.9748
0.9432
1.0878
1.1207
1.6506
1.162
1.468
1.4521
1.5636
2.0517
1.8163
2.144
2.135
2.3948
2.2174
2.5118
3.2556
3.9854
3.3437
3.7687
3.6346
4.9544
3.6435
3.6036
7.3826
5.1162
8.3036
8.6256
8.7704
9.1506
9.2963
9.6687
9.6396
9.6443
9.6863
9.7549
9.7097
9.7883
9.8837
9.8315
9.7546
9.8471
9.8022
9.8802
9.8802
9.9213
9.8337
9.8336
9.8458
9.8345
9.8882
9.9238
9.8881
9.9096
9.9138
9.9027
9.9052
9.9187
9.9449
9.9424
9.9434
9.9279
9.9364
9.9364
9.9449
9.9449
9.9449
9.9449
9.9185
9.9503
9.9503
9.9277
9.9199
9.9199
9.9639
9.9639
9.9639
9.9639
9.9639
9.9639
9.98
9.98
9.9653
9.9653
9.9653
9.9653
9.9722
9.9722
9.9722
9.9722
9.9722
9.9722
9.9722
9.9722
9.9736
9.9736
9.9736
9.9736
1.2042
1.0756
1.0931
1.1307
1.2902
1.423
1.488
1.5244
1.421
1.5148
1.8875
2.0105
1.8776
2.5274
2.5331
2.6875
4.0421
3.5689
4.5833
4.6841
3.9765
7.3197
5.5398
8.3417
4.06
5.7115
9.2127
8.7111
8.9648
9.2669
8.9618
9.3383
9.3125
9.7529
9.6815
9.731
9.8658
9.8443
9.926
9.926
9.8752
9.8492
9.7005
9.828
9.7256
9.7989
9.7328
9.8781
9.8976
9.8524
9.8548
9.8428
9.9449
9.9449
9.941
9.8553
9.897
9.9162
9.9048
9.901
9.8714
9.9061
9.9061
9.9061
9.9061
9.9061
9.9061
9.9061
9.9061
9.9253
9.9253
9.9253
9.9422
9.9422
9.9532
9.9532
9.9532
9.9532
9.9532
9.9532
9.9532
9.9531
9.9531
9.9531
9.9531
9.9658
9.9658
9.9528
9.9584
9.9584
9.9584
9.9584
9.9617
9.9617
9.9588
9.9639
9.9639
9.9639
9.9639
1.0213
1.0659
1.3065
1.2009
1.1786
1.2397
1.4114
1.6268
1.5575
1.5927
2.1036
2.0883
2.3382
2.7912
2.7313
3.206
4.6401
4.3765
5.8405
4.0586
4.107
5.2789
7.7305
9.3316
7.7493
9.1348
8.4451
8.9264
9.3731
9.4103
9.6413
9.346
9.8275
9.6187
9.6922
9.7375
9.7246
9.8171
9.7325
9.8628
9.8815
9.8928
9.758
9.8054
9.7829
9.7693
9.8217
9.8497
9.8497
9.9052
9.9052
9.9052
9.9052
9.7805
9.8575
9.8796
9.8898
9.9112
9.9092
9.8901
9.9127
9.8993
9.9141
9.9141
9.9141
9.914
9.914
9.914
9.914
9.9287
9.9287
9.9287
9.9382
9.9339
9.9296
9.9322
9.9322
9.9322
9.9322
9.9384
9.9361
9.9805
9.9805
9.9805
9.9805
9.9805
9.9805
9.9805
9.9805
9.9805
9.9805
9.9805
9.9805
9.9805
9.9805
9.9805
9.9805
9.9646
9.9664
1.0553
1.1242
1.1776
1.2242
1.3264
1.7893
2.101
1.5239
2.011
2.2685
2.2708
2.757
1.8343
3.39
3.4481
3.5013
4.3548
4.1039
5.1916
7.0185
8.1403
5.2325
7.8371
7.9117
7.6093
8.1739
9.2177
9.6583
9.6215
9.6923
9.5744
9.5648
9.6508
9.4386
9.7392
9.7987
9.7082
9.7312
9.8588
9.8567
9.8258
9.8928
9.8059
9.8653
9.8487
9.8487
9.841
9.8314
9.8271
9.9052
9.9052
9.9052
9.9052
9.8108
9.8516
9.8796
9.8907
9.9112
9.9133
9.9133
9.9133
9.9141
9.9141
9.9141
9.9141
9.914
9.914
9.914
9.914
9.9287
9.9287
9.9287
9.9404
9.9339
9.9296
9.9322
9.9322
9.9322
9.9322
9.9384
9.9361
9.9805
9.9805
9.9805
9.9805
9.9805
9.9805
9.9805
9.9805
9.9805
9.9805
9.9805
9.9805
9.9805
9.9805
9.9805
9.9805
9.9646
9.9664
1.3196
1.2741
1.3296
1.3588
1.5895
1.7316
1.5199
2.2012
1.7567
2.0335
1.8195
2.1313
2.4861
3.5259
3.9505
4.4003
5.0764
6.5539
5.8704
5.0082
7.2239
6.6137
8.4554
8.9119
8.0804
8.6515
9.3606
9.513
9.5815
9.7265
9.6317
9.6867
9.7558
9.7949
9.6545
9.7119
9.6787
9.7312
9.8588
9.8698
9.8857
9.8928
9.8059
9.8654
9.8487
9.8487
9.8565
9.8242
9.8012
9.9052
9.9052
9.9052
9.9052
9.8235
9.8516
9.8796
9.8907
9.9112
9.9133
9.9133
9.9133
9.9141
9.9141
9.9141
9.9141
9.914
9.914
9.914
9.914
9.9287
9.9287
9.9287
9.9404
9.9381
9.9296
9.9322
9.9322
9.9322
9.9322
9.9384
9.9361
9.9805
9.9805
9.9805
9.9805
9.9805
9.9805
9.9805
9.9805
9.9805
9.9805
9.9805
9.9805
9.9805
9.9805
9.9805
9.9805
9.9646
9.9664
1.4494
1.5222
1.5533
1.6059
1.5583
1.7972
1.6579
1.8346
1.9132
2.3802
2.0868
2.4389
2.4037
3.3364
4.6153
5.9503
5.057
7.1548
4.6547
8.1182
9.2016
8.6474
8.2162
8.1541
9.4052
9.2287
9.1775
9.2973
9.5572
9.6768
9.5493
9.722
9.7883
9.744
9.6166
9.7318
9.771
9.7856
9.8252
9.8235
9.8173
9.8616
9.737
9.8388
9.8141
9.7966
9.8434
9.8525
9.8525
9.9052
9.9052
9.9052
9.9052
9.8423
9.845
9.8796
9.8671
9.9112
9.9133
9.9133
9.9133
9.9141
9.9141
9.9141
9.9141
9.914
9.914
9.914
9.914
9.9287
9.9287
9.9287
9.9404
9.9381
9.9265
9.9286
9.9286
9.9333
9.9333
9.9384
9.9361
9.9805
9.9805
9.9805
9.9805
9.9805
9.9805
9.9805
9.9805
9.9805
9.9805
9.9805
9.9805
9.9805
9.9805
9.9805
9.9805
9.9646
9.9664
1.5284
1.6869
2.0047
1.8921
1.9032
1.9347
2.3591
2.9266
2.8915
3.0056
3.4239
2.9048
5.3449
4.128
4.9763
5.2052
6.2186
6.4438
6.981
5.6687
8.2587
9.3151
8.1816
7.7699
9.4103
9.3582
9.3258
9.6682
9.5468
9.6844
9.6527
9.7094
9.7377
9.7836
9.6046
9.7475
9.7066
9.7108
9.8315
9.8502
9.8502
9.8616
9.7117
9.8388
9.8099
9.8185
9.8434
9.8988
9.8988
9.8988
9.8982
9.8885
9.8885
9.8852
9.8852
9.8852
9.8852
9.9047
9.9133
9.9133
9.9133
9.9141
9.9141
9.9141
9.9141
9.914
9.914
9.914
9.914
9.9287
9.9287
9.9287
9.9404
9.9381
9.9265
9.9286
9.9286
9.9333
9.9333
9.9384
9.967
9.9805
9.9805
9.9805
9.9805
9.9805
9.9805
9.9805
9.9805
9.9805
9.9805
9.9805
9.9805
9.9805
9.9805
9.9805
9.9805
9.9797
9.9797
2.0482
2.1983
2.4461
2.2428
2.2305
2.294
4.0073
2.7045
3.2956
3.4751
3.7896
4.2513
3.1078
6.1385
5.4516
6.3824
5.1872
6.57
5.75
6.9878
9.2424
9.3715
9.2598
9.1413
9.5143
8.7536
9.4411
9.4389
9.6454
9.6513
9.8465
9.7894
9.727
9.7211
9.7199
9.8254
9.8101
9.8154
9.8315
9.8571
9.868
9.8852
9.7848
9.7848
9.8501
9.8501
9.8501
9.8739
9.8833
9.8833
9.8833
9.8462
9.8797
9.8961
9.9055
9.9055
9.8975
9.9047
9.9133
9.9133
9.9133
9.9141
9.9141
9.9141
9.9141
9.914
9.914
9.914
9.914
9.9287
9.9287
9.9287
9.9476
9.9476
9.9476
9.9476
9.9476
9.9476
9.9476
9.9476
9.9526
9.9805
9.9805
9.9805
9.9805
9.9805
9.9805
9.9805
9.9805
9.9805
9.9805
9.9805
9.9805
9.9805
9.9805
9.9805
9.9805
9.9797
9.9797
1.8165
1.8462
2.1173
2.2466
2.648
2.2402
2.628
2.5909
4.0985
4.0277
3.3813
5.19
3.8743
3.4901
4.5465
4.7458
6.7718
8.9694
7.9379
8.0801
9.3369
9.3421
9.1205
9.0974
9.4584
9.6533
9.6601
9.7955
9.7124
9.8431
9.7871
9.7414
9.7033
9.8458
9.7871
9.7937
9.8339
9.8273
9.882
9.8528
9.9005
9.8898
9.8619
9.8683
9.8752
9.8752
9.8752
9.8297
9.8833
9.8833
9.8833
9.9055
9.9055
9.9055
9.9055
9.9055
9.9238
9.9089
9.9133
9.9133
9.9133
9.8844
9.9253
9.9253
9.9253
9.9067
9.9067
9.9067
9.9067
9.9287
9.9287
9.9287
9.9476
9.9476
9.9476
9.9476
9.9476
9.9476
9.9476
9.9476
9.9526
9.9805
9.9805
9.9805
9.9805
9.9805
9.9805
9.9805
9.9805
9.9805
9.9805
9.9805
9.9805
9.9805
9.9805
9.9805
9.9805
9.9797
9.9797
2.2048
2.2985
2.2913
2.6698
2.9068
3.0311
2.619
2.7713
4.0222
4.6442
3.5254
4.5109
4.9144
5.8275
7.2919
7.9319
8.3272
8.7417
9.3228
9.3769
9.4423
9.3928
9.6738
9.2549
9.4489
9.7373
9.5984
9.6622
9.7816
9.8431
9.7506
9.7552
9.6906
9.7415
9.759
9.8798
9.8739
9.8739
9.8219
9.8528
9.8944
9.8984
9.9286
9.9666
9.9666
9.9666
9.961
9.961
9.9578
9.9578
9.9578
9.9511
9.9751
9.9751
9.9802
9.9802
9.9824
9.9824
9.9824
9.9071
9.9071
9.9438
9.9438
9.9438
9.9438
9.9444
9.9525
9.9525
9.9525
9.9525
9.9525
9.9525
9.947
9.947
9.947
9.947
9.947
9.947
9.947
9.947
9.947
9.9391
9.9395
9.9786
9.9786
9.9786
9.9786
9.9754
9.9754
9.9754
9.9762
9.9762
9.9762
9.9762
9.9762
9.9762
9.977
9.977
9.9815
1.9317
1.9141
1.996
2.4488
2.6866
3.1963
3.5485
2.9281
3.8133
5.7081
5.2569
5.8523
4.6949
8.659
7.6776
8.0118
8.9674
8.2822
8.1535
8.9971
9.1657
9.6043
9.571
9.6692
9.0071
9.8
9.6821
9.6823
9.7991
9.8431
9.7506
9.7663
9.7737
9.7996
9.792
9.8755
9.8755
9.8836
9.8836
9.8696
9.8984
9.8984
9.9286
9.9666
9.9666
9.9666
9.961
9.961
9.9746
9.9746
9.9746
9.972
9.9751
9.9751
9.9802
9.9802
9.9824
9.9824
9.9824
9.9071
9.9071
9.9438
9.9438
9.9438
9.9438
9.9444
9.9525
9.9525
9.9525
9.9525
9.9525
9.9525
9.947
9.947
9.947
9.947
9.947
9.947
9.947
9.947
9.947
9.9391
9.9395
9.9786
9.9786
9.9786
9.9786
9.9754
9.9754
9.9754
9.9785
9.9785
9.9785
9.9785
9.9785
9.9785
9.977
9.977
9.9815
2.7167
2.4224
2.3206
2.5726
3.0732
4.1488
3.6154
3.5392
3.9861
5.157
4.9969
4.7029
6.1651
9.2015
7.6259
8.9589
8.8678
9.2199
9.2766
9.5011
9.6129
9.4957
9.7262
9.5018
9.4845
9.7766
9.7045
9.7931
9.815
9.8431
9.8445
9.8195
9.8405
9.7561
9.8549
9.7846
9.8517
9.8836
9.8836
9.8628
9.9136
9.8899
9.9594
9.9594
9.9594
9.9594
9.9594
9.9594
9.9594
9.8895
9.8983
9.8983
9.8983
9.8983
9.9151
9.9151
9.9151
9.973
9.9646
9.9071
9.9071
9.9438
9.9438
9.9438
9.9438
9.9444
9.9525
9.9525
9.9525
9.9525
9.9525
9.9525
9.947
9.947
9.947
9.947
9.947
9.947
9.947
9.947
9.947
9.9391
9.9395
9.9786
9.9786
9.9786
9.9786
9.9754
9.9754
9.9754
9.9785
9.9785
9.9785
9.9785
9.9785
9.9785
9.977
9.977
9.9815
2.8902
3.9952
3.0136
3.3407
3.4181
4.6837
5.0835
4.4941
4.1149
6.1821
6.5978
6.9977
6.9057
9.2985
8.8668
8.9175
8.4659
9.1188
9.334
9.3778
9.653
9.1965
9.3458
9.3187
9.5934
9.8067
9.7096
9.7243
9.7713
9.7751
9.7859
9.8489
9.8608
9.8098
9.8292
9.772
9.8687
9.8635
9.8635
9.9085
9.9136
9.8899
9.9594
9.9594
9.9594
9.9594
9.9594
9.9594
9.9594
9.9394
9.9442
9.9442
9.9442
9.9442
9.9517
9.9517
9.9517
9.973
9.9646
9.9166
9.9166
9.9166
9.9343
9.9573
9.9573
9.9305
9.9364
9.9364
9.9364
9.9251
9.9563
9.9563
9.947
9.947
9.947
9.947
9.947
9.947
9.947
9.947
9.947
9.944
9.944
9.9786
9.9786
9.9786
9.9786
9.9754
9.9754
9.9754
9.9785
9.9785
9.9785
9.9785
9.9785
9.9785
9.977
9.977
9.9815
3.2796
3.8683
2.6225
2.9248
3.5769
4.04
5.3009
5.5301
4.1234
6.4636
8.1259
8.4031
7.3089
8.3734
8.7039
8.7172
9.5364
9.5569
9.0453
9.2137
9.0589
9.3885
9.399
9.783
9.5164
9.8443
9.7229
9.7837
9.7713
9.7751
9.7859
9.8304
9.8948
9.9342
9.9342
9.9342
9.9075
9.9008
9.8717
9.8136
9.8691
9.8691
9.9594
9.9594
9.9594
9.9594
9.9594
9.9594
9.9594
9.9394
9.9442
9.9442
9.9442
9.9442
9.9517
9.9517
9.9517
9.9722
9.9646
9.9166
9.9166
9.9166
9.9343
9.9573
9.9573
9.9305
9.945
9.945
9.945
9.9406
9.9563
9.9563
9.9462
9.9462
9.9462
9.9462
9.9462
9.9462
9.9462
9.9512
9.9512
9.941
9.941
9.9678
9.9779
9.9779
9.9779
9.9754
9.9754
9.9754
9.9785
9.9785
9.9785
9.9785
9.9785
9.9785
9.977
9.977
9.9815
3.7814
3.6445
3.8875
3.5184
3.7918
4.3114
4.526
5.4947
5.8083
7.2885
7.5588
8.9627
8.796
8.7634
7.8169
9.2683
9.4328
9.6614
9.2641
9.618
9.5622
9.6064
9.7436
9.7436
9.752
9.8488
9.8423
9.8693
9.8436
9.7221
9.7468
9.8503
9.8172
9.8473
9.8473
9.8582
9.8786
9.8483
9.9003
9.9123
9.8965
9.8965
9.9594
9.9594
9.9594
9.9594
9.9594
9.9594
9.9594
9.9394
9.954
9.954
9.954
9.954
9.954
9.954
9.954
9.9722
9.9646
9.9166
9.9166
9.9166
9.9343
9.9573
9.9573
9.9305
9.945
9.945
9.945
9.9406
9.9563
9.9563
9.9462
9.9462
9.9462
9.9462
9.9462
9.9462
9.9462
9.9512
9.9512
9.9718
9.9718
9.9678
9.9779
9.9779
9.9779
9.9754
9.9754
9.9754
9.9785
9.9785
9.9785
9.9785
9.9785
9.9785
9.977
9.977
9.9815
4.4623
3.2672
3.9168
3.7392
4.678
6.0578
7.1775
6.9573
7.0528
8.9916
8.3271
8.9101
8.5672
9.1126
9.1352
8.8583
9.4931
9.3884
9.5828
9.34
9.2303
9.869
9.79
9.8679
9.7928
9.7675
9.7647
9.7243
9.8402
9.876
9.8407
9.7982
9.9261
9.9261
9.9261
9.8582
9.8141
9.8589
9.9211
9.9211
9.9019
9.9019
9.9594
9.9594
9.9594
9.9594
9.9594
9.9594
9.9594
9.9394
9.9469
9.9469
9.9469
9.9469
9.9469
9.9469
9.9469
9.9722
9.9646
9.9558
9.9453
9.9453
9.9453
9.9453
9.9453
9.9517
9.9517
9.9534
9.9534
9.9432
9.9432
9.9432
9.9462
9.9462
9.9462
9.9462
9.9462
9.9462
9.9462
9.9512
9.9512
9.9721
9.9721
9.9678
9.9779
9.9779
9.9779
9.9799
9.9799
9.9799
9.9799
9.9799
9.9799
9.9799
9.9799
9.9799
9.9799
9.9799
9.9799
3.321
3.2948
2.6879
4.4663
5.5083
5.2505
5.2516
8.7652
6.8826
8.7146
8.7391
8.588
9.2171
8.9515
9.3099
8.7532
9.042
9.4252
9.4496
9.7314
9.5531
9.8615
9.8885
9.8446
9.752
9.8358
9.8508
9.8453
9.8453
9.8151
9.857
9.899
9.9261
9.9261
9.9261
9.9173
9.9217
9.9217
9.852
9.9096
9.9
9.9161
9.9594
9.9594
9.9594
9.9594
9.9594
9.9594
9.9594
9.9394
9.9607
9.9607
9.9607
9.9607
9.9607
9.9607
9.9607
9.9417
9.9646
9.9558
9.9453
9.9453
9.9453
9.9453
9.9453
9.9517
9.9517
9.9439
9.9439
9.9432
9.9432
9.9432
9.9603
9.9603
9.9603
9.9603
9.9603
9.9603
9.9603
9.9603
9.9603
9.9721
9.9721
9.9678
9.9779
9.9779
9.9779
9.9799
9.9799
9.9799
9.9799
9.9799
9.9799
9.9799
9.9799
9.9799
9.9799
9.9799
9.9799
3.3397
4.4356
3.7077
8.1878
5.1001
5.2996
5.9767
8.0508
6.5199
8.285
8.8383
9.0622
8.8943
9.6876
9.2154
8.929
9.3049
9.6632
9.4714
9.3917
9.6451
9.8593
9.8467
9.8861
9.7123
9.8326
9.7789
9.7874
9.875
9.8388
9.857
9.869
9.9114
9.9114
9.8985
9.9173
9.9217
9.9217
9.901
9.8964
9.9086
9.9086
9.9594
9.9594
9.9594
9.9594
9.9594
9.9594
9.9594
9.92
9.9607
9.9607
9.9607
9.9607
9.9607
9.9607
9.9607
9.9417
9.9646
9.9558
9.9453
9.9453
9.9453
9.9453
9.9453
9.9517
9.9517
9.9439
9.9439
9.9616
9.9616
9.9616
9.9603
9.9603
9.9603
9.9603
9.9603
9.9603
9.9603
9.9603
9.9603
9.9721
9.9721
9.9678
9.9779
9.9779
9.9779
9.9799
9.9799
9.9799
9.9799
9.9799
9.9799
9.9799
9.9799
9.9799
9.9799
9.9799
9.9799
3.7505
3.6142
5.8519
5.5531
6.3151
6.511
6.6874
8.6595
7.9636
8.3064
8.1127
9.5474
9.0058
9.4742
9.706
9.301
9.3666
9.7012
9.848
9.6343
9.611
9.8593
9.8467
9.8812
9.6666
9.7975
9.7828
9.7877
9.875
9.8728
9.888
9.9166
9.8458
9.9113
9.9005
9.9239
9.9217
9.9217
9.9086
9.9086
9.9004
9.9004
9.9594
9.9594
9.9594
9.9594
9.9594
9.9594
9.9594
9.92
9.9596
9.9596
9.9596
9.9596
9.9596
9.9596
9.9596
9.9417
9.9646
9.9558
9.9453
9.9453
9.9453
9.9453
9.9453
9.953
9.953
9.953
9.953
9.9621
9.9631
9.9631
9.9603
9.9603
9.9603
9.9603
9.9603
9.9603
9.9603
9.9603
9.9603
9.9721
9.9721
9.9768
9.9768
9.9768
9.9768
9.9799
9.9799
9.9799
9.9799
9.9799
9.9799
9.9799
9.9799
9.9799
9.9799
9.9799
9.9799
4.0144
3.6354
3.9922
7.5005
4.678
6.5516
8.7046
8.4781
8.7339
9.1996
8.5718
9.1042
9.4416
9.6235
9.6618
9.6667
9.7854
9.8011
9.8081
9.8459
9.8672
9.8562
9.8571
9.8717
9.892
9.8861
9.7947
9.8182
9.6639
9.8511
9.9017
9.9166
9.8833
9.9108
9.9142
9.9607
9.9607
9.9607
9.9376
9.9376
9.9376
9.9376
9.9134
9.9209
9.8892
9.8892
9.9263
9.9263
9.9252
9.9289
9.9688
9.9688
9.9688
9.971
9.971
9.971
9.971
9.9741
9.9646
9.9558
9.9453
9.9453
9.9453
9.9453
9.9453
9.953
9.953
9.953
9.953
9.9621
9.9631
9.9631
9.9378
9.9574
9.9574
9.9574
9.9574
9.9574
9.9504
9.9548
9.9548
9.9721
9.9721
9.9768
9.9768
9.9768
9.9768
9.9684
9.9684
9.9684
9.9684
9.9684
9.9684
9.9684
9.9684
9.9684
9.9684
9.9684
9.9684
5.0222
5.6826
6.5002
4.7517
8.5119
7.4966
9.1261
8.7502
9.1039
8.7494
9.1907
9.5482
9.727
9.6584
9.6347
9.7843
9.6069
9.7452
9.8122
9.8533
9.8637
9.844
9.7464
9.8204
9.8507
9.898
9.9541
9.9506
9.9405
9.9405
9.9197
9.9641
9.9303
9.934
9.9485
9.8749
9.9177
9.9478
9.9339
9.9339
9.9655
9.9655
9.9235
9.9172
9.9193
9.9193
9.9741
9.9741
9.9524
9.9553
9.9553
9.9553
9.9522
9.9522
9.9798
9.9798
9.9798
9.9711
9.9711
9.9558
9.9453
9.9453
9.9453
9.9453
9.9453
9.9532
9.9532
9.9532
9.9532
9.9621
9.9631
9.9631
9.9378
9.9574
9.9574
9.9574
9.9574
9.9574
9.9504
9.9548
9.9548
9.9721
9.9721
9.9747
9.9747
9.9747
9.9747
9.9684
9.9684
9.9684
9.9684
9.9684
9.9684
9.9684
9.9684
9.9684
9.9684
9.9684
9.9684
5.2689
6.7688
6.1499
8.8203
7.2202
8.5928
8.9794
9.7579
8.9253
9.3206
9.3334
9.4175
9.5559
9.7749
9.7928
9.6932
9.7513
9.8318
9.8318
9.7578
9.8043
9.9175
9.9175
9.8749
9.911
9.9527
9.8845
9.9226
9.9215
9.9321
9.9641
9.934
9.9303
9.934
9.9515
9.9237
9.9237
9.9543
9.9404
9.9404
9.9655
9.9655
9.9615
9.9638
9.9638
9.9638
9.9774
9.9774
9.9574
9.9553
9.9553
9.9553
9.9626
9.9626
9.9711
9.9711
9.9711
9.9819
9.9819
9.9522
9.9453
9.9453
9.9453
9.9453
9.9453
9.9447
9.9447
9.9447
9.9447
9.9621
9.9631
9.9631
9.9378
9.9574
9.9574
9.9574
9.9574
9.9574
9.9504
9.9548
9.9548
9.9721
9.9721
9.9747
9.9747
9.9747
9.9747
9.9684
9.9684
9.9684
9.9684
9.9684
9.9684
9.9684
9.9684
9.9684
9.9684
9.9684
9.9684
8.2361
7.1007
6.339
7.6217
8.5604
9.1529
8.5434
9.1318
9.1425
9.4531
9.6392
9.1928
9.7271
9.8132
9.8003
9.7579
9.7636
9.8651
9.8658
9.8658
9.7036
9.8683
9.9218
9.9239
9.9493
9.9527
9.9135
9.9623
9.9623
9.9623
9.934
9.9529
9.934
9.9205
9.9515
9.9237
9.9237
9.9543
9.9404
9.9404
9.9655
9.9655
9.9806
9.9765
9.9765
9.9765
9.9812
9.9812
9.9631
9.9631
9.9731
9.9798
9.9798
9.9798
9.9819
9.9819
9.9819
9.9716
9.9716
9.9522
9.9453
9.9453
9.9453
9.9453
9.9453
9.949
9.949
9.9505
9.9505
9.9622
9.9622
9.9622
9.9378
9.9574
9.9574
9.9574
9.9574
9.9574
9.9504
9.9548
9.9548
9.9721
9.9721
9.9747
9.9747
9.9747
9.9747
9.9684
9.9684
9.9684
9.9684
9.9684
9.9684
9.9684
9.9684
9.9684
9.9684
9.9684
9.9684
5.7565
8.3023
9.156
8.7167
8.687
9.1268
9.0275
9.5309
9.2331
9.5775
9.533
9.516
9.809
9.7159
9.8119
9.8315
9.7969
9.8421
9.8339
9.8339
9.772
9.8798
9.9363
9.9527
9.8901
9.9301
9.9135
9.9623
9.9623
9.9623
9.934
9.9468
9.934
9.9205
9.9535
9.9581
9.9581
9.9581
9.9581
9.9581
9.9581
9.9581
9.9806
9.9765
9.9765
9.9765
9.9812
9.9812
9.9798
9.9798
9.9798
9.9747
9.9727
9.9727
9.9716
9.9716
9.9716
9.9836
9.9836
9.9629
9.965
9.965
9.965
9.965
9.965
9.949
9.949
9.9505
9.9505
9.9622
9.9622
9.9622
9.9378
9.9574
9.9574
9.9574
9.9574
9.9574
9.9504
9.9548
9.9548
9.9721
9.9721
9.9829
9.9829
9.9828
9.9836
9.9684
9.9684
9.9684
9.9684
9.9684
9.9684
9.9684
9.9684
9.9684
9.9684
9.9684
9.9684
8.7301
8.3324
9.3406
8.7447
9.2952
8.994
9.2162
9.1488
9.2407
9.6768
9.5749
9.761
9.8094
9.6023
9.7545
9.7752
9.7169
9.8835
9.9022
9.9019
9.8823
9.8773
9.9363
9.9527
9.9323
9.9594
9.9135
9.9623
9.9623
9.9623
9.934
9.9468
9.934
9.9247
9.9535
9.9738
9.9738
9.9738
9.9738
9.9738
9.9738
9.9738
9.9806
9.9765
9.9765
9.9765
9.9812
9.9812
9.9798
9.9798
9.9798
9.9747
9.9727
9.9727
9.9716
9.9716
9.9716
9.9836
9.9836
9.9629
9.965
9.965
9.965
9.965
9.965
9.949
9.949
9.9505
9.9505
9.9622
9.9622
9.9622
9.9378
9.9574
9.9574
9.9574
9.9574
9.9574
9.9504
9.9548
9.9548
9.9721
9.9721
9.9829
9.9829
9.9828
9.9836
9.9684
9.9684
9.9684
9.9684
9.9684
9.9684
9.9684
9.9684
9.9684
9.9684
9.9684
9.9684
9.4399
9.1312
9.3237
8.0001
8.8102
9.7061
9.3563
9.7843
9.1291
9.7161
9.6031
9.6823
9.6132
9.8364
9.6153
9.5368
9.7075
9.6879
9.8506
9.8859
9.8567
9.9411
9.9473
9.9527
9.9548
9.9594
9.9412
9.9623
9.9623
9.9623
9.934
9.9352
9.9636
9.9636
9.9258
9.9738
9.9738
9.9738
9.9738
9.9738
9.9738
9.9738
9.9806
9.9765
9.9765
9.9765
9.9812
9.9812
9.9798
9.9798
9.9798
9.9747
9.9727
9.9727
9.9716
9.9716
9.9716
9.9836
9.9836
9.9629
9.965
9.965
9.965
9.965
9.965
9.949
9.949
9.9505
9.9505
9.9622
9.9622
9.9622
9.9378
9.9574
9.9574
9.9574
9.9574
9.9574
9.9504
9.9548
9.9548
9.9721
9.9721
9.9829
9.9829
9.9828
9.9836
9.9684
9.9684
9.9684
9.9684
9.9684
9.9684
9.9684
9.9684
9.9684
9.9684
9.9684
9.9684
9.6313
9.5277
9.114
9.0488
9.2219
9.6274
9.6335
9.2965
9.7794
9.6794
9.6859
9.5108
9.6438
9.7646
9.7164
9.6292
9.7075
9.7111
9.7747
9.8492
9.8185
9.9411
9.9473
9.9527
9.9548
9.9488
9.9488
9.9488
9.9488
9.9197
9.934
9.9352
9.9636
9.9636
9.9258
9.9644
9.9644
9.9644
9.9644
9.9644
9.9644
9.9644
9.9806
9.9765
9.9765
9.9765
9.9812
9.9812
9.9798
9.9798
9.9798
9.9747
9.9727
9.9727
9.9674
9.9674
9.9674
9.9836
9.9836
9.9629
9.965
9.965
9.965
9.965
9.965
9.9585
9.9585
9.9585
9.9585
9.967
9.967
9.967
9.9346
9.9574
9.9574
9.9574
9.9574
9.9574
9.9504
9.9548
9.9548
9.9721
9.9721
9.9829
9.9829
9.9828
9.9836
9.9684
9.9684
9.9684
9.9684
9.9684
9.9684
9.9684
9.9684
9.9684
9.9684
9.9684
9.9684
8.991
8.9897
9.5715
8.8334
9.3521
9.5438
9.7136
9.6594
9.5192
9.7957
9.5752
9.4463
9.6352
9.7686
9.7455
9.8171
9.7971
9.7971
9.825
9.8209
9.8256
9.9411
9.9473
9.9527
9.9548
9.9488
9.9488
9.9488
9.9488
9.9216
9.9514
9.9556
9.9636
9.9636
9.921
9.9707
9.9707
9.9707
9.9707
9.9707
9.9707
9.9707
9.9769
9.9769
9.9737
9.9737
9.9737
9.9737
9.9752
9.9752
9.9752
9.9752
9.9752
9.9752
9.9845
9.9845
9.9845
9.9845
9.9845
9.9629
9.965
9.965
9.965
9.965
9.965
9.9585
9.9585
9.9585
9.9585
9.9585
9.9585
9.9585
9.9372
9.9574
9.9574
9.9574
9.9574
9.9574
9.9504
9.9548
9.9548
9.9721
9.9721
9.9829
9.9829
9.9828
9.9836
9.9801
9.9801
9.9801
9.9801
9.9801
9.9801
9.9801
9.9801
9.9801
9.9801
9.9801
9.9801
9.1126
9.2817
9.3908
9.4594
9.2347
9.5491
9.6731
9.8413
9.513
9.6211
9.7116
9.6067
9.705
9.8446
9.8873
9.817
9.817
9.7311
9.8019
9.8019
9.7995
9.9517
9.9422
9.9548
9.9545
9.9488
9.9488
9.9488
9.9488
9.9216
9.9556
9.9657
9.9606
9.9606
9.962
9.9736
9.9736
9.9736
9.9736
9.9736
9.9736
9.9736
9.9769
9.9769
9.9737
9.9737
9.9737
9.9737
9.9752
9.9752
9.9752
9.9752
9.9752
9.9752
9.9845
9.9845
9.9845
9.9845
9.9845
9.9629
9.965
9.965
9.965
9.965
9.965
9.9479
9.9479
9.9479
9.9479
9.9678
9.9678
9.9678
9.9485
9.9574
9.9574
9.9574
9.9574
9.9574
9.9504
9.9548
9.9548
9.9721
9.9721
9.9829
9.9829
9.9828
9.9836
9.9801
9.9801
9.9801
9.9801
9.9801
9.9801
9.9801
9.9801
9.9801
9.9801
9.9801
9.9801
9.443
9.647
9.4265
9.5266
9.2032
9.7242
9.6649
9.8937
9.5985
9.7055
9.777
9.7329
9.8244
9.9222
9.9222
9.8153
9.6309
9.796
9.7748
9.7874
9.7794
9.9532
9.9532
9.9532
9.9405
9.9488
9.9488
9.9488
9.9488
9.9451
9.9556
9.9657
9.9532
9.9532
9.897
9.9622
9.9689
9.9596
9.9563
9.9563
9.9563
9.9563
9.9769
9.9769
9.9737
9.9737
9.9737
9.9737
9.9752
9.9752
9.9752
9.9752
9.9752
9.9752
9.9845
9.9845
9.9845
9.9845
9.9845
9.9648
9.9648
9.9648
9.9531
9.9531
9.9608
9.9479
9.9479
9.9479
9.9479
9.9678
9.9678
9.9678
9.9485
9.9574
9.9574
9.9574
9.9574
9.9574
9.9504
9.9548
9.9548
9.9721
9.9721
9.9829
9.9829
9.9828
9.9836
9.9801
9.9801
9.9801
9.9801
9.9801
9.9801
9.9801
9.9801
9.9801
9.9801
9.9801
9.9801
9.3056
9.3779
9.538
9.7751
9.7538
9.8607
9.713
9.6533
9.6797
9.7407
9.7696
9.8699
9.8881
9.8971
9.8417
9.8865
9.9095
9.9273
9.9273
9.9367
9.9438
9.8357
9.8466
9.9445
9.9445
9.9089
9.8865
9.8865
9.8718
9.9532
9.9349
9.9617
9.9617
9.9617
9.9459
9.9015
9.9015
9.8944
9.8944
9.9134
9.928
9.9564
9.951
9.951
9.9592
9.9592
9.9592
9.9592
9.9592
9.9592
9.9639
9.9639
9.9639
9.9639
9.9542
9.9542
9.9542
9.9542
9.9542
9.9542
9.9542
9.9716
9.9716
9.9716
9.9716
9.9738
9.9738
9.9749
9.9749
9.9749
9.9612
9.9612
9.9612
9.9612
9.9612
9.9612
9.9612
9.9612
9.9612
9.9612
9.9612
9.9612
9.9612
9.9465
9.9465
9.9465
9.9539
9.9544
9.9544
9.9544
9.9544
9.9561
9.9561
9.9561
9.9561
9.9561
9.9561
9.9561
9.9561
9.5207
9.462
9.5881
9.7488
9.693
9.8349
9.7358
9.6254
9.7305
9.7794
9.7647
9.8678
9.8881
9.8109
9.8772
9.882
9.9262
9.898
9.8572
9.8791
9.9457
9.9457
9.9457
9.9445
9.9445
9.9233
9.9233
9.9233
9.9233
9.9532
9.9349
9.9617
9.9617
9.9617
9.9459
9.9155
9.9155
9.8944
9.8944
9.9134
9.928
9.9564
9.951
9.951
9.9331
9.9331
9.9539
9.9457
9.9457
9.9457
9.9639
9.9639
9.9639
9.9639
9.9542
9.9542
9.9542
9.9542
9.9542
9.9542
9.9542
9.9716
9.9716
9.9716
9.9716
9.9738
9.9738
9.9749
9.9749
9.9749
9.9612
9.9612
9.9612
9.9612
9.9612
9.9612
9.9612
9.9612
9.9612
9.9612
9.9612
9.9612
9.9612
9.9465
9.9465
9.9465
9.9539
9.9544
9.9544
9.9544
9.9544
9.9561
9.9561
9.9561
9.9561
9.9561
9.9561
9.9561
9.9561
9.5587
9.6502
9.6657
9.413
9.5378
9.7736
9.7616
9.7346
9.771
9.729
9.7913
9.8685
9.8782
9.8166
9.798
9.798
9.8983
9.9172
9.859
9.8791
9.9457
9.9457
9.9457
9.9313
9.9313
9.9233
9.9233
9.9233
9.9233
9.9532
9.9349
9.9617
9.9617
9.9617
9.9459
9.9377
9.9377
9.9377
9.9377
9.9533
9.9533
9.9564
9.9598
9.9598
9.9665
9.9665
9.9665
9.9665
9.9665
9.9665
9.9735
9.9685
9.9752
9.9632
9.969
9.969
9.969
9.969
9.969
9.969
9.969
9.9727
9.9727
9.9727
9.9727
9.9727
9.9727
9.9727
9.9727
9.9727
9.9612
9.9612
9.9612
9.9612
9.9612
9.9612
9.9612
9.9612
9.9612
9.9612
9.9612
9.9612
9.9612
9.9656
9.9656
9.9656
9.9656
9.9656
9.9656
9.9656
9.9656
9.9656
9.9656
9.9656
9.9656
9.9656
9.9656
9.9656
9.9656
9.853
9.6544
9.7234
9.7072
9.8592
9.7813
9.6867
9.8965
9.8965
9.8965
9.8093
9.7933
9.8883
9.8631
9.8631
9.8631
9.8983
9.9172
9.941
9.941
9.9457
9.9457
9.9457
9.9276
9.9276
9.9233
9.9233
9.9233
9.9233
9.9532
9.9349
9.9617
9.9617
9.9617
9.9459
9.9377
9.9377
9.9377
9.9377
9.9533
9.9533
9.9564
9.9598
9.9598
9.9665
9.9665
9.9665
9.9665
9.9665
9.9665
9.9735
9.9685
9.9752
9.9632
9.969
9.969
9.969
9.969
9.969
9.969
9.969
9.9727
9.9727
9.9727
9.9727
9.9727
9.9727
9.9727
9.9727
9.9727
9.9612
9.9612
9.9612
9.9612
9.9612
9.9612
9.9612
9.9612
9.9612
9.9612
9.9612
9.9612
9.9612
9.9656
9.9656
9.9656
9.9656
9.9656
9.9656
9.9656
9.9656
9.9656
9.9656
9.9656
9.9656
9.9656
9.9656
9.9656
9.9656
9.6866
9.8565
9.8565
9.691
9.7936
9.8116
9.8393
9.7308
9.7992
9.7822
9.6933
9.8751
9.8687
9.9134
9.9134
9.9134
9.9398
9.9398
9.9398
9.9398
9.9398
9.9419
9.9419
9.9318
9.9318
9.9522
9.9522
9.9522
9.9522
9.9532
9.9347
9.9617
9.9617
9.9617
9.9459
9.9398
9.9398
9.9398
9.9398
9.9533
9.9533
9.9564
9.9598
9.9598
9.9665
9.9665
9.9665
9.9665
9.9665
9.9665
9.9685
9.9757
9.9757
9.9632
9.969
9.969
9.969
9.969
9.969
9.969
9.969
9.9727
9.9727
9.9727
9.9727
9.9727
9.9727
9.9727
9.9727
9.9727
9.9612
9.9612
9.9612
9.9612
9.9612
9.9612
9.9612
9.9612
9.9612
9.9612
9.9612
9.9612
9.9612
9.9656
9.9656
9.9656
9.9656
9.9656
9.9656
9.9656
9.9656
9.9656
9.9656
9.9656
9.9656
9.9656
9.9656
9.9656
9.9656
9.8099
9.8499
9.8744
9.8878
9.7479
9.7175
9.8236
9.8373
9.7851
9.8544
9.8544
9.9113
9.9635
9.8448
9.8678
9.9222
9.8907
9.947
9.9179
9.9105
9.9131
9.9362
9.9362
9.9362
9.9283
9.8894
9.8905
9.91
9.91
9.91
9.8933
9.9365
9.92
9.92
9.92
9.9196
9.9016
9.9016
9.9438
9.9438
9.9438
9.9292
9.9598
9.9598
9.9665
9.9665
9.9665
9.9665
9.9665
9.9665
9.9685
9.9757
9.9757
9.9632
9.969
9.969
9.969
9.969
9.969
9.969
9.969
9.9727
9.9727
9.9727
9.9727
9.9727
9.9727
9.9727
9.9727
9.9727
9.9612
9.9612
9.9612
9.9612
9.9612
9.9612
9.9612
9.9612
9.9612
9.9612
9.9612
9.9612
9.9612
9.9656
9.9656
9.9656
9.9656
9.9656
9.9656
9.9656
9.9656
9.9656
9.9656
9.9656
9.9656
9.9656
9.9656
9.9656
9.9656
9.8095
9.8109
9.8109
9.8574
9.8535
9.7806
9.8334
9.8334
9.8544
9.8538
9.8877
9.914
9.8778
9.9509
9.9509
9.9509
9.9509
9.8927
9.9088
9.9071
9.9071
9.9362
9.9362
9.9362
9.9283
9.9252
9.9282
9.9282
9.9282
9.9282
9.9282
9.9282
9.9447
9.9447
9.9447
9.9447
9.9471
9.9471
9.9258
9.9258
9.9258
9.9258
9.9694
9.9694
9.9694
9.9694
9.9694
9.9694
9.9683
9.9683
9.9683
9.9683
9.9683
9.9683
9.9782
9.9782
9.9782
9.9782
9.9782
9.9782
9.9782
9.9782
9.9782
9.9782
9.9782
9.9782
9.9782
9.9782
9.9782
9.9782
9.9782
9.9782
9.9782
9.9782
9.9782
9.9782
9.9782
9.9782
9.9782
9.9782
9.9782
9.9782
9.9782
9.9782
9.9782
9.9782
9.9782
9.9665
9.9665
9.9665
9.9665
9.9665
9.9665
9.9665
9.9665
9.9665
9.9665
9.9665
9.9665
9.6722
9.6643
9.4843
9.7648
9.7492
9.9145
9.882
9.882
9.8544
9.8893
9.8877
9.8889
9.8674
9.9617
9.9617
9.9617
9.9617
9.9331
9.9088
9.9071
9.9071
9.9362
9.9362
9.9362
9.9283
9.9252
9.9282
9.9282
9.9282
9.9282
9.9282
9.9282
9.9447
9.9447
9.9447
9.9447
9.9471
9.9471
9.9372
9.9372
9.9372
9.9372
9.9683
9.9683
9.9683
9.9683
9.9683
9.9683
9.9782
9.9782
9.9782
9.9782
9.9782
9.9782
9.9782
9.9782
9.9782
9.9782
9.9782
9.9782
9.9782
9.9782
9.9782
9.9782
9.9782
9.9782
9.9782
9.9782
9.9782
9.9782
9.9782
9.9782
9.9782
9.9782
9.9782
9.9782
9.9782
9.9782
9.9782
9.9782
9.9782
9.9782
9.9782
9.9782
9.9782
9.9782
9.9782
9.9665
9.9665
9.9665
9.9665
9.9665
9.9665
9.9665
9.9665
9.9665
9.9665
9.9665
9.9665
9.6317
9.7124
9.6295
9.8111
9.8138
9.841
9.882
9.8208
9.7856
9.7181
9.7999
9.8331
9.8355
9.9238
9.9238
9.9058
9.9098
9.9273
9.8637
9.8637
9.8632
9.9501
9.9501
9.9501
9.9501
9.937
9.9375
9.9375
9.9021
9.9021
9.9496
9.9419
9.9419
9.9419
9.9419
9.9446
9.9446
9.9565
9.9565
9.9615
9.9615
9.9615
9.9634
9.9345
9.9506
9.9528
9.9528
9.9528
9.9528
9.9528
9.9528
9.9528
9.9528
9.957
9.97
9.97
9.97
9.97
9.97
9.97
9.97
9.9633
9.9633
9.9633
9.9633
9.9633
9.9633
9.9633
9.9633
9.9633
9.9633
9.9633
9.9771
9.9771
9.9771
9.9849
9.9849
9.9849
9.9849
9.9849
9.9849
9.9785
9.9785
9.9747
9.9747
9.9747
9.9747
9.9881
9.9881
9.991
9.991
9.991
9.991
9.991
9.991
9.991
9.991
9.991
9.991
9.7417
9.736
9.8151
9.9043
9.8919
9.7214
9.882
9.7454
9.7856
9.8697
9.834
9.834
9.8565
9.9238
9.9238
9.9058
9.9098
9.9273
9.9179
9.9364
9.9364
9.9501
9.9501
9.9501
9.9501
9.937
9.9237
9.9237
9.8875
9.8875
9.9496
9.9419
9.9419
9.9419
9.9419
9.9407
9.9339
9.9438
9.956
9.956
9.956
9.956
9.956
9.9512
9.9506
9.9528
9.9528
9.9528
9.9528
9.9528
9.9528
9.9528
9.9528
9.957
9.97
9.97
9.97
9.97
9.97
9.97
9.97
9.9633
9.9633
9.9633
9.9633
9.9633
9.9633
9.9633
9.9633
9.9633
9.9633
9.9633
9.9771
9.9771
9.9771
9.9849
9.9849
9.9849
9.9849
9.9849
9.9849
9.9785
9.9785
9.9747
9.9747
9.9747
9.9747
9.9881
9.9881
9.991
9.991
9.991
9.991
9.991
9.991
9.991
9.991
9.991
9.991
9.7935
9.7392
9.7836
9.9043
9.8951
9.7369
9.8609
9.8609
9.8859
9.8798
9.8544
9.8549
9.8565
9.9238
9.9238
9.888
9.888
9.888
9.9049
9.9049
9.9049
9.9091
9.9091
9.9091
9.9091
9.9396
9.9172
9.9172
9.8875
9.8875
9.9496
9.9419
9.9419
9.9419
9.9419
9.9407
9.9339
9.9438
9.956
9.956
9.956
9.956
9.956
9.9532
9.9506
9.9528
9.9528
9.9528
9.9528
9.9528
9.9528
9.9528
9.9528
9.957
9.9719
9.9719
9.9719
9.9719
9.9738
9.9738
9.9738
9.9696
9.9696
9.9696
9.9695
9.9675
9.9675
9.9675
9.9675
9.9675
9.9675
9.9675
9.9771
9.9771
9.9771
9.9635
9.9635
9.9635
9.9635
9.97
9.97
9.9785
9.9785
9.9747
9.9747
9.9747
9.9747
9.9881
9.9881
9.991
9.991
9.991
9.991
9.991
9.991
9.991
9.991
9.991
9.991
9.7869
9.8334
9.8068
9.9043
9.8952
9.8258
9.8609
9.8609
9.8303
9.8798
9.7991
9.8562
9.8188
9.9238
9.9238
9.888
9.888
9.888
9.9049
9.9049
9.9049
9.9091
9.9091
9.9091
9.9091
9.9396
9.9172
9.9172
9.8891
9.8891
9.9496
9.9443
9.9443
9.9443
9.9443
9.9407
9.9339
9.9438
9.956
9.956
9.956
9.956
9.956
9.9314
9.9528
9.9528
9.9528
9.9528
9.9528
9.9528
9.9528
9.9528
9.9528
9.957
9.9719
9.9719
9.9719
9.9719
9.9738
9.9738
9.9738
9.9696
9.9696
9.9696
9.9695
9.9675
9.9675
9.9675
9.9675
9.9675
9.9675
9.9675
9.9771
9.9771
9.9771
9.9635
9.9635
9.9635
9.9635
9.97
9.97
9.9785
9.9785
9.9747
9.9747
9.9747
9.9747
9.9881
9.9881
9.991
9.991
9.991
9.991
9.991
9.991
9.991
9.991
9.991
9.991
9.7866
9.7786
9.8466
9.849
9.849
9.8553
9.8583
9.9305
9.9305
9.8927
9.8927
9.9229
9.8208
9.8802
9.8802
9.9003
9.9003
9.9003
9.9049
9.9049
9.9049
9.9091
9.9091
9.9091
9.9091
9.9347
9.9263
9.9263
9.8891
9.8891
9.9496
9.9443
9.9443
9.9443
9.9443
9.9502
9.9502
9.9595
9.9595
9.9595
9.9595
9.9595
9.9595
9.9595
9.9595
9.9595
9.9595
9.9595
9.9595
9.9595
9.9595
9.9595
9.9653
9.9653
9.9719
9.9719
9.9719
9.9719
9.9738
9.9738
9.9738
9.9696
9.9696
9.9696
9.9695
9.9675
9.9675
9.9675
9.9675
9.9675
9.9675
9.9675
9.9771
9.9771
9.9771
9.9635
9.9635
9.9635
9.9635
9.97
9.97
9.9785
9.9785
9.981
9.981
9.981
9.981
9.9881
9.9881
9.991
9.991
9.991
9.991
9.991
9.991
9.991
9.991
9.991
9.991
9.7893
9.7893
9.8448
9.8448
9.848
9.8426
9.8553
9.9259
9.9259
9.8286
9.8684
9.9312
9.9312
9.8802
9.8802
9.9035
9.9035
9.9035
9.9049
9.9049
9.9049
9.911
9.911
9.911
9.911
9.9565
9.9411
9.9411
9.9411
9.9418
9.9519
9.9569
9.9545
9.9545
9.9545
9.9502
9.9502
9.9595
9.9595
9.9595
9.9595
9.9595
9.9595
9.9595
9.9595
9.9595
9.9595
9.9595
9.9595
9.9595
9.9595
9.9595
9.9653
9.9653
9.9713
9.9713
9.9713
9.9713
9.9722
9.9722
9.9722
9.9722
9.9722
9.9722
9.9722
9.9722
9.9722
9.9722
9.9722
9.9728
9.9728
9.9728
9.9833
9.9833
9.9833
9.9635
9.9635
9.9635
9.9635
9.97
9.97
9.9785
9.9785
9.981
9.981
9.981
9.981
9.9887
9.9887
9.991
9.991
9.991
9.991
9.991
9.991
9.991
9.991
9.991
9.991
9.8476
9.9057
9.8448
9.8448
9.8047
9.8321
9.8553
9.9259
9.9259
9.9293
9.9293
9.9147
9.9147
9.8802
9.8802
9.9073
9.9073
9.9073
9.9132
9.9089
9.9089
9.9323
9.9323
9.9316
9.9316
9.9374
9.9374
9.9374
9.9374
9.9491
9.9491
9.9491
9.9517
9.9513
9.9513
9.9502
9.9502
9.9595
9.9595
9.9595
9.9595
9.9595
9.9595
9.9595
9.9595
9.9595
9.9595
9.9595
9.9595
9.9595
9.9595
9.9595
9.9653
9.9653
9.9713
9.9713
9.9713
9.9713
9.973
9.973
9.973
9.973
9.973
9.973
9.973
9.973
9.973
9.973
9.973
9.973
9.973
9.973
9.9833
9.9833
9.9833
9.9784
9.9784
9.9784
9.9784
9.9784
9.9784
9.9785
9.9785
9.981
9.981
9.981
9.981
9.9887
9.9887
9.991
9.991
9.991
9.991
9.991
9.991
9.991
9.991
9.991
9.991
9.9057
9.9018
9.8313
9.8313
9.8065
9.8437
9.8363
9.9259
9.9259
9.9293
9.9293
9.9168
9.9168
9.8777
9.8823
9.9121
9.9121
9.9121
9.9423
9.9423
9.9463
9.9369
9.9369
9.942
9.9389
9.9197
9.9197
9.9197
9.9376
9.9491
9.9491
9.9491
9.9517
9.9513
9.9513
9.9502
9.9502
9.9595
9.9595
9.9595
9.9595
9.9595
9.9595
9.9595
9.9595
9.9595
9.9595
9.9595
9.9595
9.9595
9.9595
9.9595
9.9675
9.9675
9.9713
9.9713
9.9713
9.9713
9.969
9.969
9.969
9.969
9.969
9.969
9.969
9.969
9.969
9.969
9.969
9.969
9.969
9.969
9.9833
9.9833
9.9833
9.9734
9.9759
9.9759
9.9759
9.9759
9.9759
9.9785
9.9785
9.981
9.981
9.981
9.981
9.9887
9.9887
9.991
9.991
9.991
9.991
9.991
9.991
9.991
9.991
9.991
9.991
9.9057
9.9018
9.8257
9.8257
9.8354
9.8437
9.8363
9.9259
9.9259
9.9293
9.9293
9.9168
9.9168
9.8777
9.8844
9.9121
9.9121
9.9121
9.9423
9.9423
9.9463
9.9362
9.9362
9.942
9.9389
9.9197
9.9197
9.9197
9.9376
9.9491
9.9491
9.9491
9.9517
9.9513
9.9513
9.9502
9.9502
9.9595
9.9595
9.9595
9.9595
9.9595
9.9595
9.9595
9.9595
9.9595
9.9595
9.9595
9.9595
9.9595
9.9595
9.9595
9.9675
9.9675
9.9713
9.9713
9.9713
9.9713
9.969
9.969
9.969
9.969
9.969
9.969
9.969
9.969
9.969
9.969
9.969
9.969
9.969
9.969
9.9833
9.9833
9.9833
9.9734
9.9759
9.9759
9.9759
9.9759
9.9759
9.9785
9.9785
9.981
9.981
9.981
9.981
9.9887
9.9887
9.991
9.991
9.991
9.991
9.991
9.991
9.991
9.991
9.991
9.991
9.8816
9.8816
9.867
9.867
9.867
9.867
9.867
9.9259
9.9259
9.8591
9.8591
9.8699
9.8699
9.9163
9.9163
9.9228
9.9228
9.9228
9.9423
9.9423
9.9463
9.9362
9.9362
9.942
9.9389
9.9197
9.9197
9.9197
9.9376
9.9491
9.9491
9.9491
9.9517
9.9421
9.9421
9.9423
9.9423
9.9595
9.9595
9.9595
9.9595
9.9595
9.9595
9.9595
9.9595
9.9595
9.9595
9.9595
9.9595
9.9595
9.9595
9.9595
9.9675
9.9675
9.9713
9.9713
9.9713
9.9713
9.969
9.969
9.969
9.969
9.969
9.969
9.969
9.969
9.969
9.969
9.969
9.969
9.969
9.969
9.9833
9.9833
9.9833
9.9734
9.9759
9.9759
9.9759
9.9759
9.9759
9.9785
9.9785
9.981
9.981
9.981
9.981
9.9887
9.9887
9.991
9.991
9.991
9.991
9.991
9.991
9.991
9.991
9.991
9.991
9.8257
9.8621
9.8965
9.9165
9.9165
9.9165
9.9165
9.9259
9.9259
9.9155
9.9263
9.9263
9.9263
9.9163
9.9163
9.9228
9.9228
9.9228
9.9423
9.9423
9.9463
9.9362
9.9362
9.942
9.9389
9.9197
9.9197
9.9197
9.9376
9.9513
9.9513
9.9513
9.9517
9.9481
9.9481
9.9423
9.9423
9.9595
9.9595
9.9595
9.9595
9.9595
9.9595
9.9595
9.9595
9.9595
9.9595
9.9595
9.9595
9.9595
9.9595
9.9595
9.9675
9.9675
9.9713
9.9713
9.9713
9.9713
9.9768
9.9768
9.9768
9.9768
9.9768
9.9768
9.9768
9.9768
9.9768
9.9768
9.9768
9.9768
9.9768
9.9768
9.9833
9.9833
9.9833
9.9734
9.9759
9.9759
9.9759
9.9759
9.9759
9.9785
9.9785
9.981
9.981
9.981
9.981
9.9887
9.9887
9.991
9.991
9.991
9.991
9.991
9.991
9.991
9.991
9.991
9.991
9.8885
9.8885
9.9176
9.8966
9.9023
9.9023
9.8812
9.9259
9.9259
9.875
9.8562
9.8799
9.9018
9.9163
9.9163
9.9228
9.9228
9.9228
9.9375
9.9375
9.9375
9.9511
9.9511
9.9511
9.9511
9.9197
9.9197
9.9197
9.9376
9.9513
9.9513
9.9513
9.9517
9.9481
9.9481
9.9595
9.9595
9.9595
9.9595
9.9595
9.9595
9.9595
9.9595
9.9595
9.9595
9.9595
9.9595
9.9595
9.9595
9.9595
9.9595
9.9595
9.9675
9.9675
9.9713
9.9713
9.9713
9.9713
9.9768
9.9768
9.9768
9.9768
9.9768
9.9768
9.9768
9.9768
9.9768
9.9768
9.9768
9.9768
9.9768
9.9768
9.9833
9.9833
9.9833
9.9734
9.9759
9.9759
9.9759
9.9759
9.9759
9.9785
9.9785
9.981
9.981
9.981
9.981
9.9887
9.9887
9.991
9.991
9.991
9.991
9.991
9.991
9.991
9.991
9.991
9.991
9.8885
9.8885
9.9312
9.8966
9.9023
9.9023
9.8465
9.9259
9.9259
9.8691
9.8691
9.8691
9.9018
9.907
9.907
9.9307
9.9307
9.9307
9.9375
9.9375
9.9375
9.9511
9.9511
9.9511
9.9511
9.9197
9.9197
9.9197
9.9376
9.9513
9.9513
9.9513
9.9517
9.9396
9.9396
9.9595
9.9595
9.9595
9.9595
9.9595
9.9595
9.9595
9.9595
9.9595
9.9595
9.9595
9.9595
9.9595
9.9595
9.9595
9.9595
9.9595
9.9675
9.9675
9.9713
9.9713
9.9713
9.9713
9.9768
9.9768
9.9768
9.9768
9.9768
9.9768
9.9768
9.9768
9.9768
9.9768
9.9768
9.9768
9.9768
9.9768
9.9833
9.9833
9.9833
9.9734
9.9759
9.9759
9.9759
9.9759
9.9759
9.9785
9.9785
9.981
9.981
9.981
9.981
9.9887
9.9887
9.991
9.991
9.991
9.991
9.991
9.991
9.991
9.991
9.991
9.991
9.8629
9.8629
9.8811
9.8811
9.8811
9.8811
9.8811
9.9259
9.9259
9.9028
9.9028
9.8944
9.8944
9.9116
9.9116
9.9307
9.9307
9.9307
9.9511
9.9511
9.9511
9.9511
9.9511
9.9511
9.9511
9.9197
9.9197
9.9197
9.9376
9.9513
9.9513
9.9513
9.9517
9.9396
9.9396
9.9595
9.9595
9.9595
9.9595
9.9595
9.9595
9.9595
9.9595
9.9595
9.9595
9.9595
9.9595
9.9595
9.9595
9.9595
9.9595
9.9595
9.9675
9.9675
9.9713
9.9713
9.9713
9.9713
9.9768
9.9768
9.9768
9.9768
9.9768
9.9768
9.9768
9.9768
9.9768
9.9768
9.9768
9.9768
9.9768
9.9768
9.9833
9.9833
9.9833
9.9734
9.9759
9.9759
9.9759
9.9759
9.9759
9.9785
9.9785
9.981
9.981
9.981
9.981
9.9887
9.9887
9.991
9.991
9.991
9.991
9.991
9.991
9.991
9.991
9.991
9.991
9.8629
9.8629
9.8811
9.8811
9.8811
9.8811
9.8811
9.9427
9.9427
9.9028
9.9028
9.8944
9.8944
9.9116
9.9116
9.9307
9.9307
9.9307
9.9511
9.9511
9.9511
9.9511
9.9511
9.9511
9.9511
9.9197
9.9197
9.9197
9.9376
9.9513
9.9513
9.9513
9.9517
9.9396
9.9396
9.9595
9.9595
9.9595
9.9595
9.9595
9.9595
9.9595
9.9595
9.9595
9.9595
9.9595
9.9595
9.9595
9.9595
9.9595
9.9595
9.9595
9.9675
9.9675
9.9713
9.9713
9.9713
9.9713
9.9768
9.9768
9.9768
9.9768
9.9768
9.9768
9.9768
9.9768
9.9768
9.9768
9.9768
9.9768
9.9768
9.9768
9.9833
9.9833
9.9833
9.9734
9.9759
9.9759
9.9759
9.9759
9.9759
9.9785
9.9785
9.981
9.981
9.981
9.981
9.9887
9.9887
9.991
9.991
9.991
9.991
9.991
9.991
9.991
9.991
9.991
9.991
9.9171
9.924
9.924
9.9357
9.9357
9.9403
9.9403
9.9179
9.9179
9.9509
9.9509
9.9509
9.9509
9.9323
9.9323
9.9412
9.9412
9.9412
9.9511
9.9511
9.9511
9.9511
9.9511
9.9511
9.9511
9.9299
9.9299
9.9299
9.9299
9.9513
9.9513
9.9513
9.9517
9.9356
9.9356
9.9609
9.9609
9.962
9.962
9.962
9.962
9.962
9.962
9.962
9.962
9.9604
9.9604
9.9604
9.9606
9.9606
9.9606
9.9606
9.9606
9.9606
9.9713
9.9713
9.9713
9.9713
9.9768
9.9768
9.9768
9.9768
9.9768
9.9768
9.9768
9.9768
9.9768
9.9768
9.9768
9.9768
9.9768
9.9768
9.9833
9.9833
9.9833
9.9734
9.9759
9.9759
9.9759
9.9759
9.9759
9.9785
9.9785
9.981
9.981
9.981
9.981
9.9887
9.9887
9.991
9.991
9.991
9.991
9.991
9.991
9.991
9.991
9.991
9.991
