9801

1.5
1.56475
1.5452
1.64091
1.58647
1.68354
1.57756
1.61605
1.66553
1.71893
1.74199
1.78642
1.95575
1.85014
1.94021
2.04057
2.11613
2.06738
2.05642
2.23161
2.26733
2.51288
2.40587
2.38149
2.59508
2.74524
2.88332
2.77286
2.69971
3.45365
3.82546
3.43066
3.65609
3.48423
3.55401
3.97219
4.27901
4.15047
5.04369
5.11423
5.47708
5.52591
5.53255
5.60213
6.20557
6.44551
6.92251
6.28448
7.26584
7.21277
8.4804
9.06817
10.2101
10.17
10.7691
13.2147
14.5096
13.1547
16.7041
18.1609
26.6566
28.9087
51.2087
50.336
30.441
57.2456
194.602
106.883
240.662
216.714
132.892
272.273
404.977
330.101
643.873
533.094
457.025
682.223
718.123
682.336
725.986
765.671
823.773
890.972
1077.13
1307.13
1281.01
1209.74
1180.65
1277.3
1232.51
1269.05
1287.13
1327.39
1360.43
1616.4
1629.96
1729.18
1609.9
1.5
1.52198
1.57373
1.568
1.59177
1.65294
1.61609
1.60884
1.65886
1.7
1.72279
1.78125
1.89394
1.8241
1.92105
1.99524
1.96636
2.27336
2.21653
2.26112
2.48433
2.59188
2.58904
2.59417
2.83333
2.74961
2.96345
2.87072
2.79175
3.39541
3.32147
3.4226
3.59478
3.48885
3.60746
3.85504
4.25082
4.11226
4.43794
4.66973
5.10199
5.26999
5.74725
6.24877
6.78959
6.89056
7.56885
7.30422
7.75342
6.95781
9.14871
8.96637
9.9579
11.138
18.6229
17.9946
14.6214
13.6055
13.5202
17.4711
33.4127
23.7712
50.8956
37.8599
39.544
80.3346
51.0869
56.2187
229.661
346.723
297.012
341.144
397.132
500.485
592.509
408.8
776.72
522.711
735.143
689.15
891.63
904.764
987.328
1274.14
893.215
1223.96
1301.72
1350.69
1295.48
1354.04
1268.09
1304.08
1462.71
1339.74
1537.92
1632.88
1654.24
1759.78
1635.91
1.51657
1.73684
1.54059
1.59655
1.60924
1.6864
1.65487
1.61837
1.63235
1.68906
1.72477
1.72614
1.85117
1.80334
1.89855
2.05208
2.05395
2.14153
2.23225
2.26068
2.54715
2.63017
2.48003
2.5145
2.66457
2.63612
2.95559
2.95802
2.94825
3.6862
3.94397
4.09266
4.1858
3.8588
4.40884
4.52245
4.6929
4.13438
4.71841
4.79606
5.30309
5.13598
5.45763
5.89092
5.98308
6.48716
7.44996
6.72527
7.82853
6.72617
7.49345
9.30808
9.15768
10.3986
10.2743
11.3542
14.4937
16.2427
14.4528
20.4153
20.2384
26.2451
88.9404
68.7632
117.35
33.7698
311.719
59.4934
322.331
298.792
326.851
629.257
469.348
807.459
701.018
765.754
788.2
801.935
1064.17
1056.35
851.677
1251.77
1181.61
1081.58
1277.89
1312.73
1245.89
1335.93
1225.62
1546.45
1444.3
1454.1
1492.99
1484.33
1529.82
1664.48
1676.76
1785.28
1652.75
1.52954
1.54029
1.5301
1.61911
1.7203
1.64286
1.66364
1.63806
1.63311
1.74379
1.68876
1.72888
1.89474
1.81728
1.8832
1.95364
2.00993
2.07345
2.06871
2.28351
2.53611
2.60871
2.3726
2.51159
2.63532
2.62472
2.71197
2.73172
2.80046
3.13081
3.40738
3.82718
4.13596
3.58379
4.1248
4.38635
4.65093
4.71418
4.38144
4.79805
4.54552
4.86796
5.32985
5.73646
6.28287
7.44631
7.92612
8.2042
10.1973
10.276
9.90007
12.1607
13.0633
14.9089
17.1007
12.4996
15.6619
33.0829
26.4402
32.3893
37.3396
29.9514
36.8912
49.8377
70.5609
128.54
156.048
330.833
314.156
564.65
369.097
607.461
648.956
658.994
557.462
719.781
663.889
809.98
996.812
879.169
955.143
1281.15
1219.11
1119.28
1170.55
1203.3
1295.69
1209.99
1373.68
1451.17
1325.66
1472.22
1652.64
1688.43
1657.09
1692.37
1779.48
1813.77
1846.92
1.60211
1.59615
1.62707
1.65686
1.617
1.666
1.631
1.62993
1.72204
1.77532
1.78552
1.82946
1.97203
1.86742
1.96137
2.15687
2.04222
2.19553
2.22134
2.41733
2.51928
2.75604
2.40196
2.4442
2.61161
2.54152
2.63911
2.73472
2.90898
3.12947
3.13353
3.77551
3.85878
3.81649
4.08164
4.27419
4.288
4.38443
4.85319
4.73377
5.46865
5.47595
5.40306
5.88063
6.47107
7.40205
8.59756
6.80161
11.1922
8.23785
9.92171
8.82625
12.2163
11.7827
21.0782
16.7782
33.8276
27.4268
13.4883
21.0466
30.528
45.542
212.058
172.197
185.973
64.1301
285.51
108.777
356.449
507.227
473.627
741.691
569.849
674.375
708.265
720.361
756.395
840.517
1109.92
1198.23
1189.6
1312.8
1332.48
946.779
1252.5
1285.38
1331.59
1256.64
1318.73
1627.67
1581.96
1677.81
1717.68
1755.27
1788.1
1726.67
1809
1842.59
1875.01
1.56707
1.72841
1.59639
1.64318
1.71704
1.71533
1.6908
1.73862
1.72899
1.74652
1.77062
1.74335
1.95107
1.9852
2.05667
2.06126
2.06723
2.1748
2.32741
2.53434
2.34529
2.31225
2.34262
2.3398
2.49929
2.57485
2.48696
2.60958
3.03329
2.99208
3.16878
3.37898
3.43881
3.60293
3.75884
3.98114
3.97766
4.37356
4.6559
4.84895
5.44177
5.23551
5.66138
6.14168
7.27278
7.5816
8.09866
7.12706
12.7885
11.5804
9.15933
8.73456
9.93642
10.948
14.2012
17.6003
22.0498
49.8081
30.5144
36.3366
50.0467
96.0187
148.832
119.027
45.774
200.858
376.122
364.983
454.882
652.764
495.081
389.263
543.247
864.668
933.651
1014.01
925.552
1003.7
838.959
1163.34
1058.84
1345.75
1360.29
1101.86
1390.5
1383.01
1360.56
1364.56
1390.64
1488.73
1623.85
1709.99
1749.1
1786.15
1818.33
1752
1828.24
1861.08
1892.55
1.57969
1.68648
1.70502
1.75379
1.73252
1.65726
1.7217
1.62754
1.65691
1.75375
1.76182
1.86051
2.07783
1.94611
2.06741
2.0376
1.96642
2.08505
2.17597
2.40048
2.33384
2.54406
2.26809
2.60783
2.62714
2.66393
2.5513
2.7415
3.15295
3.43498
3.51274
3.41293
3.58743
3.73647
3.8499
4.17522
4.02677
4.58551
4.40974
4.88999
4.99295
5.02896
5.75208
5.74049
6.56018
6.63018
7.15219
6.88517
7.34116
11.1279
11.5284
9.1803
22.2236
16.4767
36.7684
32.5612
17.8834
39.5196
30.8334
96.6471
49.8187
104.254
203.242
484.326
268.871
527.708
421.25
493.172
397.988
498.9
440.683
649.268
674.605
880.311
768.095
902.873
951.843
1006.93
940.083
942.737
1260.47
1186.4
1174.11
1224.36
1261.66
1285.05
1559.77
1624.68
1654.18
1425.76
1465.39
1643.22
1650.16
1658.53
1504.04
1689.88
1724.18
1751.65
1766.29
1.66867
1.61937
1.80452
1.64936
1.64716
1.7205
1.69202
1.6528
1.67912
1.76723
1.86782
1.86461
1.95051
2.08302
2.02298
2.04313
2.01258
2.22476
2.15865
2.52202
2.34503
2.53317
2.29749
2.60127
2.44983
2.62057
2.616
2.74883
3.00676
3.1224
3.38633
3.32319
3.7372
3.3791
3.88618
4.42894
4.21462
4.39949
4.92066
5.58069
6.69992
7.95806
7.04627
7.4208
8.16615
8.48795
7.93455
8.40055
10.5996
10.5296
11.9285
15.7521
16.0237
29.0989
17.8839
29.8967
34.9963
83.6592
112.865
57.7482
93.1811
211.576
57.3052
195.238
384.892
508.409
298.816
495.151
526.18
568.406
686.638
658.7
761.156
1019.41
1108.88
979.61
985.014
899.981
1097.6
1108.67
1296.06
1095.9
1375.89
1438.99
1468.17
1439.2
1411.6
1491.38
1527.4
1562.55
1554.38
1588.53
1596.27
1725.86
1717.86
1758.57
1790.44
1817.53
1746.04
1.75
1.87897
1.78421
1.84448
1.73802
1.77551
1.7
1.73625
1.83019
1.84733
1.80193
1.84178
2.02541
2.01574
2.04974
2.0335
2.03735
2.04281
2.05319
2.36194
2.32989
2.53833
2.29878
2.66873
2.62234
2.74672
3.31265
3.41984
3.81067
3.92287
3.37579
3.35111
3.66675
4.02667
4.23255
4.0287
4.01623
4.6264
5.03908
5.50297
5.74567
6.42248
6.35188
6.97604
7.87928
8.44463
8.46685
8.08706
8.00325
8.89544
9.78552
9.86562
13.267
15.4824
23.7405
91.8066
33.6394
38.9807
45.6783
46.4621
64.7884
172.225
99.4132
287.258
340.977
315.751
252.312
586.504
635.917
680.505
605.583
674.018
854.044
1139.75
1179.07
1027.6
1029.24
1054.48
1303.68
1274.42
1337.99
1211.18
1422.47
1485
1513.33
1472.23
1446.54
1529.11
1564.62
1599.57
1496.66
1528.34
1747.96
1751.94
1622.4
1666.19
1544.54
1568.79
1814.48
1.86262
1.78055
1.78808
1.83904
1.85294
1.76046
1.69066
1.95561
1.86189
1.72848
1.83502
1.99274
2.09236
2.15114
2.11642
2.1771
2.03792
1.95667
2.15086
2.47569
2.5721
2.66267
2.51498
2.66023
2.71062
2.70871
3.44231
3.3868
3.8522
3.88693
3.28081
3.31726
3.58584
3.97633
4.03163
4.02651
4.23213
5.48269
5.3901
5.84636
6.64228
7.39831
6.75664
6.84957
7.47672
8.3145
10.0151
8.48335
7.21383
8.49689
10.8519
13.9938
16.9927
34.1208
34.6299
34.6104
33.653
149.986
168.028
99.644
169.505
175.49
423.808
458.339
427.718
571.304
592.147
713.77
435.165
612.68
841.445
694.174
869.992
933.396
1109.94
936.488
973.617
1111.81
1137.14
1128.94
1365.57
1260.93
1419.59
1443.65
1479.61
1417.72
1474.25
1474.1
1515.34
1626.23
1466.45
1600
1764.89
1794.68
1677.13
1710.62
1927.26
1959
1741.36
1.80287
1.68512
1.61285
1.86947
1.94164
1.81667
1.82458
1.86005
1.84984
1.84698
1.84375
1.93697
1.95271
1.98701
2.0481
2.17771
2.03471
2.13358
2.24386
2.37748
2.28786
2.48696
2.55538
2.64649
2.58536
2.52506
3.53387
3.47704
3.7347
3.98211
3.44753
3.47793
3.77421
4.12141
4.39887
3.82306
3.98794
4.65721
6.05052
5.89379
6.09155
7.05246
8.54034
6.91889
7.69453
8.48394
9.57011
8.7725
9.2398
10.6138
17.2527
23.2752
81.2816
29.1667
41.6913
20.5034
126.04
84.9027
135.813
161.342
191.347
195.767
391.33
549.478
478.669
434.975
485.044
616.541
626.326
896.544
858.871
797.049
924.328
1237.54
1273.41
1099.96
1008.53
1275.17
1259.19
1152.97
1534.93
1362.24
1448.71
1465.66
1501.17
1572.64
1542.34
1763.1
1608.12
1658.08
1518.82
1552.39
1799.13
1819.01
1703.09
1735.19
1945.86
1977.02
1770.76
1.94691
1.84731
1.78125
1.82448
1.93774
1.82938
1.8371
1.78169
1.7999
1.92353
1.89963
1.99824
2.1163
2.04002
2.01572
2.09038
2.04235
2.10029
2.13073
2.3709
2.26326
2.47789
2.52488
2.4958
2.35806
2.70582
2.90959
2.81006
3.07375
3.29427
3.20637
3.21777
4.00141
4.04779
4.88295
4.36394
4.53156
5.66905
6.16084
6.81997
7.14291
7.42476
7.64037
8.8205
9.14531
9.23916
10.7602
10.406
19.3648
11.3277
15.3989
22.3265
34.3039
24.8298
26.9404
59.122
61.0946
114.104
167.922
310.507
312.108
297.215
412.325
493.465
643.166
649.434
591.549
612.969
613.51
834.595
897.909
806.392
1135.48
920.413
829.054
1163.89
1195.37
1231.86
1333.09
1408.84
1229.88
1403.5
1493.3
1407.09
1324.14
1390.95
1551.72
1787.74
1823.54
1682.9
1563.34
1586.5
1738.24
1845.37
1725.72
1757.45
1968.12
1998.68
1870.15
2.04599
1.84993
1.81258
1.79098
1.81796
1.85017
1.81441
1.84635
1.84513
1.88375
1.85315
2.04324
2.0878
2.00746
2.07176
2.08327
2.14265
2.06507
2.03956
2.47775
2.41285
2.45795
2.53339
2.76992
2.7482
2.84558
3.12406
2.88188
3.23769
3.12494
3.29829
3.29326
3.70211
3.62769
4.94288
4.78156
4.64451
6.06102
6.98415
6.25708
6.80463
8.66038
8.76679
8.93133
9.96599
11.5913
12.3402
14.0584
21.5702
14.2831
13.6084
16.7528
19.2302
45.7211
226.343
203.017
136.044
277.038
206.87
485.189
451.879
459.224
581.2
486.928
529.794
589.819
586.133
911.936
769.568
831.726
814.502
941.937
1193.17
1126.52
1102.61
1144.84
1236.32
1140.42
1275.12
1365.69
1601.85
1638.23
1664.71
1508.36
1462.68
1493.8
1489.76
1740.9
1770.28
1661.66
1804.91
1831.89
1861.73
1907.51
1940.03
1778.58
2078.3
2039.96
2009.34
2.0255
1.87181
1.89196
1.81114
1.92889
2.03805
1.86997
1.89446
1.94713
1.95848
1.96896
2.07689
2.12588
2.03298
2.26951
2.13017
2.20654
2.30292
2.23005
2.43913
2.58242
2.79678
2.88978
2.95741
3.34892
2.8183
3.11554
2.8854
3.3084
3.36987
4.37558
4.22412
4.97168
5.2822
7.40959
7.00542
5.48313
6.85018
7.38619
12.1652
6.33682
8.97076
10.5976
13.0634
14.2872
19.8396
15.4219
16.489
27.4653
22.5007
29.0548
67.0107
53.7918
70.3972
34.5222
135.857
73.6988
289.014
170.993
376.202
287.68
513.202
594.307
613.765
881.372
913.248
848.429
985.511
797.232
891.151
1229.91
1275.38
1014.33
1159.57
1187.82
1176.92
1136.31
1226.29
1375.95
1442.66
1528.24
1561.16
1587.44
1488.78
1515.26
1597.93
1625.8
1766.15
1795.19
1698.2
1845.03
1871.45
1900.5
1945.21
1958.84
1805.17
1994.4
2053.17
2038.57
2.05232
1.94937
1.8568
1.87947
1.97009
1.93505
1.88884
1.92591
2.01401
1.96819
2.20502
2.04724
2.16061
2.30554
2.31215
2.35087
2.23769
2.20207
2.4195
2.44167
2.47677
2.72592
2.76854
2.98274
3.21603
3.29937
2.82993
3.17566
3.35817
3.4568
3.6314
3.88316
4.85863
5.06832
7.72337
6.88782
6.05218
7.10292
6.15562
9.39822
8.26497
8.85545
10.7974
9.75413
12.909
15.8133
16.9605
23.5685
32.3104
36.0465
35.9124
59.9128
53.7711
34.5355
138.07
62.7848
226.343
351.503
251.148
472.877
438.995
595.952
604.161
722.662
819.184
789.079
1003.31
864.263
935.442
1089.48
991.142
1239.53
1106.69
1150.44
1368.85
1292.72
1323.2
1226.9
1346.85
1468.88
1389.56
1407.11
1434.41
1497.59
1536.77
1710.37
1743.38
1656.24
1881.5
1909.34
1936.54
1967.73
1994.05
2024.44
2055.19
2082.53
2105.56
2125.33
2154.05
1.89565
1.89747
1.99821
2.11039
2.14185
1.91206
1.90751
1.94942
1.98974
2.01833
2.103
2.14838
2.18546
2.23082
2.32551
2.41062
2.421
2.25253
2.4177
2.66647
2.49242
2.63997
2.95971
3.23804
3.5
3.38436
2.82409
3.25186
3.63607
4.59698
4.52935
4.65665
5.22766
4.92264
7.14238
6.23991
7.32402
8.49052
6.38584
10.483
7.20141
9.1797
9.12749
9.4377
11.6756
17.1591
20.3525
26.2137
22.6182
30.1117
24.1766
44.2161
38.8686
121.476
114.442
423.896
291.144
353.111
615.787
423.055
589.985
628.053
636.646
811.329
876.607
919.061
991.147
854.497
1034.18
896.521
1042.73
1286.53
1135.04
1293.17
1070.62
1539.9
1298.37
1417.15
1462.36
1470.34
1316.03
1539.94
1599.79
1630.35
1656.13
1716.97
1741.92
1879.65
1913.58
1803.51
1825.56
1866.97
1894.46
1936.61
1956.99
1992.77
2023.31
2045.06
2068.5
2.11715
2.07126
2.04181
1.96146
2.02941
1.96753
2.03818
2.05469
2.11208
2.10587
2.23389
2.34938
2.30603
2.5084
2.43937
2.36654
2.57414
2.5748
2.52153
2.71785
2.55625
2.85811
3.11105
2.91241
3.13594
3.21514
3.54939
3.56274
3.7624
4.12312
4.46461
4.12505
5.5592
5.73581
7.83106
6.92834
6.44285
9.75009
7.41193
11.4435
8.23393
12.3325
11.041
17.6296
13.0456
22.645
22.739
34.6706
45.5493
38.1687
80.9089
138.059
224.461
132.515
285.864
504.112
445.05
540.462
453.008
545.54
721.9
795.678
909.558
767.022
880.796
944.576
1152.23
998.967
1119.67
1194.01
1232.18
1269.02
1260.46
1184.15
1217.73
1572.53
1334.42
1472.86
1518.13
1562.17
1451.56
1572.56
1628.51
1658.46
1683.68
1747.75
1772.04
1906.49
1939.78
1823.24
1844.96
1885.76
1912.9
1962.22
1982.17
2017.43
2047.39
2068.7
2091.71
2.00877
2.0437
2.25491
2.00938
2.00605
2.06678
2.23577
2.20139
2.2504
2.18449
2.22707
2.32378
2.56203
2.43386
2.37306
2.46903
2.4859
2.48606
2.48307
2.77001
2.93072
2.86193
2.79518
2.9367
3.24726
3.64203
3.85575
3.41886
3.97735
4.03366
4.11917
3.94975
5.78077
6.01626
7.03666
6.27289
6.98583
9.15127
7.49234
13.3641
10.4908
9.45372
11.0662
13.01
15.5501
18.127
26.5631
43.908
27.5091
44.7315
84.2998
82.1692
146.497
341.902
161.146
427.411
404.438
674.784
599.369
422.78
675.552
696.403
766.335
748.432
684.183
999.644
986.532
1025.58
1145.78
1208.08
1116.75
1028.86
1279.4
1373.38
1395.4
1498.7
1544.89
1503.16
1547.85
1605.81
1475.5
1590.46
1648.32
1677.83
1702.61
1779.8
1803.49
1926.32
1959.03
1844.16
1865.51
1905.81
1932.62
1990.32
2009.67
2044.18
2073.58
2094.35
2116.87
2.17724
2.20106
2.24026
2.08364
2.21946
2.11049
2.08375
2.092
2.20679
2.15487
2.26177
2.30656
2.60098
2.63694
2.49875
2.59196
2.45644
2.67783
2.68563
2.821
3.07652
3.2761
2.52439
2.81222
3.33811
3.49714
3.50695
3.42915
4.15575
4.06863
4.61839
4.41539
5.32634
6.81927
7.91071
7.20733
6.26528
8.39608
8.39921
10.6086
9.71384
8.6363
15.2773
18.3177
24.7259
29.4805
25.8959
38.6165
40.478
39.1237
35.4023
165.305
389.439
198.409
249.789
612.162
368.642
619.529
716.364
639.832
662.42
789.666
888.674
878.725
909.001
982.049
1195
1210.07
1339.55
1293.35
1360.61
1325.01
1279.14
1379.04
1376.73
1307.4
1353.89
1404.34
1506.63
1663.85
1502.05
1690.36
1747.3
1783.31
1704.23
1858.24
1887.18
1933.22
1760.68
1786.94
1825.76
1843.28
1872.07
1891.02
2013.98
2042.24
2058.5
2079.4
2103.8
2.03863
2.21545
2.08071
2.23247
2.2954
2.12306
2.10016
2.1938
2.15086
2.15771
2.19475
2.17869
2.48518
2.51181
2.47061
2.75163
2.52951
2.64102
2.66059
2.77263
3.19843
3.21246
2.85571
2.78544
3.21712
3.81963
3.88262
4.58676
3.7849
4.51655
5.28928
5.28284
6.1439
6.68637
6.64362
5.86895
8.00292
8.9396
11.1418
9.1806
9.45251
8.96791
10.1036
15.0755
18.5667
15.9657
25.2074
71.3074
67.1957
75.139
68.2529
272.248
378.412
312.529
582.677
624.934
578.059
683.559
594.32
742.853
877.852
935.346
1052.14
942.22
776.15
968.923
1255.29
1297.93
1335.03
1379.63
1333.16
1554.7
1321.22
1414.98
1373.33
1461.89
1495.97
1392.35
1588.8
1580.38
1624.09
1725.87
1722.38
1745.52
1635.72
1799.71
1824.75
1963.56
1790.84
1816.74
1855.19
1872.46
1900.81
1919.25
2090.39
2117.28
2092.66
2112.94
2136.65
2.27031
2.28298
2.28349
2.32899
2.25359
2.13987
2.1017
2.23614
2.20567
2.12047
2.16441
2.25551
2.41416
2.41399
2.52526
2.71648
2.65977
2.74538
3.06857
2.91061
2.8623
3.61779
3.06977
3.35134
3.31212
3.74365
3.67432
4.30946
4.00612
4.56664
5.0949
5.47411
5.92846
6.67596
7.26906
6.96606
7.06448
11.8139
10.4089
10.7467
10.3786
14.2165
11.015
14.1537
16.0946
17.0661
27.9003
35.1188
46.9637
85.3057
209.904
274.318
334.811
373.03
428.422
559.236
524.273
761.628
788.859
841.008
962.761
994.546
1177.32
949.774
793.987
992.885
1280.24
1322.18
1358.43
1402.12
1355.51
1578.37
1414.36
1440.28
1566.34
1539.68
1565.95
1527.77
1566.54
1608.81
1663.34
1659.06
1676.99
1700.55
1663.89
1824.15
1848.56
1824.81
1859.3
1881.61
2003.52
2058.84
2006.32
2050.89
2142.83
2068.25
2027.47
2141.22
2180.35
2.09028
2.40217
2.41354
2.47865
2.45779
2.20584
2.36874
2.34531
2.32787
2.43699
2.25334
2.22885
2.60851
2.45075
2.47285
2.71295
2.73298
3.03059
2.85041
2.94899
3.1477
3.53627
3.38596
3.39252
3.40963
3.42681
3.80157
4.92911
5.20926
5.94829
5.08595
5.38251
6.04804
8.12766
7.82822
8.59791
8.383
9.04485
11.632
11.4254
14.1547
11.9789
15.752
56.3349
25.3505
47.0647
44.1758
180.095
51.5148
160.462
101.113
334.865
284.129
466.721
581.147
344.166
477.096
802.51
645.252
611.532
929.944
1191.89
1138.87
998.37
1150.36
1208.87
1264.62
1314.57
1348.79
1274.17
1311.54
1342.68
1580.9
1416.86
1546.42
1585.77
1611.25
1693.17
1682.18
1624.48
1681.84
1601.02
1771.68
1757.94
1732.32
1804.4
1823.43
1892.32
1998.56
2021.43
2041.19
2068.5
2091.78
2142.77
2176.22
2159.41
2166.73
2186.31
2139.08
2.35585
2.47114
2.33611
2.38764
2.31109
2.17629
2.22826
2.37465
2.49661
2.49546
2.3781
2.39753
2.48746
2.42556
2.56015
2.5478
2.85749
3.25
3.21766
2.9078
2.94858
3.32133
3.50187
3.61399
3.20815
3.38467
3.81986
4.98504
5.70048
6.18027
6.1733
5.11211
6.66365
7.17033
8.23789
9.71938
6.91804
11.1573
16.1915
15.9339
17.9289
17.9528
43.8572
45.982
15.2548
90.2337
166.788
137.108
122.349
235.329
249.245
563.375
154.255
237.238
642.098
459.563
718.019
656.969
772.088
984.001
1126.94
846.229
1030.43
858.908
1199.91
1093.89
1317.5
1358.39
1490.09
1401.49
1336.55
1458.99
1332.4
1483.18
1513.22
1555.96
1692.11
1630.78
1666.97
1755.75
1644.98
1775.81
1806.89
1827.84
1798.72
1838.45
1866.67
1858.36
1889.75
2000.02
2092.61
2126.01
2147.7
2171.84
2199.65
2228.03
2254.81
2164.83
2197.69
2.69574
2.62358
2.54184
2.54867
2.71259
2.45768
2.35064
2.59097
2.65132
2.6061
2.63547
2.62194
2.72093
2.75465
2.72374
2.53942
2.97826
2.78874
2.87275
3.13619
3.386
3.36216
3.34177
3.97257
3.56223
4.04707
4.18601
5.04067
5.70095
6.08899
5.56077
5.64124
7.35022
8.55269
12.2615
6.93674
7.89017
13.8687
10.8555
17.6528
17.916
28.6281
16.7378
53.7228
61.242
102.609
52.8082
82.2519
132.831
251.836
330.371
463.861
491.06
535.553
646.163
665.847
842.884
704.288
1009.84
949.595
1120.65
898.867
940.867
1146.93
1097.6
1218.83
1265.66
1303.61
1427.85
1317.16
1345.3
1495.38
1524.35
1410.64
1348.43
1480.93
1537.67
1611.9
1545.6
1840.63
1766.71
1826.08
2070.82
1946.41
1858.6
1873.25
1892.82
1917.41
1941.64
1961.08
1983.13
2006.5
2032.57
2056.53
2110.13
2138.93
2195.18
2210.97
2258.7
2.57737
2.86804
2.68321
2.62667
2.72151
2.61761
2.40655
2.51227
2.68278
2.80896
2.8365
3.16327
2.70011
3.05124
2.74905
2.8269
2.92248
3.11945
3.16538
3.18281
3.32538
3.20168
3.34402
3.50434
3.71277
4.34761
4.50786
5.40137
6.55809
7.18333
7.15571
7.66112
8.22204
9.65518
9.71381
7.33963
9.93091
17.075
15.3023
36.3138
15.2187
16.3745
24.7298
29.2943
34.1449
72.2115
53.4206
116.322
361.865
451.845
498.759
404.177
628.381
707.697
839.586
882.852
906.107
790.219
1007.3
1035.81
1046.7
1105.83
1139.3
1181.2
1178.65
1156.06
1341.39
1370.5
1244.69
1369.66
1375.21
1501.9
1671.31
1585.7
1707.59
1644.97
1673.02
1711.36
1743.26
1870.41
1707.35
1787.67
2096.19
1858.72
1927.27
1924.28
1946.39
1995.35
2016.39
2035.89
2058.82
2073.77
2092.74
2120.77
2131.76
2160.05
2220.6
2235.95
2134.79
2.56772
2.93346
2.7553
2.52996
2.5925
2.5823
2.48331
2.62137
2.94362
3.01271
3.08627
2.95353
2.92865
2.87879
2.90095
2.79928
2.75562
2.88454
2.97216
3.43041
4.28712
3.45133
3.55969
3.98611
4.91287
4.59476
4.95588
5.7147
5.58981
7.07253
8.27113
9.08294
12.9227
10.1503
12.2562
11.2458
14.0338
17.2533
22.4838
16.6792
34.5259
16.7528
99.0261
53.4889
45.184
220.66
160.356
360.75
450.148
575.164
387.026
503.844
597.364
710.091
933.462
822.057
862.943
853.838
1012.07
1063.7
1081.79
1062.44
1104.39
1252.43
1246.02
1381.91
1248.36
1288.75
1285.92
1413.46
1487.49
1546.94
1590.89
1618.37
1528
1568.74
1615.02
1656.67
1779.39
1796.45
1882.32
1812.34
2131.33
1914.42
1988.93
1970.41
1993.4
1874.87
1909.21
1933.62
1967.14
1997.62
2020.17
2037.95
2161.14
2188.85
2294.47
2316.78
2235.56
2.78927
2.83973
2.5442
2.65529
2.66441
2.6336
2.59389
2.77813
2.91802
3.04635
3.1523
3.10667
2.99973
2.94811
2.94349
3.04832
3.06031
2.7138
3.03046
3.56244
4.18695
3.9961
3.9812
4.64677
5.1021
5.50119
5.96995
6.85701
7.72702
7.61621
8.04216
8.75054
9.65519
10.7341
11.9069
12.8765
17.2326
16.7045
44.9094
72.2909
28.7903
61.6645
20.6288
47.1898
282.349
257.389
341.772
440.268
494.892
429.992
626.385
635.291
765.609
620.527
955.591
911.102
851.654
1010.56
1049.37
1223.29
1084.58
1186.61
1156.44
1206.22
1322.86
1463.69
1148.53
1263.55
1411.49
1552.1
1526.67
1541.49
1623.52
1649.1
1565.38
1605.38
1650.78
1691.77
1812.06
1829.97
1913.38
1838.24
2157.81
2090.7
2113.78
2140.97
2004.61
2030.78
2062.87
2080.46
2008.3
2091.59
2195.7
2221.94
2244.37
2277.65
2211.83
2226.09
2246.14
2.97029
3.00608
2.6305
2.76238
2.70947
2.59212
2.59294
2.67158
2.85393
3.06831
2.96984
3.3622
3.07501
2.95314
3.09313
3.18031
3.40922
3.60965
3.88476
3.24449
4.7767
3.98459
4.30905
4.48096
4.64878
5.99534
6.68959
6.54769
8.38754
9.76078
9.60162
9.65706
8.82105
7.83538
9.41827
15.0319
19.945
29.546
21.1112
47.0498
46.0448
25.5827
37.8902
219.272
269.619
389.904
435.476
357.293
572.823
633.838
724.443
682.648
800.734
850.814
819.838
865.184
953.431
1018.84
1087.57
1054.07
1271.55
1224.75
1306.52
1341.98
1351.21
1509.02
1585.57
1618.15
1357.59
1589.37
1611.39
1602.32
1507.6
1681.22
1597.85
1637.02
1681.31
1721.49
1844.25
1861.19
1751.27
1910.95
2043.78
2113.35
2136.07
2162.82
2027.89
2053.57
2085.26
2102.6
2030.07
2110.17
2214.58
2240.47
2262.43
2295.2
2228.45
2242.38
2262.06
3.25775
3.26703
2.82117
2.85757
2.63837
2.70197
2.548
2.71105
2.94166
3.02075
2.99121
3.11887
3.30595
3.42018
3.7452
3.9446
4.57696
4.12707
4.06727
3.67389
5.03814
3.9798
5.82239
7.95258
5.12241
6.08871
6.19349
7.86075
8.23863
8.66145
9.50812
13.9712
7.71238
10.7925
12.7456
12.7791
19.3336
20.7618
24.9377
36.0309
156.041
27.8545
232.957
158.833
483.179
386.527
430.158
821.092
621.341
985.043
690.809
744.89
885.759
838.335
883.638
916.604
1035.86
1017.9
1190.06
1196.62
1246.83
1293.09
1213.8
1241.28
1426.24
1550.15
1622.8
1654.7
1634.41
1610.43
1643.32
1662.35
1538.49
1714.06
1618.81
1655.1
1695.96
1730.75
1760.35
1778.06
1779.62
1941.57
2072.25
2148.69
2170.91
2197.23
2058.43
2083.55
2114.85
2131.87
2051.06
2138.29
2238.66
2263.96
2285.54
2317.74
2251
2264.61
2283.98
3.48192
3.39739
3.04025
3.01345
3.00061
2.73288
2.70616
2.72756
3.14573
3.2152
3.10813
3.16956
3.14752
3.27222
4.18689
4.55938
4.50835
4.4856
4.2968
4.09507
5.85863
5.4621
5.15667
4.95487
6.16667
6.13256
6.91283
8.26443
9.54394
12.486
9.51132
16.9602
13.1655
9.65125
18.5944
16.9827
17.3974
22.2527
67.4098
84.9239
66.0058
152.122
227.476
358.041
337.968
518.329
352.177
620.885
810.027
741.468
673.969
926.645
816.303
888.563
1055.82
952.073
1071.98
948.088
1224.8
1226.37
1274.53
1507
1543.42
1583.3
1488.89
1583.79
1407.31
1507.97
1543.57
1653
1617.42
1584.29
1534.5
1724.56
1756.52
1785.58
1820.02
1852.08
1882.67
1931.09
1910.72
1954.85
2098.53
2161.49
2183.45
2209.45
2219.88
2244.6
2262.52
2139.32
2073.56
2154.42
2263.73
2288.57
2309.81
2341.44
2269.3
2282.67
2301.81
3.46068
3.53977
3.28523
3.03939
3.01552
2.80554
2.89138
3.02759
3.12947
3.54752
3.35489
3.82232
3.56783
3.5661
3.45385
3.74822
3.93731
4.63672
4.69542
4.70974
6.53389
6.55604
5.99434
6.36833
6.33216
7.16365
9.25975
9.96338
12.8449
11.9136
15.1681
15.0707
11.7409
14.6249
14.9112
45.4529
61.0436
290.326
30.439
102.631
138.849
110.393
278.885
236.023
461.133
543.951
490.788
648.515
639.739
921.754
887.615
839.442
964.146
779.159
1031.67
1141.1
1160.14
1293.16
1176.51
1351.79
1363.75
1345.92
1421.25
1390.2
1456.74
1442.5
1463.7
1486.72
1533.2
1578.44
1804.77
1621.35
1628.48
1746.78
1768.27
1806.23
1828.12
1866.9
1897.01
1950.37
1980.72
1988.03
2119.58
2181.43
2202.9
2228.61
2247.57
2271.99
2289.65
2160.22
2092.78
2181.67
2283.6
2308.11
2328.89
2360.1
2291.19
2304.32
2323.18
3.65035
3.7021
3.26689
3.04626
3.08059
3.14334
3.2116
3.3471
3.09558
3.5698
3.44243
4.02539
3.67042
3.84391
4.05946
3.86296
4.40327
4.32575
5.14306
5.26671
4.84143
5.24941
5.29582
5.55322
7.22644
8.07456
10.3283
9.53419
13.7936
9.20182
8.78042
13.7207
43.9539
26.5504
15.6881
63.4814
59.283
24.8016
248.757
157.698
215.77
359.643
296.651
448.92
557.419
537.729
562.73
603.011
760.45
654.678
843.897
1032.29
911.319
925.012
1066.86
1041.47
1195.6
1449.15
1311.88
1369.8
1400.62
1431.16
1406.49
1413.72
1443.88
1414.19
1493.97
1516.28
1561.86
1606.42
1581.36
1655.83
1725.04
1762.58
1802.61
1840
1861.45
1899.36
1928.76
1923.69
2003.76
2009.41
2139.08
2201.18
2222.43
2247.88
2266.05
2290.24
2307.7
2177.38
2115.14
2206.03
2301.09
2325.36
2345.88
2376.73
2311.06
2323.93
2342.47
3.21951
3.08403
3.42971
3.11886
3.30431
3.20061
3.59779
3.31335
3.34448
3.68966
3.60773
4.16082
4.44429
4.80307
4.80382
5.76359
5.27448
5.66038
5.03256
5.88286
6.08524
6.04824
5.49586
5.97955
6.65464
7.60623
9.3503
12.4932
13.3625
62.0624
21.8205
14.8604
31.2313
21.0003
23.5831
23.3251
43.1834
327.8
325.671
180.915
291.361
426.727
436.426
658.175
671.381
605.892
643.785
744.226
882.16
855.61
969.526
965.25
946.411
864.522
1314.03
1186.22
1244.61
1327.7
1386.56
1330.96
1370.44
1466.65
1382.9
1659.84
1692.7
1450.62
1541.89
1563.37
1608.11
1651.55
1859.38
1818.46
1769.59
1785.13
1837.01
1873.86
1894.9
1932.21
1961.08
1949.32
2031.26
2029.78
2164.49
2221.5
2242.43
2267.58
2277.43
2301.33
2318.55
2209.74
2130.81
2152.1
2168.49
2184.89
2200.64
2237.57
2337.82
2350.37
2368.56
3.399
3.84951
3.73617
3.46669
3.7069
3.46762
3.83419
3.88827
3.94356
4.36961
4.24988
4.75735
4.76285
4.32748
4.6013
4.79074
4.64426
4.99675
4.57625
6.46207
7.82414
6.95916
7.11997
7.02564
7.76766
10.3405
15.7514
14.5323
13.5261
24.8595
26.3265
14.9115
32.0913
24.0089
29.3223
42.9981
202.573
301.17
186.979
348.509
172.97
425.926
524.125
588.065
799.32
658.32
617.309
832.166
927.357
846.391
874.989
1082.81
1141.12
1209.73
1108.72
1230.98
1290.11
1386.88
1315.51
1385.15
1405.17
1499.8
1412.34
1683.37
1715.72
1476.58
1571.71
1592.59
1636.71
1679.18
1747.32
1840.41
1730.87
1803.09
1854.9
1891.33
1911.96
1948.76
1977.29
1928.95
2055.04
2053.83
2195.33
2238.75
2259.36
2284.23
2298.67
2322.21
2339.05
2230.46
2149.3
2170.19
2186.36
2202.5
2218.05
2254.55
2349.28
2361.63
2379.68
3.59354
3.28209
3.72624
3.81447
3.80131
3.77705
3.77043
4.18524
3.50484
4.15246
4.22128
5.1056
5.44751
4.78052
5.02634
4.96688
6.09528
4.91882
4.48364
6.54392
7.63516
6.08383
5.88114
8.8698
10.5122
13.0715
15.6901
22.9117
15.4653
22.5644
28.334
19.0867
23.5732
83.0019
179.753
81.2972
104.668
216.164
466.586
372.042
501.287
424.68
423.349
581.427
621.747
739.778
695.721
755.483
647.209
914.448
936.523
956.677
971.594
1054.46
1197.29
1175
1530.06
1462.82
1355.29
1426.14
1441.87
1477.11
1506.05
1541.16
1574.45
1509.01
1609.18
1629.63
1672.69
1714
1783.45
1650.29
1837.59
1825.79
1889.48
1925.19
1945.22
1981.26
2008.98
2014.84
2126.21
2148.74
2205.72
2248.95
2269.33
2293.91
2311.13
2334.37
2351.05
2254.25
2173.72
2194.24
2210.15
2226.01
2241.33
2277.2
2376.93
2388.96
2406.49
3.93746
3.7854
4.08096
3.48934
3.54562
3.67066
3.86206
4.30661
3.69599
4.07414
4.30914
5.3205
5.95356
5.3098
5.74517
5.79492
7.00886
7.15337
6.72118
7.48886
7.22975
7.15948
7.42734
8.86332
13.7521
21.7336
22.2465
25.1208
27.3892
23.8677
35.6042
69.8111
115.423
103.079
64.2681
331.11
201.921
160.86
333.854
471.705
496.213
582.246
541.669
691.747
724.743
736.675
794.513
984.42
991.61
962.236
1059.2
923.257
1359.3
1212.81
1105.97
1138.64
1359.09
1493.32
1391.92
1478.33
1390.22
1636.26
1666.36
1693.13
1725.77
1765.54
1634.78
1654.88
1697.3
1738.02
1804.56
1775.52
1862.25
1852.39
1911.46
1946.59
1966.13
2001.73
2029.07
2037.82
2165.18
2173.69
2219.63
2260.48
2280.6
2304.92
2330.51
2353.46
2369.86
2269.51
2190.26
2210.44
2226.22
2241.88
2257.03
2292.51
2403.24
2415.02
2432.19
3.98371
3.74173
3.66878
3.73795
3.6994
3.52897
3.70174
3.94684
3.94424
4.66697
5.11603
6.62346
6.77261
5.67081
6.15566
5.70298
6.7834
9.41351
7.2631
8.25778
6.16215
7.86118
7.60673
11.5212
23.6738
16.8034
23.4223
25.1255
49.7758
34.9279
40.4277
29.8075
82.4177
160.755
91.1647
297.584
266.88
122.974
373.895
295.837
418.381
557.409
432.138
847.062
799.487
878.845
925.735
935.21
904.025
1066.7
1126.73
1031.18
1329.38
1284.69
1289.39
1247.61
1502.34
1543.28
1575.91
1506.32
1686.34
1579.59
1610.75
1650.65
1706.53
1623.98
1654.49
1787.36
1818.8
1748.58
1857.65
1874.72
2101.82
1946.74
2157.28
2187.88
2216.58
2238.76
1953.43
2154.93
2171.33
2099.25
2183.19
2147.64
2170.11
2193.38
2215.69
2247.68
2315.25
2332.84
2292.04
2319.12
2334.9
2355.88
2434.7
2461.47
2483.28
2498.17
2518.96
3.66155
3.86268
3.79379
3.68005
3.58445
3.66947
3.66155
4.00956
4.14457
4.81496
4.88482
5.3233
5.9638
6.26123
6.70463
8.11736
8.23321
10.9494
9.43702
9.71491
10.3629
12.6798
9.45542
13.3913
15.2597
12.8823
41.6063
19.5626
47.8536
41.1948
146.332
43.6131
241.922
94.5608
125.403
113.165
342.34
318.061
455.005
474.742
499.275
769.401
702.911
799.236
811.848
958.542
995.262
1034.73
893.745
926.13
1003.6
1171.58
1204.66
1291.25
1244.24
1328.54
1549.17
1589.05
1620.59
1544.81
1655.34
1577.8
1599.42
1634.35
1654.98
1703.85
1742.37
1848.06
1877.79
1916.43
1994.6
1993.59
2138.84
1858.23
1949.19
1974.36
1960.15
2065.06
2166.75
2199.84
2192.16
2120.21
2201.97
2177.24
2199.26
2222.18
2244.05
2423.19
2447.81
2463.06
2384.08
2402.4
2425.55
2445.22
2551.82
2571.3
2591.95
2610.75
2634.18
4.0164
4.02613
4.3722
4.35364
4.30751
5.11103
5.05157
5.0429
4.52352
5.5802
5.60586
6.09242
6.52763
7.25737
7.05132
9.74867
8.0374
9.0343
9.91209
8.3741
10.0996
13.1104
13.4647
16.9409
15.8584
15.4531
32.4947
43.5776
44.0702
61.8488
43.8617
171.337
290.386
221.955
240.598
406.827
322.256
448.62
607.434
721.036
716.264
778.499
830.436
918.157
890.754
950.551
1132.29
1046.55
1096.51
1161.99
1066.81
1145.97
1294.53
1294.74
1220.19
1462.42
1306.59
1429.85
1458.23
1480.04
1666.49
1557.08
1592.2
1619.29
1654
1754.79
1854.64
1889.54
1912.6
1831.04
1821.22
1840.74
1957.15
1882.93
1897.99
1991.52
2022.88
2051.2
2072.87
2097.71
2137.53
2197.1
2221.48
2347.07
2360.16
2381.29
2404.73
2414.79
2435.83
2460.84
2591.53
2606.68
2628.94
2431.22
2444.28
2467.79
2490.03
2504.16
2519.7
4.20522
4.17087
4.89332
4.12726
4.40781
4.32915
4.44226
4.89605
4.46571
6.09645
6.7038
6.19943
6.62853
7.04013
7.79962
8.24795
8.53294
10.5161
11.0041
7.94615
9.80014
11.5178
15.1543
14.1634
20.3003
17.9719
21.3386
36.0304
72.7704
197.131
117.394
274.473
133.496
273.404
493.783
621.046
365.424
669.428
603.977
622.849
750.274
791.901
896.235
1056.93
962.758
966.299
1162.63
1171.74
1214.42
1127.86
1295.23
1185.54
1327.53
1323.42
1472.68
1447.46
1422.83
1321.61
1736.72
1514.32
1690.87
1589.36
1623.85
1682.69
1716.92
1776.82
1880.72
1915.14
1937.88
1851.53
1847.82
1866.95
1975.3
1899.94
1914.73
2164.13
2192.35
2221.24
2250.28
2282.98
2304.24
2211.3
2235.47
2366.49
2379.34
2400.17
2423.23
2433.12
2453.85
2478.49
2601.6
2616.63
2638.66
2444.38
2457.22
2480.4
2502.26
2516.17
2531.56
5.28001
5.15403
4.93397
4.72617
5.16315
4.93484
4.61101
4.75186
4.9549
6.7049
6.18002
6.28594
6.64686
7.15241
8.29532
8.52606
9.67495
11.9947
12.7365
14.6013
15.464
12.5437
15.9704
17.7915
22.8196
43.6701
25.332
70.9124
177.522
124.794
337.625
197.99
509.095
563.118
556.386
421.165
680.118
657.019
667.537
874.309
814.246
825.989
823.618
913.66
933.116
925.903
1256.5
1011.23
1203.44
1216.98
1143.79
1330.68
1325.63
1414.56
1356.91
1601.18
1357.46
1453.92
1503.09
1602.64
1728.94
1619.07
1652.84
1712.23
1745.98
1801.63
1901.95
1935.99
1958.39
1880.52
2044.78
2066.67
2080.42
2091.04
2113.9
2182.37
2210.25
2238.73
2267.15
2299.34
2320.26
2235.86
2259.58
2252.03
2267.2
2385.89
2406.66
2461.22
2480.7
2500.13
2520.07
2543.43
2559.88
2579.66
2596.64
2617.45
2637.5
2654.1
2669.68
5.59915
5.16448
5.19436
4.99911
4.94684
5.05976
5.00085
5.23472
4.74464
6.96319
6.5404
7.5
7.60528
7.52431
8.33775
12.0371
10.1295
16.9398
20.8349
13.6808
15.7953
17.6353
13.3031
28.9387
50.263
18.8567
20.7731
47.6595
27.343
39.8953
264.084
298.845
370.166
562.601
647.189
655.705
686.51
601.717
688.37
741.16
780.547
982.76
1064.16
866.218
1118.79
1072.34
1187.5
1127.45
1241.82
1136.29
1273.83
1285.69
1419.13
1446.8
1565.87
1598.09
1331.75
1443.55
1852.99
1626.04
1748.72
1651.1
1683.92
1727.17
1760.64
1947.13
1978.18
2011.74
2035.55
1895.29
2060.57
2082.27
2095.81
2107.98
2130.56
2217
2233.74
2262.62
2296.91
2317.24
2350.98
2256.59
2279.84
2263.23
2278.27
2401.38
2421.96
2474.93
2494.14
2513.32
2533.04
2555.94
2572.17
2591.54
2608.34
2628.84
2648.56
2665
2680.39
5.6741
5.14211
5.55389
5.19942
5.61063
5.56595
6.1113
6.2861
6.26185
7.20693
6.15202
8.37191
8.85947
11.8506
8.83675
9.52303
10.9455
14.5914
17.5779
15.4825
14.0537
23.1713
15.0135
19.9886
54.1565
23.5706
237.665
77.9898
295.753
384.748
320.593
525.37
462.931
719.747
721.682
707.17
671.406
693.058
723.387
794.83
863.525
817.213
1037.65
1001.03
1113.66
1142.53
1311.1
1386.58
1436.66
1276.51
1390.23
1351.4
1301.97
1426.7
1447.38
1527.3
1517.59
1533.32
1597.27
1666.8
1715.8
1686.12
1718.02
1752.52
1785.6
1980
2010.52
2043.43
2066.74
1919.23
2081.53
2102.93
2116.26
2128.22
2150.43
2237.34
2253.73
2282.2
2316.1
2336.16
2369.49
2273.14
2296.06
2307.45
2325.41
2350.27
2370.21
2514.05
2528.45
2542.48
2562.71
2579.55
2601.68
2622.37
2639.02
2518.29
2537.48
2552.8
2576.93
5.21395
5.61357
5.26111
5.52967
5.92747
7.44722
6.2348
6.28287
6.80052
7.33125
7.47183
7.49665
9.11428
12.0867
7.72496
10.5353
12.5963
11.2472
14.6606
24.7387
14.6521
18.4779
19.6385
35.722
53.2068
73.2072
53.7701
113.869
152.738
273.748
650.245
665.214
741.227
536.15
699.692
815.482
825.871
807.194
963.537
718.206
829.588
972.133
1092.81
1013.96
1030.18
1294.2
1360.11
1258.04
1279.28
1310.79
1259.27
1339.1
1278.29
1561.02
1569.93
1602.58
1642.01
1582.42
1694.54
1876.47
1822.95
1852.62
1830.52
1750.53
1725.7
2011.9
2041.77
2074.06
2096.72
1886.65
2080.58
2102.8
2142.91
2164.94
2182.11
2251.84
2268.11
2296.24
2329.87
2349.78
2382.69
2294.78
2317.34
2327.34
2345.01
2369.59
2389.38
2537.14
2551.31
2565.01
2584.85
2601.39
2623.36
2643.73
2660.07
2535.29
2554.27
2569.3
2592.99
5.04857
5.76267
5.46318
6.24979
6.92005
7.98672
6.44485
6.90837
7.4511
8.09886
10.7272
6.97922
9.39728
10.9057
8.74842
8.58473
9.79558
8.27412
12.6952
14.5439
14.7272
21.594
14.9285
32.4216
46.0511
47.6707
219.006
205.287
160.122
311.788
371.107
525.546
708.819
607.08
652.465
733.974
829.972
836.399
937.086
1056.51
1235.85
1262.24
1302.28
1132.73
1344.63
1386.09
1202.69
1369.53
1306.29
1340.3
1500.1
1435.63
1630.16
1480.72
1596.4
1628.52
1667.22
1604.68
1659.74
1905.56
1812.54
1669.79
1717.75
1878.43
1901.6
2034.46
2063.81
2095.69
2117.98
1916.92
2100.56
2122.5
2112.46
2105.81
2123.36
2269.31
2285.18
2312.98
2346.28
2365.96
2398.26
2307.63
2329.99
2341.88
2359.25
2383.47
2403.13
2555.95
2569.94
2583.35
2603.1
2619.33
2641.11
2661.17
2677.18
2553.67
2572.27
2586.99
2610.36
5.33393
5.65753
5.39595
6.37453
6.19375
10.9553
6.70666
8.57872
8.51538
9.63029
13.4857
9.98988
12.213
11.7415
14.1943
13.6593
14.6769
27.7389
34.1588
22.0844
29.696
27.8075
51.3894
24.2938
27.4288
165.002
44.8536
232.739
308.267
354.32
520.526
666.993
800.775
689.88
771.237
844.378
867.798
1008.35
995.518
1235.18
1165.19
899.37
1176.53
1189.23
1380.25
1420.87
1250.24
1301.88
1425.48
1394.28
1426.53
1566.29
1760.43
1653.94
1562.02
1605.09
1660.69
1706.96
1673.81
1902.41
1847.73
1812.89
1874.46
1998.45
2021.49
2068.35
2097.1
2128.26
2150.07
1935.03
2125.94
2147.52
2136.71
2128.63
2145.85
2290.96
2306.56
2333.93
2366.73
2385.98
2417.82
2330.89
2352.84
2357.87
2375.04
2399.08
2418.42
2577.28
2591.01
2604.16
2623.65
2639.65
2661.13
2680.73
2696.49
2573.45
2591.74
2606.21
2629.26
7.73789
6.54992
6.48683
6.75772
7.02474
8.58846
9.47972
8.88001
7.64875
9.16381
11.6828
11.7264
10.4933
15.8269
17.1998
17.6472
38.7893
29.5521
54.6552
65.7106
32.2096
105.813
58.6352
211.445
33.5822
76.0642
433.677
289.859
374.304
573.072
443.715
531.397
582.566
818.444
816.782
819.249
1023.34
964.057
1179.45
1221.07
1154.91
1158.85
1080.31
1246.68
1234.99
1214.51
1361.3
1467.17
1355.48
1570.54
1422.75
1463.58
1723.54
1747.98
1772.01
1487.16
1768.78
1677.91
1793.59
1785.57
1746.71
1756.62
1794.79
1826.13
1862.14
1895.17
1919.62
1944.65
1971.75
2045.41
2067.26
2086.06
2101.64
2128.22
2427.35
2451.47
2470.56
2494.26
2517.46
2540.22
2560.89
2475.04
2493.8
2516.05
2526.81
2614.84
2636.12
2519.84
2422.98
2436.85
2458.27
2477.37
2588.73
2610
2504.25
2718.04
2735.45
2753.1
2766.32
5.92628
6.20508
7.6096
6.7499
6.26938
6.69806
8.31947
9.38822
8.47078
8.06969
11.9031
12.6988
13.647
18.2413
17.1257
21.1389
49.016
44.7975
81.1006
32.8132
35.706
47.2523
153.55
472.847
247.256
348.688
290.973
312.35
555.019
573.838
795.078
492.812
880.607
897.862
899.552
834.073
919.088
1155.37
935.059
1068.8
1089.87
1367.9
1193.15
1200.23
1147.54
1142.75
1412.33
1303.35
1342
1518.71
1561.44
1593.13
1623.04
1502.38
1576.32
1751.35
1625.98
1901.5
1810.55
1777.39
1722.38
1827.42
1847.55
1875.52
1899.18
1979.72
1999.03
2020.17
2049.85
2079.82
2103.91
2126.8
2208.35
2179.2
2117.74
2366.36
2385.73
2411.87
2434.52
2329.68
2339.59
2578.51
2589.2
2612.41
2620.11
2637.01
2660.8
2685.69
2701.33
2715
2734.28
2749.09
2767.56
2786.84
2802.63
2822.23
2839.79
2638.24
2680.73
5.92403
5.96061
6.50484
7.22887
7.14914
10.1489
14.1673
8.3251
12.8455
13.7362
13.3021
16.7175
9.68398
25.1929
24.8075
22.621
32.2873
36.2138
56.4595
98.0413
232.534
72.3484
171.104
220.852
209.914
272.072
402.028
643.687
693.61
737.946
620.107
795.073
796.453
723.744
916.807
1048.43
948.19
1034.38
1259.27
1265.25
1141.15
1414.21
1200.5
1292.66
1333.21
1364.28
1312.58
1483.2
1435.36
1550.48
1592.52
1623.49
1652.71
1663.86
1753.83
1783.87
1790.06
1927.46
1992.53
2023.08
2044.73
1850.59
1880.33
1907.53
1930.64
2005.92
2025
2045.83
2074.82
2104.68
2128.28
2150.73
2286.69
2196.66
2139.2
2388.45
2407.31
2433.05
2455.3
2351.86
2359.24
2603.37
2613.88
2636.67
2644.18
2660.64
2684.18
2708.78
2724.09
2737.45
2756.38
2770.95
2789.16
2808.16
2823.67
2842.99
2860.28
2652.45
2696.14
8.02606
6.68264
6.95848
7.65326
8.6565
9.64613
8.05297
13.4725
9.48161
11.4374
10.6558
13.2282
14.3424
24.7051
29.5712
38.3664
49.6144
110.183
77.8665
55.1598
133.536
92.1545
234.669
340.708
199.283
300.248
522.691
659.912
713.035
819.279
814.01
814.764
1006.26
1063.22
913.033
1039.66
1064.4
1068.68
1297.47
1231.34
1208.55
1455.83
1231.46
1356.71
1494.53
1528.13
1474.19
1362.2
1525.11
1588.29
1629.39
1659.71
1688.2
1717.36
1782.85
1821.55
1818.21
1952.44
2015.67
2045.69
2067.11
1878.02
1907.17
1933.84
1956.39
2026.42
2045.2
2065.72
2094.11
2123.94
2147.06
2169.21
2305.25
2252.78
2160.95
2408.08
2426.6
2451.67
2473.6
2374.69
2377.61
2618.86
2629.17
2651.47
2658.86
2675.15
2698.36
2722.6
2737.76
2751.01
2769.74
2784.11
2802.07
2820.88
2836.22
2855.23
2872.29
2663.58
2711.56
8.53242
8.4927
8.41962
9.17947
8.16167
9.84661
8.58212
10.0713
10.343
13.2768
10.7043
15.0089
14.5581
22.435
58.5774
74.9329
49.4211
118.845
41.2338
204.98
422.2
218.136
234.761
219.011
467.856
456.962
459.441
462.455
682.977
807.701
748.58
852.389
883.343
1025.09
818.215
1001.6
1186.7
1139.77
1278.42
1194.04
1200.99
1334.9
1361
1288.82
1333.1
1258.15
1378.26
1505.88
1542.42
1619.53
1659.57
1689.5
1717.54
1804.52
1717.94
1843.21
1860.5
1983.11
2037.45
2067.01
2088.04
1904.31
1932.92
1959.19
1981.43
2052.44
2070.99
2091.16
2119.1
2148.54
2171.31
2192.98
2327.38
2270.8
2225.42
2260.53
2276.05
2241.2
2260.31
2386.78
2397.46
2633.08
2643.12
2665.15
2672.46
2688.52
2711.42
2735.42
2750.36
2763.37
2781.87
2795.98
2813.78
2832.39
2847.51
2866.35
2883.17
2682.54
2729.69
8.40464
9.50374
12.2896
10.7238
10.516
10.8793
14.3337
20.1641
20.5609
21.2791
24.4886
18.252
90.9419
36.9656
55.9869
45.7822
83.3023
99.967
115.4
74.864
219.039
496.732
286.543
207.47
548.466
570.631
554.278
680.165
634.142
769.332
943.807
913.321
976.691
1142.64
968.761
1103.75
1077.43
1094.03
1273.92
1221.36
1259.8
1376.06
1329.25
1329.59
1376.57
1381.13
1411.63
1634.98
1668.75
1702.83
1609.98
1747.21
1778.74
1774.07
1807.31
1838.49
1864.49
1883.98
2056.67
2085.8
2106.56
1925.81
1953.89
1979.76
2001.41
2068.58
2086.94
2106.9
2134.37
2166.42
2188.78
2210.14
2343.72
2292.72
2242.76
2277.64
2292.89
2264.8
2283.64
2400.68
2343.56
2643.04
2652.94
2674.72
2681.95
2697.74
2720.39
2744.22
2759.03
2771.85
2790.12
2804.16
2821.77
2840.04
2855.05
2873.72
2890.45
2752.46
2769.78
11.5966
13.1427
15.8415
12.804
12.5884
12.4748
38.631
17.9047
23.1174
28.1674
31.5633
40.4037
24.539
82.5803
81.9465
84.8902
46.1958
141.429
77.9937
184.032
453.865
555.802
369.617
540.277
673.635
380.643
679.662
589.841
735.356
853.839
1035.26
1098.3
979.456
1016.84
1188.35
1153.87
1188.41
1316.91
1313.51
1412.82
1343.04
1439.15
1328.86
1365.81
1515.79
1548.84
1576.86
1702.69
1549.45
1581.34
1614.91
1705.98
1832.57
1732.11
1829.68
1853.97
1847.58
1911.4
2078.4
2106.85
2127.28
1950.68
1978.04
2003.23
2024.39
2094.48
2112.53
2132.23
2159.03
2190.99
2212.78
2233.81
2252.27
2272.13
2282.22
2304.17
2319.87
2338.8
2353.22
2370.77
2354.6
2657.58
2667.29
2688.84
2695.92
2711.55
2733.92
2757.56
2772.17
2784.79
2802.8
2816.68
2833.99
2852.05
2866.89
2885.41
2901.99
2768.68
2785.76
9.87545
9.82091
12.7162
13.6314
15.9776
11.8462
17.4102
15.9351
43.1632
32.1359
24.9148
48.9704
28.643
22.8374
33.6793
39.1052
126.176
311.746
142.869
183.859
436.958
405.263
395.127
530.814
626.856
766.698
861.049
920.993
743.928
974.104
867.242
976.668
1010.33
1142.07
1309.05
1273.77
1341.84
1316.16
1424.73
1509.79
1340.84
1298.15
1459.3
1400.63
1507.41
1544.47
1570.96
1702.94
1578.29
1609.58
1642.35
1750.11
1788.08
1826.86
1853.86
1877.43
2078.09
1940.57
2107.19
2135.24
2155.26
2039.37
2000.74
2040.13
2060.85
2207.8
2238.88
2268.51
2284.8
2214.82
2236.2
2256.81
2273.11
2292.69
2302.58
2323.98
2339.31
2357.92
2372.12
2389.38
2372.76
2675.12
2684.7
2705.9
2712.86
2728.29
2750.43
2773.83
2788.08
2800.56
2818.32
2832.07
2849.08
2866.84
2881.5
2899.81
2916.09
2780.33
2797.23
15.1729
14.028
13.9591
16.9323
19.7716
18.3607
15.7837
16.8942
32.5081
52.9429
30.6256
41.5099
47.9504
84.3717
171.756
192.62
314.398
372.623
485.402
577.399
528.982
541.28
810.798
516.988
601.228
932.135
873.442
763.855
970.92
1013.7
1012.88
1147.22
970.114
1182.8
1121.73
1407.46
1385.37
1428.5
1285.72
1537.85
1508.21
1496.88
1577.57
1604.98
1636.43
1665
1544.67
1576.79
1806.19
1840.88
1873.76
1896.01
1791.35
1813.3
1894.99
1923.31
1992.85
2040.56
2060.53
2108.82
2133.4
1990.41
2013.48
2040.58
2075.14
2142.43
2163.13
2184.31
2201.02
2220.64
2242.86
2256.34
2439.66
2457.02
2468.52
2493.72
2514.53
2536.29
2558.56
2585.53
2601.55
2521.05
2476.15
2633.04
2642.07
2658.02
2671.5
2623.82
2645.01
2658.2
2722.95
2739.33
2754.64
2768.9
2789.33
2805.2
2760.93
2769.44
2728
10.4057
10.2144
11.1112
15.7416
18.2113
19.7552
35.6304
19.5052
28.7639
88.7525
53.5028
73.2657
42.4652
295.733
171.915
240.949
392.622
219.46
269.867
479.482
505.674
696.145
647.395
835.296
369.271
1020.31
878.707
844.831
1028.47
1052.83
1043.08
1173.27
1131.71
1211.77
1271.75
1427.96
1463.21
1265.29
1308.5
1588.05
1499.92
1529.51
1622.77
1647.9
1678.67
1706.41
1583.34
1614.57
1850.86
1884.67
1921.48
1876.96
1812.83
1834.4
1927.33
1954.7
2019.49
2066.52
2086.08
2136.06
2160.21
2008.31
2030.9
2057.64
2091.53
2171
2181.23
2202.16
2218.59
2237.81
2259.71
2272.98
2464.49
2481.59
2492.83
2517.56
2537.73
2559.02
2580.78
2607.29
2622.98
2534.91
2487.75
2648.03
2656.95
2672.66
2686.04
2634.09
2655.2
2668.3
2745.95
2758.27
2774.86
2794.95
2808.49
2824.91
2768.85
2777.26
2737.22
17.0517
13.7445
13.2385
15.0322
18.9157
33.4799
27.5647
23.0494
37.1751
54.2824
55.7653
45.3048
87.6262
367.917
171.571
378.796
356.384
573.036
497.414
615.09
676.486
667.649
817.628
733.169
742.083
853.016
930.35
1035.83
1099.03
1110.9
1207.49
1213.56
1396.73
1104.26
1326.85
1228.26
1288.75
1300.77
1343.02
1492.9
1485.69
1510.32
1700.9
1734.02
1761.35
1793.16
1821.7
1856.42
1888.55
1651.35
1794.14
1822.86
1859.72
1891.23
1933.13
1957.69
1988.59
2025.62
2010.99
2156.01
2179.82
2034.21
2056.36
2082.62
2115.87
2192.03
2203.26
2223.94
2240.1
2259.04
2280.68
2293.76
2487.4
2504.16
2515.13
2539.4
2558.92
2579.89
2601.29
2627.47
2642.92
2553.49
2510.23
2663.47
2672.26
2687.85
2701.04
2657.71
2678.26
2691.07
2761.19
2773.29
2789.72
2809.49
2822.83
2838.95
2787.94
2796.17
2755.09
18.3422
33.1031
19.2711
23.3378
23.1947
44.7494
94.595
42.1982
30.4026
71.4246
110.124
133.254
174.02
483.818
342.317
316.207
228.23
418.529
475.381
655.152
743.126
595.583
680.718
675.127
752.683
1113.23
940.13
990.202
1022.68
1127.76
1229.22
1205.61
1432.45
1161.38
1277.07
1067.37
1339.44
1347.64
1385.51
1470.45
1525.18
1554.63
1745.59
1777.43
1804.09
1835.23
1863.26
1897.09
1928.44
1818.01
1754.08
1783.55
1816.44
1848.49
2018.07
2032.49
2059.27
2051.62
2037.95
2078.78
2100.94
2122.09
2307.17
2282.14
2308.08
2299.07
2356.21
2372.39
2393.06
2342.92
2314.63
2324.91
2509.03
2525.51
2536.24
2560.13
2579.18
2599.81
2620.9
2646.48
2661.61
2577.24
2601.26
2685.01
2693.7
2709.08
2722.08
2672.78
2693.04
2705.56
2778.01
2789.91
2805.96
2825.26
2838.32
2854.21
2803.64
2811.62
2766.27
22.9006
30.8174
15.5197
18.249
25.7061
31.8208
57.7882
67.7584
31.5293
107.032
205.696
237.886
129.699
264.362
315.314
432.837
651.805
672.344
448.872
585.274
473.872
736.203
625.544
909.318
830.047
1029.01
1110.66
954.116
1058.55
1161.95
1261.77
1163.35
1455.09
1473.5
1505.38
1537.82
1518.58
1644.56
1523.35
1505.29
1628.54
1654.53
1783.44
1814.47
1840.38
1870.68
1897.97
1930.98
1961.71
1845.29
1780.7
1809.59
1841.89
1873.48
2047.3
2061.37
2087.72
2178.83
2063.01
2098.93
2120.74
2141.58
2329.69
2305.43
2330.64
2316.42
2318.52
2334.91
2352.64
2459.44
2336.51
2346.54
2357.8
2376.54
2398.19
2411.2
2430.59
2444.58
2475.58
2600.46
2615.52
2644.01
2659.31
2671.42
2579.59
2598.02
2616.43
2686.51
2706.54
2718.91
2789.76
2801.4
2817.2
2836.27
2849.16
2864.84
2813.81
2821.67
2780.03
26.243
26.3807
32.0745
26.249
27.9457
36.4692
35.1271
73.7417
83.6349
163.067
125.99
372.982
334.962
301.539
178.667
520.844
607.872
796.187
480.809
676.437
812.817
935.217
1068.15
1092.22
1078.67
990.669
1207.7
1299.65
1035.44
1202.06
1104.97
1464.43
1387.68
1325.46
1366.75
1441.01
1454.83
1613.98
1407.41
1540.61
1717.29
1737.38
1826.51
1857.03
1882.22
1911.86
1938.58
1970.76
2000.98
1868.58
1894.23
1921.16
1953.41
1978.66
2004.74
2022.42
2049.18
2203.86
2081.76
2126.69
2148.05
2168.44
2352.7
2331.96
2356.7
2335.59
2337.12
2353.32
2370.78
2476.01
2356.99
2366.83
2375.87
2394.39
2415.78
2428.66
2447.84
2461.68
2492.37
2617.8
2632.65
2654.65
2665.41
2691.08
2591.17
2609.39
2627.64
2707
2726.73
2738.94
2805.15
2816.49
2832.1
2850.89
2863.6
2879.13
2826.27
2833.92
2792.86
42.2126
24.3835
32.3686
27.5306
45.19
71.2279
113.162
117.35
167.488
398.069
247.184
311.671
229.739
377.293
522.997
352.364
736.66
652.693
774.467
632.468
661.555
967.11
976.443
1012.2
910.803
1082.94
1151.35
1279.07
1329.57
1287.51
1240.52
1333.28
1452.34
1485.44
1529.22
1466.25
1460.76
1579.5
1417.83
1449.92
1539.13
1569.34
1849.19
1879.32
1904.14
1933.48
1959.9
1991.8
2021.7
1889.24
2052.31
2077.31
2101.8
2132.55
2148.79
2176.12
2197.63
2220.94
2097.12
2272.5
2258.6
2277.82
2292.28
2313.13
2339.92
2354.9
2374.8
2380.57
2398.95
2464.45
2483.55
2497.8
2401.44
2419.7
2440.91
2453.66
2472.51
2486.01
2516.13
2633.11
2647.74
2794.53
2802.98
2707.41
2604.94
2622.95
2641.09
2654.7
2670.32
2689.28
2702.09
2722.67
2736.42
2748.87
2769.13
2789.23
2805.87
2817.49
2835.93
21.9855
24.5922
17.058
37.9175
75.4662
58.4719
55.1077
249.889
93.8624
393.575
341.885
335.697
524.707
351.109
630.072
411.561
531.276
693.239
629.069
848.223
738.31
1055.76
1200.17
1100.16
1118.97
1165.13
1315.85
1226.01
1281.11
1190.26
1426.99
1448.97
1492.35
1524.44
1567.04
1556.5
1716.65
1758.59
1524.56
1658.99
1605.56
1673.14
1881.96
1911.43
1935.91
1964.72
1990.76
2022.03
2051.4
1914.33
1902.16
1925.51
1956.46
1983.64
2011.05
2033.78
2052.32
2095.58
2114.32
2291.83
2279.4
2298.28
2312.44
2333.05
2359.32
2370.57
2390.2
2288.86
2307.89
2478.92
2497.67
2511.63
2423.22
2445.91
2458.34
2479.49
2493.23
2515.98
2527.81
2549.19
2573.41
2811.14
2819.39
2723.14
2621.73
2639.58
2657.53
2671.62
2687.05
2705.86
2718.54
2738.83
2752.44
2764.73
2784.8
2804.64
2821.15
2832.6
2850.88
21.1293
38.6715
28.3643
198.757
48.3342
53.5805
132.694
233.209
139.322
240.439
451.585
505.115
513.993
710.861
554.274
388.694
533.811
864.329
699.645
828.665
834.164
1080.02
1166.37
1189.26
1005.66
1075.84
1264.57
1242.38
1223.89
1304.68
1460.42
1428.3
1457.7
1487.82
1537.07
1584.35
1744.79
1785.85
1556.56
1653.28
1669.34
1692.11
1906.7
1935.81
1959.77
1988.27
2013.73
2044.37
2073.14
2032.23
1927.81
1950.47
1980.83
2007.38
2034.43
2056.82
2074.97
2115.74
2131.12
2321.65
2297.06
2315.62
2329.58
2349.89
2375.72
2388.84
2408.07
2307.13
2325.86
2610.06
2628.27
2649.67
2434.76
2457.26
2469.57
2490.54
2504.17
2526.72
2538.46
2559.68
2583.66
2823.61
2831.64
2735.33
2636.38
2654.03
2671.74
2683.58
2698.83
2717.44
2729.94
2749.97
2763.45
2775.58
2795.46
2815.11
2831.47
2842.79
2860.86
24.27
23.6336
63.8002
56.0932
80.3162
86.8028
94.6157
288.291
206.271
286.329
311.462
645.38
489.026
647.965
794.721
694.733
838.178
817.821
966.77
791.157
914.913
1121.58
1210.32
1112.61
975.161
1192.86
1123.39
1279.4
1278.28
1248.76
1545.51
1380.31
1480.2
1632.79
1509.04
1708.06
1769.75
1809.97
1647.33
1679.31
1689.63
1716.98
1932.8
1961.44
1984.97
2013.04
2038.23
2068.41
2096.75
2053.07
2127.58
2151.25
2172.7
2193.18
2212.48
2230.86
2255.31
2134.68
2149.19
2343.37
2318.86
2337.25
2350.85
2370.82
2396.33
2463.05
2495.32
2519
2542.04
2479.85
2378.39
2392.95
2451.47
2473.65
2485.71
2506.41
2519.88
2542.2
2553.77
2574.69
2598.37
2832.61
2840.47
2775.57
2788.83
2801.49
2817.37
2696.64
2711.73
2730.07
2742.42
2762.28
2775.65
2787.63
2807.33
2826.82
2843.07
2854.3
2872.22
28.9362
23.0473
27.0096
154.352
47.2636
86.9993
291.935
317.478
434.379
471.665
382.704
480.692
599.461
748.368
741.193
772.223
997.529
982.779
917.482
1009.53
1099.01
1099.12
1175.6
1230.17
1162.29
1368.1
1114.76
1180.08
1117.02
1314.03
1448.75
1431.72
1400.78
1540.47
1481.84
1577.84
1606.53
1642.46
1697.07
1728.19
1770.64
1792.76
1873.31
1840.89
1728.99
1748.64
1924.37
1953.96
1914.25
1931.2
1962.49
1980.91
2004
2093.58
2116.93
2134.96
2158.88
2283.67
2179.88
2364.47
2342.59
2360.72
2373.91
2393.49
2418.5
2483.24
2515.04
2538.43
2561.24
2503.47
2404.11
2418.41
2455.45
2728.38
2740.86
2759.19
2772.43
2789.83
2604.75
2616.62
2632.16
2849.17
2856.93
2792.58
2805.67
2818.16
2833.81
2790.86
2805.34
2813.83
2829.79
2841.67
2853.87
2865.12
2878.99
2897.69
2911.98
2919.17
2929.87
49.1992
62.854
94.7855
39.4697
270.241
143.248
442.142
352.173
533.666
391.178
536.931
592.582
832.049
822.098
889.59
849.41
915.644
824.9
875.482
933.049
1000.15
1104.58
980.665
1096.43
1253.97
1117.1
1348.07
1450.51
1545.54
1567.76
1581.79
1676.65
1520.6
1539.25
1568.01
1487.05
1577.54
1651.96
1699.64
1736.27
1759.85
1782.69
1792.31
1826.83
1860.62
1885.94
2084.51
2113.11
2006
2237.66
2254
2280.36
2006.88
2022.49
2119.56
2145.02
2166.72
2154.24
2174.22
2375.8
2354.28
2372.18
2385.14
2404.42
2429.08
2566.85
2588.83
2607.14
2622.81
2520.04
2426.8
2440.88
2483.01
2749.8
2762.1
2780.11
2793.06
2810.09
2626.76
2635.86
2651.19
2868.26
2875.86
2775.87
2790.05
2802.65
2819.62
2801.52
2815.8
2824.18
2839.92
2851.67
2863.78
2874.81
2888.54
2907.05
2921.2
2928.23
2938.75
59.6568
105.166
106.013
359.646
128.02
289.581
357.448
639.545
518.793
549.116
671.16
685.36
775.427
942.067
880.211
959.134
1034.71
1085.49
1122.8
1058.15
1126.09
1243.5
1285.74
1109.62
1307.88
1428.93
1317.92
1324.94
1457.4
1614.28
1674.33
1568.77
1548.92
1578.21
1774.32
1803.42
1827.31
1746.72
1840.82
1863.77
1794.76
1816.87
2021.22
2063.5
2081.59
2102.16
1953.11
1975.75
2213.44
2258.38
2274.33
2300.3
2047.02
2063.94
2110.83
2126.81
2146.74
2213.98
2233.87
2291.15
2379.99
2397.41
2410.07
2428.79
2452.7
2532.9
2551.38
2568.37
2585.16
2538.09
2444.61
2458.46
2503.93
2770.04
2782.21
2799.97
2812.62
2829.36
2647.47
2653.72
2668.82
2885.29
2892.74
2790.65
2804.56
2816.94
2833.62
2816.23
2830.27
2838.5
2854.04
2865.62
2877.57
2888.42
2902.01
2920.23
2934.19
2941.18
2951.54
206.392
96.0616
79.0764
173.781
412.045
457.081
342.315
486.733
482.721
688.009
822.625
490.475
802.428
1103.25
1091.97
986.956
895.874
1231.51
1171.13
1219.4
945.21
1146.8
1369.1
1401.1
1316.04
1461.79
1305.07
1424.56
1458.13
1502.71
1570.17
1610.91
1574.33
1534.48
1806.55
1843.5
1866.79
1770.7
1867.07
1889.61
1818.9
1840.48
2050.78
1973.41
1994.33
2026.06
1997.59
2029.01
1965.64
1987.27
2048.98
2089.89
2119.69
2138.81
2153.59
2178.19
2199.22
2210.75
2224.09
2309.84
2399.89
2417.03
2429.5
2447.99
2471.7
2604.52
2622.23
2406.55
2421.78
2523.68
2539.84
2549.25
2521.88
2789.84
2801.89
2819.41
2831.8
2848.29
2661.17
2663.13
2678.16
2902.48
2909.8
2802.79
2816.59
2828.84
2845.28
2826.69
2840.58
2848.72
2864.12
2875.59
2887.37
2897.99
2911.42
2929.5
2943.37
2950.26
2960.53
90.9692
175.553
450.181
424.99
453.51
411.474
512.907
687.938
562.167
783.938
728.889
802.11
992.716
887.01
872.224
1103.62
927.272
1075.24
1130.99
1174.76
1026.71
1303.98
1362.24
1263.25
1370.58
1552.83
1329.45
1464.47
1497.35
1541.16
1605.81
1683.98
1603.24
1575.64
1735.92
1726.06
1754.49
1789.71
1830.05
1855.52
1894.14
1910.15
2074.73
1999.61
2020.11
2051.33
2029.59
2060.46
2034.02
2052.94
2088.94
2206.33
2198.85
2225.43
2161.67
2185.01
2203.5
2242.09
2262.8
2351.86
2348.44
2367.96
2385.28
2413.27
2439.24
2620.36
2637.86
2427.45
2442.47
2540.75
2556.58
2565.77
2544.63
2806.63
2818.51
2835.73
2847.87
2864.11
2681.66
2677.26
2691.99
2917.58
2924.78
2751.9
2760.36
2811.48
2741.51
2842.82
2856.46
2864.49
2879.63
2890.94
2902.53
2913.03
2926.27
2944.16
2957.91
2964.72
2974.84
386.404
218.516
438.695
263.519
429.884
450.036
584.548
442.995
560.778
813.305
843.691
970.636
961.843
848.843
966.038
1088.2
855.925
1112.64
1142.8
1259.75
1366.67
1339.03
1404.27
1293.21
1520.77
1630.68
1368.35
1501.32
1533.48
1576.45
1661.91
1717.28
1645.63
1539.63
1762.35
1737.92
1769.2
1803.56
1837.43
1869.23
1895.88
1914.5
2104.39
2027.93
2047.99
2078.7
2056.8
2087.25
2056.48
2075.11
2110.58
2236.6
2225.27
2251.27
2183.77
2206.69
2224.94
2266.45
2286.85
2370.05
2366.48
2385.76
2402.86
2430.57
2456.27
2642.44
2659.53
2446.83
2461.65
2559.48
2575.06
2584.06
2558.06
2823.7
2835.42
2852.44
2864.29
2880.18
2694.99
2694.64
2709.17
2931.31
2938.38
2762.49
2770.76
2824.24
2756.87
2859.22
2872.67
2880.62
2895.57
2906.67
2918.08
2928.37
2941.41
2959.03
2972.63
2979.34
2989.25
561.983
426.328
414.93
287.961
390.15
767.608
681.262
624.025
500.828
846.356
842.085
980.641
950.358
999.565
1031.6
1049.76
1208.47
1130.88
1136.23
1361.48
1344.3
1423.76
1466.24
1333.53
1397
1667.45
1511.67
1534.25
1565.84
1607.88
1694.82
1678.29
1891.03
1911.49
1872.25
1775.91
1806.18
1839.85
1872.97
1904.14
1930.09
1948.24
2117.17
2051.79
2071.52
2101.48
2078.13
2108.17
2078.5
2096.63
2131.56
2257.65
2240.88
2266.54
2198.8
2221.47
2239.51
2280.55
2300.75
2387.31
2382.32
2401.39
2418.33
2445.71
2471.17
2654.8
2671.69
2463.56
2478.22
2570.96
2586.39
2595.25
2576.57
2834.88
2846.47
2863.33
2875.02
2890.69
2713.34
2716.23
2730.32
2941.27
2948.27
2771.46
2779.6
2835.36
2767.03
2874.44
2887.72
2895.5
2910.22
2921.23
2932.48
2942.64
2955.48
2972.93
2986.33
2992.94
3002.63
595.036
600.646
465.781
550.77
691.157
627.069
584.871
470.966
981.662
725.204
781.517
823.842
934.097
923.618
1215.43
1000.18
1246.76
1083.23
1341.87
1193.63
1331.02
1455.58
1504.33
1368.33
1430.9
1609.63
1650.09
1677.29
1703.89
1715.2
1724.24
1708.8
1923.46
1943.48
1904.17
1791.09
1821.08
1857.12
1892.51
1918.25
1949.88
1966.66
2139.18
2074.06
2093.55
2122.97
2093.24
2122.86
2099.7
2117.36
2151.9
2276.61
2258.14
2283.48
2237.15
2257.89
2275.64
2296.2
2316.12
2400.49
2395.5
2414.39
2431.13
2458.25
2483.48
2476.03
2495.3
2508.47
2522.05
2566.66
2582.47
2593.6
2592.81
2845.14
2856.6
2873.3
2884.86
2900.2
2724.77
2731.95
2745.94
2949.01
2955.93
2783.89
2791.9
2846.61
2777.65
2889.36
2902.44
2910.11
2924.67
2935.52
2946.63
2956.66
2969.39
2986.56
2999.82
3006.4
3015.99
392.752
484.737
625.435
432.476
597.299
837.664
823.373
843.772
816.425
1129.92
902.749
868.755
977.484
972.304
1139.65
1274.97
1184.11
1237.24
1429.07
1443.37
1486.97
1498.46
1553.53
1404.08
1465.41
1643.09
1682.92
1709.43
1735.36
1793.22
1720.36
1775.38
1957.7
1977.22
1788.23
1823.32
1852.62
1890.13
1924.9
1950.4
1981.56
1996.47
2082.88
2105.59
2038.8
2062.06
2082.13
2104.85
2172.24
2189.76
2217.63
2239.4
2265.13
2281.25
2368.94
2386.95
2408.64
2444.29
2457.75
2420.4
2415.45
2433.94
2450.42
2477.21
2502.09
2496.02
2514.93
2527.93
2541.33
2593.75
2608.35
2621.27
2588.96
2859.7
2871.05
2887.58
2898.93
2914.09
2739.15
2743.42
2757.34
2962.32
2969.14
2793.36
2801.25
2861.48
2790.33
2904.45
2917.12
2927.49
2941.28
2956.44
2968.8
2980.88
2994.16
3011.13
3025.52
3035.91
3047.57
466.95
524.994
713.134
564.578
586.493
741.747
949.123
894.186
826.102
830.365
1090.84
932.551
917.337
1284.37
1350.24
1031.12
1180.29
1306.95
1384.43
1426.9
1215.84
1482.73
1415.7
1460.47
1576.58
1669.43
1708.76
1734.76
1760.29
1825
1770.56
1985.54
1775.12
1799.09
2042.04
1840.8
1862.96
1895.11
1919.48
1941.81
1966.96
1993.54
2111.96
2134.27
2066.53
2089.47
2109.19
2131.42
2200.92
2218.01
2245.28
2266.54
2291.71
2307.41
2394.5
2412.02
2433.45
2468.67
2481.9
2436.53
2431.59
2449.89
2466.18
2492.68
2517.26
2473.3
2493.55
2506.12
2524.76
2723.41
2735.06
2746.65
2612.14
2881
2892.04
2908.22
2919.38
2934.32
2758.35
2758.6
2772.34
2979.31
2986
2807.91
2815.71
2876.1
2804.36
2918.33
2930.8
2941.05
2954.62
2969.55
2981.69
2993.58
3006.73
3023.49
3037.7
3047.91
3059.49
545.021
838.894
816.168
698.451
546.93
889.341
763.18
936.941
863.287
981.015
1034.71
1095.7
1083.53
1337.27
1367.92
1153.36
1169.52
1307.79
1323.52
1441.23
1522.44
1611.03
1646.07
1677.1
1757.32
1696.18
1734.87
1760.44
1785.42
1707.47
1795.63
2011.63
2045.35
2071.52
1954.99
1948.59
1908.6
2083.78
1960.25
1981.1
2014.46
2031.6
2134.23
2156.21
2087.38
2110.04
2129.49
2151.4
2218.16
2235.04
2262.03
2283.01
2307.88
2323.3
2414.19
2431.38
2452.66
2487.48
2500.5
2412.57
2429.36
2448.3
2619.54
2638.03
2578.95
2484.75
2504.9
2517.29
2535.62
2737.05
2748.55
2760.01
2625.32
2893.91
2904.87
2920.79
2931.84
2946.66
2766.91
2769.29
2782.87
2990.83
2997.42
2823.09
2830.76
2888.37
2814.55
2932.85
2945.17
2955.34
2968.76
2983.52
2995.51
3007.2
3020.23
3036.93
3050.96
3061.09
3072.57
565.987
566.75
802.439
916.911
1060.46
919.256
934.889
796.802
864.267
989.212
1088.1
1141.79
1378.93
1264.74
1113.81
1391.02
1506.88
1404.98
1432.27
1425.64
1567.59
1623.2
1639.14
1582.68
1620.5
1693.67
1753.46
1776.2
1807.6
1976.39
1840.58
2027.81
2060.14
2080.59
1911.29
1937.76
1957.68
2133.53
2159.37
2122.83
2219.43
2082.3
2309.69
2326.73
2175.16
2197.91
2213.65
2242.28
2266.78
2289.25
2376.6
2390.2
2407.01
2428.35
2351.38
2365.39
2386.63
2413.89
2436.39
2450.23
2462.77
2496.47
2510.14
2525.53
2545.96
2626.03
2642.45
2621.49
2640.29
2655.8
2700.32
2716.15
2735.26
2752.83
2762.68
2781.63
2795.22
2808.78
2832.1
2856.01
2872.27
2884.76
2900.1
2886.92
2899.21
2912.04
2872.89
2898.34
2915.66
2925.02
2942.01
2906.28
2919.47
2927.74
2938.9
2956.9
2968.79
2976.53
2990.14
663.514
619.886
663.964
756.406
954.849
961.621
981.624
939.312
1043.06
1259.33
1256.72
1163.78
1418.8
1361.63
1191.3
1295.17
1436.26
1289.41
1447.77
1320.38
1378.31
1414.29
1453.14
1620.62
1657.3
1623.55
1667.07
1699.07
1733.02
2000.15
1868.66
2045.32
2077.33
2097.48
1945.24
2057.23
2077.49
2155.39
2180.77
2141.69
2242.96
2110.03
2329.98
2346.67
2082.9
2100.14
2150.38
2152.54
2175.74
2197.68
2403.46
2416.67
2433.04
2453.83
2372.06
2385.84
2406.86
2433.47
2455.57
2469.3
2481.68
2516.7
2530.09
2545.18
2565.23
2644.08
2660.09
2635.67
2654.11
2669.39
2719.59
2735.02
2753.71
2770.97
2780.66
2799.24
2812.51
2825.68
2848.56
2872.03
2888.03
2900.31
2915.49
2899.98
2912.01
2924.62
2883.25
2907.06
2924.16
2933.43
2950.23
2915.79
2928.8
2936.97
2948.05
2965.77
2977.53
2985.17
2998.66
790.044
817.488
920.45
824.449
923.078
979.761
932.13
878.986
1123.95
1184.05
1160.08
1032.54
1243.96
1376.02
1428.14
1463.01
1453.32
1528.02
1454.17
1362.12
1418.52
1453.73
1491.83
1601.45
1630.76
1663.38
1706.08
1737.43
1770.49
2032.4
1898.78
2074.52
2105.88
2125.64
1982.23
2020.23
2042.37
2073.61
2104.06
2249.05
2284.09
2139.52
2178.99
2197.41
2206.1
2227.4
2244.62
2271.53
2290.32
2308.4
2274
2355.13
2297.87
2351.56
2411.75
2426.3
2445.95
2471.85
2489.77
2502.24
2516.31
2574.48
2587.5
2602.86
2620.26
2642.53
2661.04
2676.92
2693.36
2707.16
2740.85
2755.9
2774.22
2791.29
2800.78
2819.02
2831.9
2844.79
2867.3
2890.37
2906.16
2918.18
2933.15
2913.56
2924.64
2946.28
2959.97
2970.49
2983.27
2990.05
3003.02
3013.1
3029.27
3040.9
3050.83
3060.29
3072.77
3081.5
3093.04
946.784
867.148
801.698
854.378
1077.51
956.074
894.218
1320.08
1364.8
1407.56
1287.6
1196.5
1270.51
1391.38
1421.22
1448.41
1497.56
1572.16
1691.65
1740.89
1467.25
1501.65
1539.15
1571.15
1605.58
1701.29
1743.2
1773.8
1806.15
2065.56
1923.95
2102.13
2132.89
2152.4
2013.01
2045.87
2067.73
2098.21
2128.26
2271.67
2306.05
2168.14
2197.56
2215.63
2227.43
2248.29
2265.13
2291.61
2309.92
2327.51
2293.66
2377.31
2326.06
2378.64
2434.02
2448.36
2467.68
2493.28
2510.99
2523.26
2537
2588.16
2601.11
2616.26
2633.45
2655.34
2673.67
2689.43
2705.75
2719.38
2757.22
2772.14
2790.24
2807.1
2816.49
2834.51
2847.22
2859.92
2882.17
2904.95
2920.59
2932.41
2947.2
2929.62
2940.53
2962.03
2975.53
2985.95
2998.59
3005.27
3018.1
3028.06
3044.11
3055.57
3065.4
3074.8
3087.15
3095.78
3107.15
840.84
1095.55
1131.35
839.575
925.783
1145.56
1112.68
997.997
1129.91
1228.94
1335.16
1195.88
1274.59
1506.22
1548.14
1580.19
1522.42
1549.13
1581.14
1609.52
1633.79
1689.33
1723.17
1592.01
1623.92
1860.91
1896.69
1912.71
1946.13
2103.21
2051.52
2137.02
2167.07
2186.2
2045.06
2070.1
2091.68
2123.89
2153.63
2299.53
2333.3
2199.03
2221.25
2239.03
2254.11
2274.42
2291.06
2317.14
2335.12
2352.37
2381.86
2335.08
2355.05
2413.62
2461.12
2475.13
2494.09
2519.22
2536.64
2548.59
2561.97
2609.09
2621.89
2636.75
2653.54
2675.05
2693.16
2708.76
2724.86
2738.17
2781.17
2795.83
2813.56
2830.17
2839.4
2857.09
2869.53
2881.96
2903.94
2926.36
2941.79
2953.34
2967.96
2944.86
2955.62
2976.85
2990.14
3000.46
3012.86
3019.45
3032.1
3041.91
3057.79
3069.09
3078.82
3088.15
3100.35
3108.83
3120.06
968.985
920.509
997.364
1089.81
1132.73
1046.2
1196.85
1039.12
1376.07
1447.11
1478.38
1480.02
1508.85
1337.1
1421.56
1654.18
1614.42
1734.82
1809.16
1672.21
1779.6
1809.83
1840.94
1867.36
1757.88
1786.65
1839.31
1809.56
1841.13
1867.85
1960.3
2144.73
2098.91
2114.18
2143.74
2196.72
2069.87
2093.6
2203.98
2225.02
2247.23
2181.08
2251.08
2268.6
2278.54
2298.44
2314.77
2340.36
2357.94
2374.84
2405.47
2350.02
2369.71
2440.29
2496.25
2509.88
2528.49
2553.22
2570.27
2581.95
2595.08
2632.02
2644.64
2659.16
2675.57
2696.73
2714.55
2730.03
2745.8
2758.9
2794.28
2808.74
2826.24
2842.62
2851.79
2869.29
2881.57
2893.86
2915.66
2937.91
2953.2
2964.57
2979.05
2959.46
2969.96
2990.87
3003.97
3014.24
3026.43
3032.94
3045.45
3055.15
3070.8
3081.98
3091.62
3100.86
3112.85
3121.18
3132.26
1083.31
1184.23
1221.59
1212.6
1144.84
997.519
1386.08
1417.39
1430.6
1302.51
1226.7
1421.62
1493.07
1584.37
1615.13
1649.13
1681.74
1634.53
1685.51
1786.78
1818.78
1849.59
1880
1905.84
1802.03
1882.05
1980.12
2013.07
2046.74
2074.45
2096.08
2120.48
2251.04
2273.48
2290.72
2309.75
2224.18
2248.61
2350.45
2368.3
2395.97
2414.98
2235.09
2259.27
2273.14
2286.81
2299.69
2317.1
2535.32
2554.77
2578.6
2589.43
2609.31
2624.13
2555.37
2570.36
2589.34
2621.8
2634.63
2652.5
2664.69
2680.88
2698.51
2714.98
2731.24
2747.24
2773.35
2788.3
2804.29
2815.33
2833.32
2841.97
2855.29
2869.3
2883.63
2898.66
2909.68
2923.15
2942.58
2965.78
2981.17
2994.58
3005.42
3014.32
3022.11
3039.48
3051.3
2955.99
2968.86
2976.92
2992.01
3002.98
3009.89
3019.01
3030.4
3042.37
3053.92
3061.5
3075.7
1055.27
852.428
866.417
1011.79
1194.83
1156.57
1314.9
1347.85
1470.39
1287.99
1270.32
1514.43
1514.44
1714.51
1750.92
1773.55
1805.15
1473.8
1725.58
1815.89
1847.38
1889.63
1919.58
1944.93
1832.13
1913.04
2010.74
2042.76
2075.72
2102.87
2124.1
2148.14
2278.96
2301.12
2318.08
2336.8
2250.35
2274.4
2147.38
2167.87
2188.27
2207.18
2448.58
2468.46
2481.93
2494.66
2513.63
2529.44
2473.97
2495.2
2511.6
2529.16
2546.97
2564.13
2579.62
2594.34
2613.04
2645.01
2657.58
2675.14
2687.12
2702.99
2720.36
2736.62
2752.57
2768.34
2794.1
2808.86
2824.57
2835.49
2853.22
2861.73
2874.83
2888.62
2902.71
2917.51
2928.33
2941.59
2960.77
2983.64
2998.8
3012
3022.71
3031.49
3039.17
3056.28
3067.93
2972.27
2984.91
2992.82
3007.69
3018.49
3025.33
3034.32
3045.55
3057.35
3068.81
3076.33
3090.43
939.642
1026.82
937.944
1063.65
1220.6
1311.72
1302.78
1350.26
1404.99
1374.78
1596.08
1335.44
1645.48
1681.18
1719.49
1515.12
1595.79
1643.12
1610.7
1640.67
1669.3
1841.23
1863.42
1902.25
1955.26
1863.94
2018.75
2037.18
1937.69
1973.06
2003.95
2084.33
2109.61
2138.39
2156.84
2188.14
2204.69
2117.28
2148.25
2414.03
2439.83
2458.18
2310.77
2256.38
2294.29
2350.08
2365.93
2388.27
2414.87
2431.46
2452.55
2466.19
2483.4
2491.75
2742.09
2762.55
2778.44
2792.68
2803.96
2820.75
2832.86
2659.23
2669.5
2692.72
2706.65
2727.71
2745.24
2763.42
2780.91
2798.72
2811.06
2827.22
2760.56
2777.86
2787.63
2950.43
2959.32
2974.66
2997.34
3008.75
3025.6
3034.59
3048.32
2974.82
2987.39
2998.53
3012.19
3044.78
3058.64
3225.32
3238.11
3246.01
3258.79
3272.89
3283.06
3295.28
3305.39
3308.85
3323.06
1045.97
1033.83
1272.39
1123.91
1201.19
1253.56
1322.11
1237.97
1429.82
1545.51
1507.37
1545.3
1731.79
1711.15
1748.77
1542.6
1617.55
1660.96
1735.76
1935.14
1959.86
1867.56
1889.39
1927.82
1980.44
1879.85
2002.32
2022.55
1902.2
1928.18
2016.74
2098.43
2123.4
2151.77
2170.05
2266.41
2110.51
2226.94
2204.94
2225.84
2252.38
2266.1
2289.2
2432.72
2308.26
2360.48
2376.07
2398
2424.38
2440.82
2461.79
2475.33
2492.39
2500.62
2753.66
2773.86
2789.57
2803.66
2814.79
2831.36
2843.34
2667.72
2677.88
2700.89
2714.68
2735.6
2753.03
2771.07
2788.36
2806.05
2818.28
2834.31
2773.9
2790.95
2800.61
2958.2
2967
2982.22
3004.74
3016.08
3032.79
3043.55
3057.13
2982.4
2994.89
3005.9
3019.46
3050.51
3064.27
3233.05
3245.7
3253.51
3266.19
3280.16
3290.23
3302.28
3312.28
3315.7
3329.76
1245.82
1161.25
1272.66
1153.38
1385.64
1431.44
1436.4
1470.91
1559.95
1460.15
1632.4
1649.57
1772.54
1747.1
1784.12
1800.66
1826.5
1851.57
1830.21
1868.43
1897.41
1998.44
2025.73
2050.66
2074.65
1966.38
1966.13
1985.63
1925.02
1950.76
2038.18
2129.92
2154.36
2182.23
2200.1
2286.08
2140.15
2250.39
2227.53
2248.08
2274.19
2287.75
2310.55
2464.71
2332.01
2390.28
2405.63
2427.14
2453
2469.22
2489.74
2502.86
2519.59
2529.27
2598.92
2613.15
2631.39
2661.28
2670.19
2693.21
2705.69
2667.86
2679.31
2697.12
2686.84
2753.14
2767.32
2782.94
2799.66
2818.95
2831.03
2843.42
2787.9
2804.77
2814.27
2936.25
2946.72
2960.78
2979.66
3121.53
3133.24
3057.22
3070.69
2999.75
3012
3022.8
3036.21
3065.74
3079.39
3248.33
3260.85
3268.53
3281.07
3294.84
3304.69
3316.57
3326.41
3329.81
3343.71
923.999
1365.99
1184.24
1205.11
1411.72
1335.17
1469.03
1502.7
1484.59
1491.72
1473.7
1485.12
1677.58
1776.97
1813.29
1831.29
1856.46
1881.03
1855.09
1892.68
1921.15
2021.91
2048.95
2073.61
2097.28
1992.95
1994.5
2013.67
1996.05
2022.31
2063.81
2106.26
2133.5
2159.18
2176.94
2307.11
2157.58
2269.03
2245.1
2265.38
2291.19
2304.59
2327.07
2493.18
2391.96
2412.71
2427.69
2448.81
2474.34
2490.3
2510.43
2523.32
2539.74
2548.94
2618.14
2632.16
2650.25
2679.57
2691.18
2713.79
2726.14
2687.08
2698.35
2715.79
2704.29
2771.33
2785.23
2800.61
2817.08
2836.18
2848.08
2860.29
2795.13
2811.88
2821.25
2949.82
2960.12
2974.05
2992.76
3132.66
3144.24
3072.44
3085.78
3008.69
3020.86
3031.6
3044.96
3079.56
3093.04
3258.43
3270.83
3278.43
3290.85
3304.46
3314.22
3325.99
3335.77
3339.14
3352.95
1135.9
1187.41
1374.82
1268.76
1301.79
1419.14
1338.83
1665.36
1689.68
1664.84
1691.98
1564.96
1666.13
1751.8
1780.36
1569.67
1597.05
1620.44
1871.68
1908.86
1936.93
2039.64
2066.42
2090.89
2114.15
2058.14
2098.32
2125.68
2019.51
2045.41
2086.02
2125.54
2150.9
2176.24
2193.68
2205.55
2226.44
2481.57
2505.72
2530.9
2559.91
2574.79
2594.44
2610.02
2620.07
2645.11
2660.77
2686.65
2705.49
2723.81
2735.98
2752.41
2546.8
2562.18
2630.86
2644.71
2662.67
2691.68
2703.29
2725.73
2738.04
2700.36
2711.52
2728.86
2717.67
2785.48
2799.19
2814.45
2830.76
2849.73
2861.51
2873.62
2809.28
2825.89
2835.13
2957.45
2967.66
2981.53
3000.15
3139.51
3151
3084.21
3097.44
2987.93
3000.31
3011.1
3024.54
3094.61
3107.95
3265.52
3277.85
3285.36
3297.67
3311.14
3320.82
3332.53
3342.19
3345.54
3359.25
1383.1
1418.99
1312.69
1354.83
1377.52
1388.61
1485.56
1757.07
1792.57
1375.14
1581.13
1707.83
1743.24
1789.87
1817.82
1696.52
1721.14
1743.32
1894.66
1931.15
1958.77
1977.08
2006.02
2029.51
2060.02
2013.09
2167.9
2188.94
2202.79
2083.02
2168.69
2181.72
2265.91
2292.36
2309.25
2229.91
2250.52
2494.97
2518.77
2543.72
2572.48
2587.12
2606.52
2621.87
2631.83
2656.66
2672.18
2697.82
2716.38
2734.59
2746.65
2762.93
2563.22
2578.51
2702.4
2715.02
2728.27
2742.61
2775.13
2788.78
2803.79
2815.47
2826.35
2837.04
2849.86
2863.42
2877.17
2892.97
2902.77
2830.22
2840.79
2853.95
2883.12
2896.53
2903.54
2967.85
2977.96
2991.73
3010.2
3147.74
3159.13
3096.02
3109.13
3004.31
3016.51
3027.08
3040.34
3139.93
3151.32
3273.9
3286.17
3293.61
3305.84
3319.19
3328.78
3340.41
3349.97
3353.3
3366.91
1347.58
1450.26
1352.34
1393.36
1269.92
1360.99
1517.87
1782.09
1816.73
1603.12
1641.02
1668.76
1703.16
1818.44
1845.94
1755.63
1779.06
1804.38
2008.27
1882.88
1905.61
2066.78
2099.61
1930.94
1965.7
2016.39
2045.33
2064.54
2099.12
2278.29
2297.98
2319.56
2205.27
2261.83
2286.33
2248.28
2268.72
2508.25
2531.73
2556.49
2584.84
2599.23
2618.36
2633.51
2643.34
2667.89
2683.3
2708.54
2726.8
2744.81
2756.76
2772.85
2573.55
2588.71
2714.18
2726.69
2739.79
2754.01
2662.06
2673.13
2687.24
2703.65
2715.63
2730.38
2746.87
2761.89
2778.2
2784.85
2800.02
2815.01
2824.27
2834.32
2890.25
2903.55
2910.49
3110.09
3118.97
3133.09
3146.45
3159.84
3172.18
3106.16
3119.09
3014.84
3026.95
3037.37
3050.56
3148.66
3159.92
3279.53
3291.71
3299.09
3311.22
3324.43
3333.93
3345.51
3355
3358.27
3371.75
1460.79
1499.55
1473.79
1503.68
1386.05
1412.41
1401.05
1808.53
1842.39
1632.45
1669.79
1713.89
1747.6
1793.85
1891.21
1742.54
1765.66
1789.99
1878.81
1907.61
1921.2
2093.43
2119.38
2064.39
2150.62
2168.66
2186.77
2207.11
2106.37
2301.09
2320.31
2341.36
2230.82
2282.17
2306.24
2265.9
2286.11
2527.56
2550.83
2575.32
2603.34
2617.57
2636.42
2651.32
2661.01
2685.41
2700.73
2725.71
2743.73
2761.38
2773.09
2789.01
2622.8
2640.05
2729.34
2741.7
2754.65
2768.69
2722.56
2731.33
2744.18
2760.38
2771.75
2787.56
2805.47
2821.61
2835.52
2846.77
2855.32
2873.15
2886.66
2899.12
2901.94
2915.1
2921.95
2960.89
3003.68
3017.98
3038.82
3059.62
3075.39
3117.51
3130.24
3027.17
3039.03
3049.31
3062.36
3159.25
3170.44
3289.99
3302.06
3309.32
3321.28
3334.42
3343.88
3355.31
3364.66
3367.87
3381.23
1493.5
1530.54
1367.61
1391.27
1414.44
1449.63
1417.16
1835.98
1869.19
1669.78
1706.28
1739.76
1772.78
1823.32
1935.42
1766.65
1789.32
1813.19
1903.66
1931.91
1940.02
2048.02
2074.55
2085.2
2173.63
2187.68
2205.38
2225.2
2131.05
2320.83
2339.39
2359.96
2244.99
2303.75
2327.51
2289.12
2308.95
2542.8
2565.76
2589.98
2617.69
2631.75
2650.34
2665.04
2674.64
2698.67
2713.84
2738.25
2756.04
2773.45
2785.08
2800.81
2637.07
2654.11
2750.03
2762.18
2774.97
2788.81
2736.22
2744.9
2757.56
2773.6
2784.81
2800.49
2818.21
2834.24
2848.02
2859.16
2867.6
2885.21
2898.56
2910.83
2906.87
2920
2926.81
2977.4
3015.02
3029.19
3049.81
3070.37
3085.99
3126.31
3138.86
3034.16
3045.9
3056.13
3069.11
3171.73
3182.74
3297.54
3309.53
3316.74
3328.63
3341.68
3351.07
3362.39
3371.65
3374.82
3388.11
1377.66
1407.23
1624.47
1652.59
1681.32
1715.46
1737.89
1862.71
1895.14
1812.7
1842.55
1668.33
1692.54
1749.16
1777.25
1943.4
1974.62
1994.08
1930.29
1957.94
1970.19
2064.28
2090.3
2107.18
2196.08
2207.65
2224.8
2244.11
2150.42
2338.32
2356.43
2376.62
2262.42
2223.92
2243.51
2283.57
2304.17
2564.27
2586.9
2610.58
2637.81
2651.69
2669.97
2684.31
2693.69
2717.37
2732.36
2756.39
2773.85
2790.96
2802.48
2817.95
2655.79
2672.55
2760.24
2772.16
2784.89
2798.57
2746.93
2755.51
2768.03
2783.85
2794.82
2810.38
2827.93
2843.87
2857.5
2868.51
2876.74
2894.24
2907.47
2919.58
2918.53
2931.58
2938.31
2985.36
3025.82
3039.83
3060.24
3080.61
3096.13
3133.94
3146.36
3043.9
3055.54
3065.66
3078.5
3178.42
3189.36
3307.06
3318.95
3326.06
3337.83
3350.78
3360.04
3371.28
3380.48
3383.62
3396.85
1352.51
1462.09
1610.49
1637.31
1668.95
1697.44
1721.56
1894.3
1925.99
1832.18
1945.33
1974.58
1996.34
1770.89
1798.67
1966.9
1997.56
2016.66
1959.06
1986.28
1992.01
2096.77
2122.2
2136.64
2220.68
2235.68
2252.42
2271.29
2165.32
2284.84
2304.66
2324.89
2281.89
2284.19
2304.87
2299.09
2319.4
2581.58
2603.76
2627.08
2653.9
2667.62
2685.68
2699.81
2709.11
2732.57
2747.45
2771.24
2788.52
2805.47
2816.76
2831.93
2669.82
2686.26
2769.72
2781.49
2794.03
2807.55
2816.92
2829.4
2841.19
2854.75
2865.32
2875.39
2892.05
2906.27
2925.49
2939.35
2950.45
2963.01
2974.5
2982.99
2930.21
2943.17
2949.82
2991.92
3035.48
3049.33
3069.56
3089.77
3105.19
3147.5
3159.75
3054.05
3065.6
3075.66
3088.44
3190.15
3200.85
3315.82
3327.62
3334.56
3346.22
3359.05
3368.24
3379.37
3388.46
3391.59
3404.69
1651.96
1667.88
1698.89
1679.28
1536.59
1570.31
1528.75
1917.24
1948.43
1630.46
1637.06
1814.14
1834
1793
1820.42
1993.16
2023.43
2042.23
2072.83
2086.21
2102.69
2271.47
2299.57
2325.55
2346.04
2260.85
2277.16
2295.64
2187.96
2306.48
2326.02
2346.05
2304.59
2306.39
2326.75
2559.64
2575.94
2603.29
2625.08
2648.13
2675.94
2689.49
2707.32
2721.36
2730.63
2753.9
2768.66
2791.92
2808.82
2825.63
2836.86
2851.77
2685.94
2702.14
2787.9
2799.42
2811.78
2825.18
2831.28
2843.63
2855.29
2868.67
2879.18
2889.08
2905.53
2919.6
2938.58
2952.27
2963.21
2975.6
2986.98
2995.43
2944.37
2957.14
2963.71
3005.13
3047.95
3061.65
3081.69
3101.74
3117.02
3162.43
3174.51
3065.12
3076.55
3086.48
3099.2
3204.32
3214.87
3326.66
3338.35
3345.21
3356.78
3369.41
3378.51
3389.51
3398.52
3401.6
3414.58
1691.16
1706.64
1749.53
1714.11
1578.09
1610.78
1790.65
1950.78
1981.21
1868.88
1889.91
1922.86
1875.56
1958.01
1992.2
1895.43
1922.81
1947.58
2110.02
2122.97
2139.1
2289.68
2317.33
2342.97
2363.23
2284.56
2300.43
2318.51
2222.14
2331.59
2350.77
2370.47
2331.67
2386.84
2401.88
2573.71
2589.87
2616.81
2638.28
2661.13
2688.72
2702.14
2719.83
2733.68
2742.89
2765.92
2780.5
2803.5
2820.2
2836.72
2847.85
2862.6
2703.91
2719.86
2805.04
2816.43
2828.68
2841.84
2852.25
2864.34
2875.83
2889.04
2899.37
2909.09
2925.14
2938.82
2957.57
2971.15
2981.88
2994.03
3005.22
3013.5
2964.8
2977.4
2983.9
3019.2
3060.76
3074.26
3094.12
3113.95
3129.07
3175.33
3187.23
3082.59
3093.81
3103.64
3116.13
3215.13
3225.52
3333.51
3345.09
3351.89
3363.4
3375.95
3384.98
3395.9
3404.84
3407.9
3420.81
1675.34
1705.38
1651.8
1677.05
1703.54
1724.63
1750.51
1983.24
2012.93
1969.33
1990.14
1945.41
1961.61
1954.94
1983.86
1925.25
1951.96
1976.28
2248.37
2272.43
2293.94
2313.08
2340.29
2365.53
2385.48
2302.78
2318.27
2335.87
2241.27
2352.99
2371.79
2391.23
2353.85
2415.56
2430.2
2590.51
2606.43
2632.94
2654.14
2676.71
2703.97
2717.28
2734.78
2748.44
2757.51
2780.29
2794.77
2817.43
2833.86
2850.12
2861.05
2875.65
2719.9
2735.67
2821.07
2832.32
2844.42
2857.39
2863.17
2875.1
2886.46
2899.54
2909.76
2919.39
2935.28
2948.78
2967.37
2980.86
2991.47
3003.44
3014.53
3022.75
2977.62
2990.1
2996.52
3033.17
3073.62
3086.99
3106.66
3126.24
3141.19
3181.97
3193.75
3091.83
3102.93
3112.73
3125.14
3227.11
3237.2
3342.17
3353.62
3360.32
3371.75
3384.09
3393.01
3403.82
3412.67
3415.68
3428.45
1705.39
1734.78
1681.47
1706.29
1732.29
1752.9
1778.33
1994.74
2026.07
1996.47
2016.88
1969.23
1985.27
1980.85
2009.41
1942.85
1969.24
1993.27
2275.53
2299.02
2320.27
2339.23
2366.16
2391.09
2410.7
2315.02
2330.19
2347.45
2257.95
2363.18
2381.78
2401.12
2367.97
2431.5
2445.87
2610.53
2626.25
2652.44
2673.46
2695.78
2722.84
2736.04
2753.37
2766.82
2775.75
2798.27
2812.57
2834.83
2851.04
2867.06
2877.79
2892.14
2731.93
2747.51
2830.83
2841.95
2853.93
2866.79
2871.22
2883.06
2894.29
2907.29
2917.48
2927.04
2942.82
2956.23
2974.72
2988.12
2998.65
3010.52
3021.52
3029.67
2985.77
2998.16
3004.49
3040.43
3080.97
3094.25
3113.71
3133.1
3147.97
3189.08
3200.8
3099.87
3110.88
3120.64
3133.01
3232.96
3242.98
3353.27
3364.6
3371.17
3382.45
3394.5
3403.29
3414.01
3422.73
3425.72
3438.36
1660.38
1705.95
1744.92
1718.27
1752.92
1864.2
1892.8
1947.02
1968.68
1976.68
2005.06
2024.5
2040.82
2105.62
2134.8
1953.65
1972.15
1996.79
2301.28
2324.2
2345.13
2363.78
2390.46
2415.1
2434.36
2359.62
2385.43
2401.49
2421.65
2389.5
2407.88
2426.92
2392.16
2395.51
2412.64
2470.42
2477.56
2621.86
2641.73
2654.74
2672.95
2686.63
2705.86
2725.78
2737.36
2607.42
2623.37
2648.98
2654.96
2667.01
2679.43
2690.83
2712.55
2724.54
2848.75
2859.63
2871.46
2884.09
2885.84
2897.47
2908.53
2921.36
2931.39
2940.8
2956.36
2969.62
2987.87
3001.15
3011.55
3023.32
3034.16
3042.21
2998.11
3010.39
3016.57
3056.32
3094.73
3107.87
3127.03
3146.2
3160.92
3202.9
3214.44
3113.08
3123.99
3133.67
3145.9
3244.42
3254.32
3365.02
3376.28
3382.76
3393.98
3405.89
3414.59
3425.22
3433.86
3436.81
3449.35
